"shannonDiversity"	"simpsonDiversity"	"invSimpsonDiversity"	"richness"	"evenness"
"ST00070"	1.6612412668797	0.7233804	3.61507282925722	25	0.516093616922212
"SW00012"	1.66170671743817	0.728211755573759	3.67933499887404	25	0.516238217268356
"SW00053"	1.66824922998492	0.72195754	3.5965729838529	27	0.506168629640762
"SW00097"	1.94036525902324	0.78965334	4.75405694580556	27	0.588732190915631
"ST00069"	2.13267121877236	0.83847694	6.19106646444167	37	0.590617474660519
"SW00177"	1.85007402064371	0.77277498	4.40092380671812	35	0.520363685537069
"SW00017"	2.18464094549715	0.83563336	6.08395961613622	34	0.619517184997682
"SW00049"	2.06637599858296	0.81679542	5.45837882437219	33	0.590982848530232
"SW00046"	1.89142698838482	0.78590632	4.67085249784113	28	0.567620319403916
"SW00169"	1.92525247098355	0.77476104	4.4397292546547	46	0.50285526159463
"SW00099"	1.88792548076128	0.77081322	4.36325341278411	39	0.515325157079251
"SW00047"	1.80290625146231	0.76028574	4.17163334379857	47	0.468269385480582
"SW00066"	2.28072996460912	0.86553524	7.43689275911399	39	0.622544448520086
"SW00144"	1.99750597633857	0.79128984	4.79133358912666	32	0.576358393241945
"SW00075"	2.3291787035604	0.86444376	7.37701193246434	39	0.635768939775054
"SW00174"	1.94021502966012	0.80112318	5.02823808224608	30	0.57045058311551
"SW00062"	2.01929778808566	0.77219888	4.38979404491075	30	0.593702029459647
"ST00045"	0.861541319732032	0.36791854	1.58207456361716	17	0.304086284761949
"SW00179"	1.81346549092365	0.7563755	4.10467748522829	31	0.528093258051479
"SW00105"	2.15711926443917	0.8288523	5.84290644864056	34	0.611712628184542
"SW00014"	1.54731848421873	0.66805798	3.01257430439207	26	0.474914867058652
"SW00054"	2.19451022681784	0.84351046	6.39020346024405	49	0.563877583937576
"SW00093"	1.74547839095616	0.77409824	4.42670300576675	30	0.513195264810874
"ST00054"	2.05451148886822	0.83090908	5.91397811307668	31	0.59828746192904
"SW00120"	1.978859720423	0.80200682	5.0506790183379	40	0.536439248025881
"SW00091"	2.42956375762432	0.87127354	7.76841062824224	36	0.677982675506956
"SW00024A"	2.51553621135033	0.86388402	7.34667597441535	30	0.739603124744556
"SW00011"	1.69113267442018	0.7363394	3.79275477640573	30	0.497216857668438
"ST00150"	2.19054278289976	0.85244814	6.77727817189156	37	0.606644303718235
"ST00172"	1.71180959237076	0.7332479	3.74879897852725	24	0.538634549240264
"SW00036"	1.80583711466489	0.67026938	3.03277869674342	39	0.492918446335593
"ST00141"	1.76473072419234	0.74388636	3.90451676060674	24	0.555286605702058
"ST00193"	1.63317980787238	0.765486629671068	4.26414919796421	20	0.545168813077829
"ST00100"	1.84881524850977	0.78699962	4.69482730500293	28	0.554832466874179
"SW00072"	1.47512167773448	0.68057102	3.13058633565433	29	0.438073086599109
"ST00065"	1.9809862729518	0.82854886	5.83256547608841	26	0.608019513797088
"SW00262"	1.61720996915078	0.7272192	3.66594716343672	22	0.523192416006365
"ST00050"	1.95341738144489	0.80112882	5.02838068341526	28	0.586223737312626
"ST00060"	1.42209059122217	0.6559642	2.9066742472731	22	0.460068282037705
"SW00020"	1.71818582218715	0.73411496	3.76102393726251	31	0.500347182407382
"SW00085"	2.0203343637161	0.80912182	5.2389434978896	26	0.620096531867338
"ST00067"	1.70294706147315	0.74728858	3.95708274679474	29	0.505731348670958
"ST00059"	1.64813393467112	0.66800742	3.01211551173824	23	0.525637689362704
"ST00205"	1.4876626566793	0.72415904	3.62527740622712	22	0.481281858507962
"SW00055"	1.87148065961264	0.780488	4.55555960494187	28	0.56163439365678
"ST00162"	2.21066243891539	0.84308212	6.37276007042665	38	0.607727856288544
"ST00151"	1.5672601447559	0.72717962	3.6654153183131	17	0.553174065780766
"SW00001"	1.60621132872391	0.69619192	3.29155169276604	22	0.519634185864646
"ST00132"	1.6874032294315	0.74776996	3.96463482303694	32	0.48688165421617
"ST00143"	1.92699247325726	0.81134902	5.30079409075956	27	0.584674712857809
"ST00051"	1.74218401859682	0.77395818	4.42396013268695	23	0.555632987535446
"ST00062"	1.79644531231984	0.7775776	4.49595004819659	29	0.533497917326454
"ST00005"	1.47108894867394	0.70568048	3.39766794944488	20	0.49106155501964
"SW00124"	1.7660101954402	0.75810438	4.13401449765812	26	0.542037405838389
"ST00105"	1.50222802348925	0.6764433	3.09064840876421	22	0.485993979751761
"ST00044"	1.54061242276426	0.70959612	3.44348016286835	20	0.514269060811817
"SW00030"	1.73540605082456	0.77031596	4.35380708211158	23	0.553471297127016
"ST00138"	1.72705531892809	0.7695989	4.3402570560644	21	0.56726641181187
"ST00101"	1.27420822642594	0.58169626	2.390607361053	24	0.400939787192477
"ST00183"	1.80617822006608	0.75449204	4.07318768808962	28	0.542037025203808
"ST00001"	1.37818393362163	0.68422996	3.16686155532678	17	0.48643845918378
"SW00248"	1.96418015969558	0.77475832	4.43967564084942	30	0.577496669345221
"ST00234"	2.06791922853551	0.8078826	5.20515060062233	38	0.568486666083822
"ST00076"	2.17220594920692	0.85191388	6.75282734127952	29	0.645089133500827
"SW00052"	1.64510932307907	0.74681926	3.94974752028926	20	0.549150983084144
"ST00030"	1.40033913693396	0.59490632	2.46856480209713	25	0.435039813004062
"ST00226"	1.91938521900507	0.80069326	5.01739178514485	29	0.570007898300037
"ST00223"	1.50548134942385	0.69640118	3.29382044370265	20	0.502542020431558
"ST00383"	2.31001324689382	0.85794398	7.03947639811393	33	0.660663020538406
"SW00265"	1.96356997524988	0.80061136	5.01533086338319	22	0.635245230332091
"ST00420"	2.25899401655169	0.85066794	6.69648567092693	36	0.630384282976592
"SW00035"	2.61811201417317	0.90902878	10.9924875141831	37	0.725054425913539
"ST00057"	2.10233457573967	0.83853598	6.19333025400953	33	0.601266989640921
"ST00253"	1.88642616242905	0.80177004	5.04464612715454	24	0.593579046526886
"SW00042"	1.73177808982719	0.70354192	3.3731581881661	27	0.525444116391202
"ST00178"	1.73647902732263	0.77890428	4.52292789747355	24	0.546396983820918
"SW00063"	2.12642906382135	0.84360276	6.39397472743125	28	0.638144824943395
"SW00123"	2.06231541053458	0.81320726	5.35352712316335	31	0.600560016018982
"ST00412"	1.80569069646607	0.77187574	4.38357586343513	23	0.575887108096922
"ST00228"	1.92054084723035	0.78174628	4.58182339343403	32	0.554150951224783
"ST00028"	1.81365406336182	0.74722326	3.95606019762736	24	0.570680724801712
"SW00101"	1.61253179435232	0.74003748	3.84670836395954	31	0.469580024132352
"ST00184"	1.22258533349775	0.53499524	2.15051562052827	18	0.422985496643395
"ST00023"	1.8117955832765	0.78220794	4.59153561429191	31	0.527606969795958
"ST00167"	1.63975173684743	0.7217797	3.59427403392204	26	0.503285190512858
"ST00116"	1.6617983452208	0.73954394	3.83941920952041	33	0.475273774189643
"ST00082"	1.68059883951304	0.7528704	4.04645983322111	24	0.528813836777913
"ST00411"	1.59034506477144	0.7296322	3.69866529963997	23	0.507207143515705
"ST00379"	1.94417068355343	0.79794068	4.94904169725999	27	0.589886806476083
"ST00092"	2.06154967380045	0.82919238	5.85453974477251	28	0.618674414342009
"ST00063"	1.55857054256281	0.73819592	3.81965017504693	18	0.539228401434859
"ST00243"	1.48820314068045	0.66780988	3.01032432873079	18	0.514882951168771
"SW00247"	1.34139648418372	0.5727263	2.34042020372422	27	0.406997232787784
"SW00002"	1.74178477353221	0.77024648	4.35249044280149	28	0.522712447034239
"SW00095"	1.96347705519049	0.81006016	5.26482490455926	26	0.6026454502735
"ST00163"	2.04748903449419	0.82379864	5.67532509397203	32	0.59078045526786
"ST00465"	1.6237359977138	0.72007882	3.57243421165915	25	0.504441949940794
"SW00069"	1.81074127153138	0.75860232	4.14254188358397	43	0.481426463850218
"ST00112"	1.82196912147648	0.78290226	4.60622022136205	29	0.541077830243326
"ST00093"	1.61124222184201	0.70415756	3.38017763779936	29	0.478497376884312
"SW00070"	1.74293775193976	0.76375922	4.23296943059534	26	0.534955834365234
"ST00046"	1.82240506182324	0.72939324	3.69539918367154	26	0.559346551139922
"SW00074"	1.9397363165223	0.79859814	4.96519744157278	28	0.582118027449734
"SW00043"	1.94764527628275	0.7923796	4.8164823880505	27	0.590941043342342
"ST00053"	1.7148220483367	0.74678942	3.94928205606575	26	0.526326346787147
"SW00013"	1.95899355371451	0.796326	4.90980684819859	30	0.575971734035959
"SW00009"	1.87892714841025	0.79421252	4.85938211595769	25	0.583721538399881
"SW00243"	1.70246976297712	0.75138726	4.02232001465412	22	0.550775276841455
"ST00021"	1.74274645805191	0.77470714	4.43866707537913	24	0.548369080916767
"ST00382"	1.91633999590918	0.79728474	4.9330277355538	24	0.602991672957085
"ST00248"	1.81944981378057	0.77097088	4.36625700696924	30	0.534943906399048
"SW00024B"	1.67795938547686	0.7606453	4.17789999527897	27	0.509114817782565
"ST00166"	1.98253020548046	0.82326408	5.65815936002144	24	0.623818950625957
"SW00004"	1.94242206065699	0.80304442	5.07728696998582	26	0.596183089724083
"SW00003"	1.95867706563127	0.81090382	5.28831412670526	31	0.570379838070751
"ST00110"	1.23773740891939	0.58146142	2.38926600267053	21	0.406545668241132
"ST00081"	1.57001587420096	0.66511978	2.98614232874071	26	0.481881324226928
"ST00085"	1.56719852665565	0.71559264	3.5160834093745	27	0.47550852495792
"SW00173"	1.44466434169976	0.67082308	3.03788005550328	22	0.467371239152727
"SW00086"	1.54637094869156	0.71453992	3.50311679307313	23	0.493182523136412
"SW00045"	2.41248320997716	0.87361546	7.91236016683686	39	0.65850760625956
"SW00061"	2.3197665607164	0.86103762	7.19619223562521	33	0.663452465048713
"SW00250"	1.43547388147842	0.69702088	3.30055747736016	19	0.487520336347673
"SW00019"	1.25831711703134	0.60425134	2.52685631329743	17	0.444130732220062
"SW00018"	1.71049387186984	0.7117315	3.46898811351223	24	0.538220547284616
"ST00387"	1.26234122138158	0.58118008	2.38766102624727	18	0.436740089897782
"SW00103"	1.8926733542563	0.78375644	4.6244151733351	36	0.528160555800416
"ST00094"	1.85357984433846	0.79062962	4.77622479359306	27	0.562400361333911
"ST00124"	1.77942519783356	0.7526251	4.04244731377355	25	0.552809519424819
"ST00266"	1.76175992656397	0.71248646	3.47809706631555	26	0.540732880688005
"SW00029"	2.39087295413204	0.8537199	6.83619986587376	33	0.6837888699229
"ST00003"	1.89120405757575	0.8045524	5.11646088260997	28	0.567553417505071
"ST00194"	1.81411635133172	0.7485397	3.97677088590127	25	0.563586932219108
"SW00007"	1.72605412873774	0.75344412	4.05587569033032	26	0.529773783126116
"ST00142"	1.51237285791818	0.60535492	2.53392237906526	24	0.475880189151044
"SW00137"	2.16125888730047	0.79388276	4.85160775488746	42	0.578237005413307
"ST00386"	1.57560971738516	0.64255574	2.79763899411897	34	0.446809027717511
"ST00075"	1.9475347564427	0.81101708	5.29148348432758	32	0.561939747015757
"ST00231"	1.9496076463765	0.80862908	5.22545431667466	31	0.567738762634325
"SW00156"	1.93920597621761	0.79951164	4.98782073931873	37	0.537039617939571
"ST00161"	2.03818403208593	0.8252467	5.72235259648888	38	0.560312235254173
"ST00152"	1.54665776905736	0.71375438	3.49350323683555	22	0.500367689022506
"ST00480"	1.3881808702686	0.6435963	2.80580701042105	29	0.41225390947435
"ST00088"	1.93962676246396	0.81797952772575	5.49388751444014	33	0.554732609143981
"SW00108"	1.80672549314165	0.75040508	4.00649179879142	28	0.54220126274502
"SW00082"	1.55924275990443	0.72858288	3.68436596777683	23	0.497287716871893
"ST00056"	1.97929121139231	0.82574384	5.73867804730691	28	0.593988515815388
"SW00022"	1.82781214385619	0.76802748	4.31085544098068	24	0.575135677817035
"SW00064"	1.22825086542713	0.44289722	1.79500091527097	41	0.330746473574476
"SW00005"	2.04024049072707	0.80864604	5.22591745684281	28	0.612279493799675
"ST00026"	2.02760939438374	0.8227999	5.64333767306	29	0.602147686677081
"ST00086"	2.2174188441933	0.8602759	7.15696146906654	29	0.658516197016823
"ST00019"	1.45021544650661	0.6146191	2.59483539531928	23	0.462515746047029
"SW00087"	1.75554883596095	0.69695382	3.29982710885846	33	0.502086383369539
"SW00068"	2.05923789719701	0.82320166	5.6561617037807	29	0.611540536135573
"ST00027"	1.77478457364382	0.75162032	4.02609424410242	30	0.521811695849444
"SW00153"	1.97503051556075	0.80110282	5.02772336943138	30	0.580686827000776
"ST00008"	1.8852173367531	0.7762643	4.46955939530437	23	0.601250459074584
"SW00032"	1.776375809441	0.77200134	4.3859906895944	30	0.52227954161628
"SW00259"	2.05231452965799	0.80930888	5.2440826819833	29	0.609484474569089
"SW00159"	1.72561343682487	0.74739438	3.95874011037443	25	0.536091955922385
"ST00083"	1.74868056404042	0.77257654	4.39708374852797	24	0.550236294722852
"ST00041"	1.14437796915609	0.51393712	2.05734698358369	23	0.364975308626737
"ST00078"	1.91810441387789	0.78899612	4.73924934460921	38	0.527301438276356
"ST00077"	1.9071637492907	0.78675004	4.68933264981621	27	0.578658418735035
"SW00244"	2.0352775237762	0.809723	5.25549593487389	29	0.604424923302441
"ST00031"	1.94003497269477	0.80353034	5.0898444065104	24	0.610447486499108
"ST00139"	2.04999766827498	0.83207198	5.95493235732786	31	0.59697300723703
"ST00035"	1.94811052075694	0.7878434	4.71349936791973	29	0.578538571933184
"SW00302"	1.63567705598016	0.71006156	3.44900800321613	30	0.480912123712387
"SW00073"	2.11718420299112	0.83929444	6.22256006575006	32	0.610890230060747
"ST00207"	1.86208186641602	0.76670668	4.28644935054291	27	0.564979986000791
"SW00155"	1.96324814080018	0.80652398	5.16859918867465	32	0.56647367135338
"SW00240"	0.967949100380713	0.3942418	1.65082371150733	21	0.317931340688199
"ST00159"	1.95315704534097	0.80575418	5.14811592856927	24	0.614576451377205
"SW00026"	2.12588958597651	0.80192206	5.04851777032818	28	0.637982926763621
"ST00064"	1.63067345493116	0.69041104	3.23008934168712	23	0.520069036213461
"SW00056"	1.80347492466908	0.76630096	4.27900773576134	24	0.567477777577991
"ST00131"	1.48749144530331	0.59420264	2.46428414418467	21	0.48857956403028
"SW00094"	2.36464928458513	0.86263354	7.27979741197378	32	0.68229355926252
"SW00268"	1.62126387554902	0.7129502	3.48371606599273	26	0.497610754202376
"SW00048"	1.41171802789283	0.65531974	2.90123954298978	29	0.419243838133015
"ST00425"	1.40550287870499	0.59616576	2.47626352832291	24	0.442252697321717
"SW00028"	1.9608560117967	0.78825452	4.72265098645789	35	0.5515229389314
"SW00079"	2.1397832167309	0.80481478	5.12333874460372	30	0.629126444783159
"SW00023"	1.83681374832421	0.77575418	4.45939192980275	27	0.557313308577392
"SW00041"	2.11328019933696	0.84612768	6.49889466799487	27	0.641196844763429
"SW00288"	2.35620042736929	0.86866384	7.61404932198414	34	0.668167764164092
"SW00027"	1.91668023705532	0.78390738	4.62764531245907	27	0.581545845556058
"SW00131"	2.38938768000009	0.8798147	8.32048511756429	39	0.652203486878499
"ST00009"	1.52866618758739	0.67032378	3.0332791367239	23	0.487535961578676
"SW00057"	1.98595854755022	0.80940758	5.24679837739612	27	0.60256579081169
"ST00016"	1.16713410730594	0.5251935	2.10612112513203	19	0.39638590426362
"SW00147"	1.81276491325089	0.7675369	4.30175799944163	25	0.563167084373352
"SW00168"	1.77894960875201	0.73994632	3.84535992722733	26	0.546008869900553
"SW00133"	1.95096970614165	0.78477584	4.64631851740065	28	0.585489185968082
"SW00060"	2.26654978853619	0.83703968	6.13646315863886	35	0.637504331316209
"ST00015"	1.09596355256864	0.51483466	2.06115300816831	18	0.379177366916418
"ST00127"	1.68839055618487	0.68137504	3.13848607466283	28	0.506688755455796
"SW00089"	1.37112329665316	0.58271406	2.39643827922887	19	0.465665380180952
"SW00078"	2.20919305661428	0.8607666	7.18218473440999	38	0.607323911959367
"SW00050"	1.49645101213474	0.71455566	3.50330996228547	24	0.470870253311885
"ST00222"	1.7420446032889	0.70215532	3.35745463037983	23	0.55558852395225
"SW00006"	1.74004999288885	0.77406624	4.42607603219634	24	0.547520616634218
"SW00110"	2.18643705889665	0.82963268	5.86967031001016	33	0.625320271859966
"ST00109"	2.06084499895081	0.8357116	6.08685701485923	29	0.612017803900256
"SW00021"	2.33457741959428	0.86501364	7.40815590553001	29	0.693309271732047
"ST00006"	1.60514436970853	0.7260475	3.65026783840264	19	0.545144382704423
"ST00111"	2.06059247460005	0.81879902	5.51873394945215	29	0.611942810682104
"ST00042"	1.93937133804706	0.81249076	5.33307051961813	30	0.570202525882017
"ST00123"	2.32063806982752	0.866846240579654	7.51011465506693	32	0.669594607007659
"SW00098"	1.50068863847113	0.66572918	2.99158628324183	24	0.472203656256769
"ST00047"	2.10360390046386	0.85561756	6.92605000995966	25	0.653521295917027
"SW00040"	2.49819636825091	0.89072972	9.15161926921026	32	0.72082710232848
"SW00076"	1.41269454475244	0.62000188	2.63159196682342	37	0.391228651253925
"SW00025"	1.78913839090489	0.76596842	4.27292761088055	24	0.562966672817182
"ST00232"	1.91619856409912	0.79041394	4.77130969492914	32	0.55289803315687
"SW00039"	2.18061662037515	0.84505572	6.45393298803931	30	0.64113204136053
"ST00095"	1.77200996112293	0.77211166	4.38811393334121	29	0.526241248346169
"ST00018"	1.82930022895664	0.78548034	4.66157740507327	26	0.561462868766776
"SW00142"	2.33404179616498	0.85877022	7.08065961725636	35	0.656487566279854
