Gordonibacter	0.691996155200109	0.689	0.348267316417932	0.348	9.637143e-06	9.889572e-05	5.7822858e-05	0.000488661204705882
Veillonella	1.35297769261755	0.952	1.05535765143517	1.055	0.0142493	0.01271111	0.0427479	0.0485333290909091
Enterococcus	0.362873310494307	0.737	0.467850985796598	0.468	0.2775955	0.1009384	0.496128127659574	0.217405784615385
Anoxybacillus	1.30462586811355	0.689	2.88915064671521	2.889	3.752449e-35	3.041776e-28	3.15205716e-33	2.55509184e-26
Coxiella	0.395307730026021	0.887	0.436354841233688	0.436	0.7279791	0.6377812	0.810066815384615	0.850374933333333
Roseburia	3.17572233155797	0.507	3.03910137288633	3.039	0.03525367	0.02130613	0.09254088375	0.0662857377777778
Rhizobium	0.330762225937483	0.511	0.309800168690847	0.31	0.7425045	0.9548576	0.810066815384615	0.978013214457831
Paludibacter	2.15523984066554	1.11	2.06433489011482	2.064	0.5151708	0.467221	0.736639292307692	0.676664896551724
Ruminococcus	2.47064221212317	1.15	2.42290556911573	2.423	0.7401033	0.6285882	0.810066815384615	0.850374933333333
Olsenella	2.23911693628964	1.097	2.16125313516305	2.161	0.5592296	0.356695	0.736639292307692	0.571784988679245
Faecalibacterium	3.55922371895093	0.714	3.62089694722897	3.621	0.5250126	0.05839488	0.736639292307692	0.144269703529412
Acidaminococcus	2.96214892130582	0.927	2.6725195562763	2.673	0.01240472	0.000350313	0.0416798592	0.00154875221052632
Clostridium	2.78490803253924	0.517	3.01676206832587	3.017	0.0005206864	0.0006489921	0.00230198197894737	0.00272576682
Eggerthella	1.5176708478884	0.804	1.61113894710764	1.611	0.346789	0.1190751	0.574981317647059	0.2381502
Listeria	0.188522850114075	0.369	0.226194473856817	0.226	0.3936165	0.04853646	0.623845018867925	0.123547352727273
Lactococcus	1.0362243916395	0.869	0.723863719995763	0.724	0.003237918	0.002901194	0.0135992556	0.011604776
Desulfovibrio	1.26105897296379	0.989	1.03943202770662	1.039	0.07924755	0.08347347	0.195788064705882	0.19477143
Rothia	0.424211677318361	0.616	0.239460016754858	0.239	0.007802363	0.02272794	0.0298413474545455	0.0670452662068965
Candidatus_Endolissoclinum	0.172279641273422	0.312	0.175908455825421	0.176	0.9260438	0.7042352	0.937200954216867	0.883565032835821
Halothiobacillus	0.735388397323887	0.669	0.687544321076835	0.688	0.5700185	0.6724268	0.736639292307692	0.881627169230769
Methylocella	0.58815204261809	0.494	0.507358031725874	0.507	0.2136539	0.176375	0.417370409302326	0.329233333333333
Prevotella	2.60451914262238	1.151	3.11124556734459	3.111	0.0002518199	0.0002802087	0.00117515953333333	0.0013076406
Faecalitalea	1.27923076185888	0.973	1.39733196409849	1.397	0.3441783	0.269766	0.574981317647059	0.462456
Flavobacterium	0.328522149447363	0.596	0.358984095140326	0.359	0.7024436	0.9251606	0.810066815384615	0.97478493
Bacillus	1.45576580683968	0.765	1.67955935720811	1.68	0.02890614	0.04325252	0.0783263148387097	0.113537865
Blautia	4.01412991599077	0.259	4.00224710578085	4.002	0.7433069	0.8552356	0.810066815384615	0.967529472
Beutenbergia	0.185907273868325	0.283	0.168316726780917	0.168	0.6256075	0.579868	0.784343731343284	0.798506754098361
Bacteroides	4.48489009188782	0.29	4.45964704558932	4.46	0.5159281	0.7047483	0.736639292307692	0.883565032835821
Megasphaera	0.406551302556416	0.807	0.582594473508075	0.583	0.1192125	0.08314069	0.270644594594595	0.19477143
Adlercreutzia	1.69640794547529	1.022	1.13768511077917	1.138	2.338888e-06	2.261486e-07	1.51128147692308e-05	1.5830402e-06
Geobacillus	1.83752816126576	0.738	3.18502943362384	3.185	1.640033e-29	1.229551e-23	4.5920924e-28	3.4427428e-22
Campylobacter	0.311274109888708	0.478	1.46381509702471	1.464	3.729497e-19	1.715935e-16	5.2212958e-18	2.059122e-15
Acholeplasma	0.767664844622881	1.02	0.697623873003849	0.698	0.562551	0.7565408	0.736639292307692	0.924412452173913
Syntrophomonas	0.385091637448548	0.673	0.375273247750117	0.375	0.907463	0.9067355	0.929596243902439	0.97478493
Streptococcus	2.75610654217732	0.762	2.81734513207968	2.817	0.5315445	0.5005445	0.736639292307692	0.7007623
Unclassified	4.59617737069589	0.16	4.54276791532962	4.543	0.0132941	0.01843416	0.0427479	0.0619387776
Slackia	0.593847207320611	0.913	0.515001163271538	0.515	0.4602949	0.9127197	0.702995847272727	0.97478493
Blattabacterium	0.545484295589389	0.721	0.487416861545628	0.487	0.4924604	0.8186294	0.736639292307692	0.956842483333333
Fusobacterium	0.171852519676393	0.361	0.730237519574572	0.73	2.585402e-09	2.304537e-08	1.97430698181818e-08	1.75982825454545e-07
Ethanoligenens	2.40484164707612	0.657	2.49136204739913	2.491	0.2763464	0.3766151	0.496128127659574	0.5817444
Corynebacterium	0.319539876571151	0.537	1.55425142726525	1.554	7.346667e-24	2.163117e-21	1.54280007e-22	3.63403656e-20
Marinitoga	0.347273971709828	0.562	0.371380874114031	0.371	0.7397152	0.4867213	0.810066815384615	0.692959138983051
Haliscomenobacter	0.379766681369798	0.641	0.350522179741846	0.351	0.7082389	0.9663702	0.810066815384615	0.978013214457831
Lactobacillus	1.29794179828436	0.809	1.24923757295706	1.249	0.6414571	0.6822115	0.792388182352941	0.881627169230769
Thermus	0.202888034027639	0.391	1.57187548341588	1.572	4.392786e-31	1.718429e-27	1.84497012e-29	7.2174018e-26
Bifidobacterium	0.418041774516201	0.585	0.247727806935177	0.248	0.01098546	0.02690522	0.03844911	0.075334616
Selenomonas	0.659287435792505	0.628	0.753550841212586	0.754	0.3490958	0.7593388	0.574981317647059	0.924412452173913
Neisseria	0.235004741093537	0.5	0.290267257042629	0.29	0.4515092	0.8583487	0.702347644444444	0.967529472
Akkermansia	1.5448029175026	1.213	1.19516111420473	1.195	0.01844699	0.02314658	0.0534326606896552	0.0670452662068965
Segniliparus	0.0402420337630765	0.32	0.686818110467169	0.687	5.027181e-13	1.410332e-16	6.0326172e-12	1.9744648e-15
Alkaliphilus	0.317477394576734	0.478	0.422856284222697	0.423	0.110802	0.09675884	0.261654866666667	0.213887962105263
Peptoclostridium	2.02222639464762	0.856	2.14230475732854	2.142	0.2547205	0.3847396	0.477934613333333	0.5817444
Oscillibacter	3.3745367590464	0.451	3.39328234748538	3.393	0.726309	0.8201507	0.810066815384615	0.956842483333333
Fibrobacter	0.95511995192608	0.739	0.862729066927008	0.863	0.342343	0.3095346	0.574981317647059	0.520018128
Eubacterium	3.71435748934067	0.372	3.58709318801551	3.587	0.01390108	0.01405112	0.0427479	0.0513171339130435
Methylobacterium	0.552994151647525	0.635	0.444132246388137	0.444	0.1619896	0.2021681	0.3239792	0.353794175
Ruminiclostridium	1.80418789536512	1.181	1.59962653464203	1.6	0.1541558	0.2005467	0.315831395121951	0.353794175
Jonesia	1.12819338307104	0.667	0.785187069816173	0.785	0.0002198231	3.049454e-05	0.00108618472941176	0.000160096335
Escherichia	0.794267159656546	0.9	1.45010409604203	1.45	1.223722e-06	3.023474e-06	8.566054e-06	1.8140844e-05
Haemophilus	0.544594290183649	0.8	0.513025388645444	0.513	0.7522049	0.9283666	0.810066815384615	0.97478493
Ralstonia	0.547682010596594	0.717	0.687115349620382	0.687	0.1502615	0.1505727	0.31554915	0.294142018604651
Alistipes	3.02278160843026	0.716	2.62776008255564	2.628	6.847167e-05	2.014837e-06	0.000383441352	1.30189467692308e-05
Geobacter	2.33337861994204	0.628	2.02919483873792	2.029	8.459824e-05	5.99828e-06	0.00044414076	3.3590368e-05
Caldilinea	0.243347143546335	0.447	0.134849230776117	0.135	0.02474908	0.155397	0.069297424	0.296667
Propionibacterium	0.213709450003769	0.419	0.294739258391732	0.295	0.1320814	0.02969905	0.291969410526316	0.0804748451612903
Desulfotomaculum	1.30536621626967	0.736	1.16626453862083	1.166	0.1121378	0.108337	0.261654866666667	0.2275077
Lachnoclostridium	3.20611143014749	0.44	3.19883283899309	3.199	0.8991316	0.3878296	0.929596243902439	0.5817444
Coriobacterium	0.572085756151038	0.646	0.139677696986009	0.14	4.492469e-10	1.792326e-08	3.77367396e-09	1.50555384e-07
Porphyromonas	0.699484414029582	0.511	1.49491230035794	1.495	5.983765e-12	2.188345e-09	6.28295325e-11	2.04245533333333e-08
Ketogulonicigenium	0.501414656180443	0.884	0.571121466445113	0.571	0.550947	0.3607691	0.736639292307692	0.571784988679245
Caldicellulosiruptor	0.106561905046208	0.211	0.1945895263632	0.195	0.007815591	0.01604501	0.0298413474545455	0.056157535
Cellulophaga	0.284512871627371	0.346	0.272774270326727	0.273	0.7902678	0.8891281	0.840284749367089	0.97478493
Mobiluncus	0.19108168341642	0.424	0.825041042551297	0.825	3.475372e-11	1.879398e-10	3.24368053333333e-10	1.9733679e-09
Parabacteroides	3.42472709003	0.609	3.35206668550784	3.352	0.3614458	0.3394517	0.583873984615385	0.559096917647059
Coprococcus	3.18297419393926	0.611	3.03575002704876	3.036	0.07528232	0.1162117	0.191627723636364	0.238092263414634
Atopobium	0.44302442890151	0.589	0.267009866628288	0.267	0.0104179	0.01950781	0.0380479826086957	0.0630252323076923
Paenibacillus	0.257814951047885	0.53	0.224955836977659	0.225	0.6187626	0.986805	0.784343731343284	0.986805
Odoribacter	2.24063415031402	0.93	2.1930327189497	2.193	0.6913439	0.4102739	0.810066815384615	0.604614168421053
Staphylococcus	0.245066137286005	0.436	0.308527668245822	0.309	0.2560364	0.09461643	0.477934613333333	0.213887962105263
Acinetobacter	0.0655372973027664	0.254	0.983742502071734	0.984	1.304117e-21	2.965698e-23	2.19091656e-20	6.2279658e-22
Variovorax	0.709579600105072	1.025	0.702683521591413	0.703	0.9584507	0.8638656	0.9584507	0.967529472
Pantoea	0.702499851746204	0.58	0.817370931067271	0.817	0.1475815	0.1930001	0.31554915	0.352434965217391
Dehalococcoides	0.151055914916945	0.297	0.142791542221236	0.143	0.8220676	0.9506262	0.86317098	0.978013214457831
Modestobacter	0.167132909428709	0.268	0.147304425475623	0.147	0.541004	0.7763127	0.736639292307692	0.93157524
