Taxa	stoolMeans	stoolSDs	swabMeans	swabSDs	ttest p-value	wilcoxon p-value	Ttest (adj p-value)	Wilcoxon (adj p-value)
OTU187248	0.478257354784842	0.529	0.730705520535051	0.731	0.002272332	0.006098432	0.0152177385454545	0.0449251157333333
OTU195512	0.354849697385298	0.623	0.271085085674815	0.271	0.2996132	0.2004124	0.588573486222222	0.537045804848485
OTU521996	0.269748208509278	0.396	0.128098294575581	0.128	0.002987344	0.001326289	0.019417736	0.01465549345
OTU362389	0.116466994930901	0.202	0.110943164015825	0.111	0.8343902	0.9574497	0.936041797969543	0.984169226511628
OTU186352	0.186241501763752	0.237	0.139853298316807	0.14	0.12459	0.1496377	0.36764740397351	0.469077045390071
OTU644946	0.387830730389368	0.38	1.75992637669321	1.76	1.037607e-33	1.613182e-27	3.63344995e-31	3.56513222e-25
OTU523934	0.149382155722535	0.319	0.154395536207561	0.154	0.9018358	0.456927	0.961854721904762	0.8100313
OTU195207	0.311483560889018	0.564	0.226319344620614	0.226	0.2172308	0.5500269	0.50534744	0.856343095070422
OTU199543	0.175809630989728	0.267	0.120665517583822	0.121	0.09751465	0.1189615	0.325186545112782	0.414023488188976
OTU521515	0.199740688326415	0.343	0.230589728461349	0.231	0.5187712	0.4401778	0.793414776470588	0.807297043983403
OTU176469	0.219740376008292	0.337	0.311724973543691	0.312	0.0928081	0.3440071	0.3225726359375	0.714622902347418
OTU364179	1.09704912836671	1.077	0.926007411156342	0.926	0.2025151	0.3561038	0.492075928571429	0.715444907272727
OTU198011	0.860255611238562	0.602	0.848375524507816	0.848	0.8811933	0.8200857	0.959347609359606	0.945309358208955
OTU198542	0.276298044324469	0.372	0.21144322076932	0.211	0.1851626	0.1368088	0.475824820930233	0.440767204347826
OTU335577	1.44869442515672	0.515	1.39790271963256	1.398	0.488917	0.7266344	0.78014914801444	0.917700570140845
OTU197675	0.407414244177178	0.519	0.37679309047027	0.377	0.6468583	0.7333131	0.89506664	0.917700570140845
OTU288810	0.408247951150337	0.644	0.449436844920062	0.449	0.6545359	0.9654084	0.89506664	0.985474625404157
OTU365717	0.0881681299957235	0.17	0.104327594109517	0.104	0.5096331	0.6312293	0.787614790909091	0.876947259561129
OTU189960	0.22834537072718	0.458	0.221657956505429	0.222	0.9130009	0.7708865	0.961854721904762	0.930961292349727
OTU192952	0.392860400503854	0.476	0.32422523338509	0.324	0.253697	0.493885	0.536526669856459	0.82688321969697
OTU178852	0.282363050035314	0.382	0.184534717608033	0.185	0.02746644	0.1366198	0.120239054257426	0.440767204347826
OTU193174	0.306764017840291	0.398	0.385283288399237	0.385	0.1570855	0.1530964	0.428591302469136	0.469374028767123
OTU725048	0.223220391677721	0.386	0.555366045735189	0.555	1.774232e-05	0.0003881088	0.000270417428965517	0.00519830574545455
OTU291510	0.308609835555267	0.479	0.187815027021349	0.188	0.03951868	0.01937292	0.164785439245283	0.115713927567568
OTU351357	0.333848678308858	0.459	0.20622805248096	0.206	0.01721306	0.1066784	0.0849090742857143	0.380256877419355
OTU4331760	0.304820164017392	0.481	0.103410342417975	0.103	0.0001126712	0.001817167	0.0014647256	0.0187808369767442
OTU193364	0.360754795126293	0.407	0.574679686166177	0.575	0.0007429671	0.001103737	0.0068414887125	0.0125090193333333
OTU192228	0.208697449578074	0.433	0.253769486208589	0.254	0.4920608	0.931351	0.780684151601424	0.969396267605634
OTU193367	0.348553108887086	0.373	0.326516944311489	0.327	0.6678001	0.4896921	0.89506664	0.826025229657795
OTU194863	0.507215859827154	0.522	0.457661127698829	0.458	0.466453	0.5146815	0.760783121771218	0.8363574375
OTU181239	0.425831944901147	0.816	0.289896531554346	0.29	0.1619426	0.5968054	0.434881656969697	0.874312255555556
OTU191218	0.190814979847266	0.319	0.0996344027085881	0.1	0.01237449	0.0627384	0.0675249948148148	0.2718664
OTU367417	0.171897571119056	0.292	0.201990963082086	0.202	0.4751146	0.6615493	0.766425741605839	0.897962996932515
OTU204099	0.439807171400386	0.547	0.408793328549214	0.409	0.6763583	0.4771292	0.89506664	0.82375098
OTU183886	0.381596216211564	0.495	0.303619201791264	0.304	0.1982972	0.4581625	0.491595116201117	0.8100313
OTU204093	0.349984521008279	0.337	0.387429415063662	0.387	0.4028927	0.330262	0.706661005555556	0.71258305
OTU199228	0.715296131748934	0.776	0.557330131722637	0.557	0.100151	0.1544744	0.330348820895522	0.469374028767123
OTU210542	0.410669036829771	0.578	0.326491498553665	0.326	0.2632154	0.2861112	0.546202848826291	0.658651825
OTU199555	0.60707201412438	0.66	0.684050062207406	0.684	0.4111688	0.5900899	0.70990863125	0.874312255555556
OTU192437	0.441879822732183	0.662	0.547486772165373	0.547	0.2673677	0.3038892	0.548614901851852	0.679609824242424
OTU188725	1.14039746820067	0.669	0.719217453394525	0.719	6.594953e-07	6.976245e-07	1.21457051083333e-05	1.2847917875e-05
OTU294022	0.827613404206914	0.766	0.787094427855597	0.787	0.6861254	0.6538191	0.89506664	0.894699821052632
OTU332185	0.953917783753323	0.692	0.72896537136991	0.729	0.01740643	0.01137926	0.0849090742857143	0.0765226563636364
OTU321005	0.709984075263811	0.702	0.659354031713838	0.659	0.580801	0.7309522	0.841685383606557	0.917700570140845
OTU365634	1.02128336502861	0.656	0.52745286036848	0.527	6.569452e-09	5.565475e-08	1.38271323047619e-07	1.11815452272727e-06
OTU14274	0.0082852292384582	0.049	0.542231691739854	0.542	1.703521e-15	1.394528e-19	7.52956282e-14	6.84868195555556e-18
OTU197069	0.251673077410588	0.469	0.171224482092517	0.171	0.1377758	0.5017709	0.390364766666667	0.833769690977444
OTU194654	0.293905054502617	0.535	0.379564971268125	0.38	0.2832334	0.5688122	0.561386380269058	0.86739848
OTU338621	0.274750836800507	0.538	0.304572667620454	0.305	0.665463	0.2025587	0.89506664	0.539343044578313
OTU192308	0.328743021733754	0.501	0.271905353417371	0.272	0.379356	0.3547213	0.679797789473684	0.715444907272727
OTU192302	0.175971369414533	0.281	0.206295934032239	0.206	0.460905	0.6498678	0.760149291044776	0.894699821052632
OTU197505	0.302155463993309	0.364	0.282432275275793	0.282	0.6693021	0.9439631	0.89506664	0.974840397663551
OTU196252	0.280743212729097	0.482	0.245773790415783	0.246	0.5727813	0.7150703	0.837780512211221	0.917700570140845
OTU187262	0.301020540624123	0.562	0.204981667618533	0.205	0.1604156	0.2077155	0.434881656969697	0.546489589285714
OTU355307	1.18713590368584	0.944	1.07869034206518	1.079	0.3787356	0.3184799	0.679797789473684	0.69343899408867
OTU575844	0.753794622389508	0.559	0.694356887816901	0.694	0.4071877	0.4246049	0.707933893333333	0.791879180590717
OTU189559	0.376379454574553	0.624	0.425490850682004	0.425	0.5832943	0.8436126	0.842536211111111	0.945309358208955
OTU192111	0.497047734678576	0.979	0.464904722579605	0.465	0.7942089	0.4734454	0.92294904	0.82375098
OTU339992	0.175158952043781	0.323	0.133408315920099	0.133	0.3030615	0.2301907	0.592713199115044	0.581395939428571
OTU191332	0.429900167116176	0.608	0.329588081619291	0.33	0.1960303	0.2419982	0.489521992090395	0.59095693038674
OTU304108	0.357248927735821	0.496	0.290218770893953	0.29	0.2920766	0.3349847	0.576329719642857	0.71258305
OTU367176	0.307781986287175	0.398	0.226253222713038	0.226	0.09785025	0.1357746	0.325186545112782	0.440767204347826
OTU90487	0.47482023179479	0.79	0.518128544787081	0.518	0.6838226	0.6320494	0.89506664	0.876947259561129
OTU199761	0.595949211039064	0.601	0.61169483311862	0.612	0.8450764	0.8456114	0.94324184040404	0.945309358208955
OTU362078	0.169412379798495	0.333	0.216005242480766	0.216	0.379887	0.7370672	0.679797789473684	0.917700570140845
OTU198783	0.430425970333976	0.598	0.39176718573821	0.392	0.6180055	0.8332269	0.870478600636943	0.945309358208955
OTU184864	0.304118580087791	0.483	0.291321976015505	0.291	0.8371133	0.912171	0.936719186329114	0.967133254285714
OTU187460	0.576066728488177	0.516	0.856172939092306	0.856	0.0005852791	0.002331996	0.00563866414347826	0.021851358
OTU317677	0.25381619269153	0.372	0.274330602444178	0.274	0.688164	0.7842075	0.89506664	0.932301807526882
OTU584463	0.274289200485891	0.568	0.244908067378333	0.245	0.690808	0.6529337	0.895416821114369	0.894699821052632
OTU517170	0.393425285995553	0.552	0.551831608298081	0.552	0.06812041	0.1173529	0.255162891694915	0.411666522222222
OTU194667	1.34478138803169	0.948	1.14731973320409	1.147	0.1084661	0.1035486	0.34335223	0.372101473170732
OTU178012	0.140434899849472	0.328	0.401413409880967	0.401	0.00247472	0.07576464	0.0163257647761194	0.310073804444444
OTU524841	0.838220121829111	0.752	0.870022446442492	0.87	0.7528799	0.7265611	0.908626071698113	0.917700570140845
OTU178478	0.349509621206116	0.617	0.259524160912961	0.26	0.223277	0.483024	0.507291882828283	0.82375098
OTU319455	0.110167579616568	0.204	0.0901645601640171	0.09	0.431064	0.6178324	0.735638177606178	0.874919794888179
OTU188706	0.686217035807177	1.003	0.890993435559622	0.891	0.1411816	0.04913079	0.394951058227848	0.223874321443299
OTU369602	0.310491879996126	0.599	0.281770149120475	0.282	0.7091306	0.826393	0.903860703170029	0.945309358208955
OTU185396	0.155782743984352	0.278	0.110389538078103	0.11	0.1824581	0.3335754	0.471616843274854	0.71258305
OTU177478	0.350966355685926	0.505	0.11845760235558	0.118	2.273645e-05	0.0008325537	0.000334983696666667	0.0102219093166667
OTU182735	0.343009475836699	0.47	0.251468074207197	0.251	0.1192627	0.1611954	0.363545609655172	0.478176958389262
OTU196134	0.892358181743784	0.552	1.06116368803166	1.061	0.03003195	0.03974207	0.13013845	0.201907987816092
OTU337161	0.618462830889707	0.57	0.665061486619985	0.665	0.5722913	0.7506838	0.837780512211221	0.921672887777778
OTU183954	0.230949086751041	0.286	0.185838173851588	0.186	0.226429	0.2245293	0.507291882828283	0.576988084883721
OTU581782	0.136583530329331	0.354	0.399812949945136	0.4	0.0002037583	0.0006556277	0.00237003075263158	0.00827964124
OTU177055	0.211252263745082	0.409	0.20436155220734	0.204	0.89759	0.981786	0.961854721904762	0.990752082191781
OTU513445	0.674400471399236	0.812	0.814296402008031	0.814	0.2560583	0.5860917	0.538941755238095	0.874312255555556
OTU191783	0.307317021822002	0.483	0.305851855539524	0.306	0.9822711	0.8403165	0.988268101363636	0.945309358208955
OTU302503	0.913943410330368	0.474	0.912762691654954	0.913	0.987187	0.4134078	0.989425519274376	0.784232822317597
OTU176057	0.234754248203671	0.341	0.426829377729735	0.427	0.001142822	0.007890752	0.00897350686206896	0.0562534255483871
OTU195495	0.469981098512282	0.556	0.444671433962954	0.445	0.7181297	0.9214845	0.907589959776536	0.967449285035629
OTU585227	0.749058963344174	0.548	0.875512002243926	0.876	0.09309805	0.08670167	0.3225726359375	0.32885276
OTU199156	0.230808073191208	0.355	0.225625721064331	0.226	0.9128979	0.8665046	0.961854721904762	0.947750083538084
OTU516792	0.364669566624569	0.426	0.363526511013274	0.364	0.9837963	0.934305	0.988268101363636	0.969396267605634
OTU198190	1.45379407524207	0.878	1.48914112753294	1.489	0.757511	0.7558972	0.908626071698113	0.925502942936288
OTU198198	0.202537979096441	0.267	0.184225456087493	0.184	0.6029323	0.6329099	0.862395722186495	0.876947259561129
OTU198511	0.618251939346699	0.72	0.683115637152484	0.683	0.4963173	0.5227054	0.780684151601424	0.845370955234657
OTU341024	0.130960422422798	0.295	0.164335861029699	0.164	0.4249182	0.3910375	0.727960637209302	0.761403414096916
OTU197649	0.38194810658224	0.582	0.309974566606623	0.31	0.3183329	0.728656	0.609215239484979	0.917700570140845
OTU178242	0.185760652781611	0.331	0.277550042650029	0.278	0.07906823	0.2806369	0.293681997142857	0.652850051578947
OTU198423	0.70687879442285	0.738	0.70007954010058	0.7	0.9442631	0.9164714	0.968571277314815	0.967133254285714
OTU187409	0.239748604495925	0.303	0.211101293167063	0.211	0.5033937	0.248714	0.786219135689046	0.60071906010929
OTU178064	0.244253530950216	0.469	0.177091615907561	0.177	0.2595305	0.2378062	0.54127007264151	0.59095693038674
OTU302352	0.208145773122865	0.352	0.205667794160364	0.206	0.9589009	0.979711	0.976576492626728	0.990752082191781
OTU335827	0.221937424062604	0.287	0.182266141274755	0.182	0.2681014	0.4387759	0.548614901851852	0.807297043983403
OTU314406	0.382412225041522	0.752	0.361428747509228	0.361	0.8299594	0.9979973	0.934887133842239	0.9979973
OTU508875	0.261462171363543	0.397	0.361920899750306	0.362	0.0943707	0.2284918	0.323033000763359	0.580421698850575
OTU361972	0.225516457742972	0.334	0.158176846628704	0.158	0.08253036	0.3556986	0.301474538181818	0.715444907272727
OTU190975	0.45483939194525	0.6	0.307224873614248	0.307	0.03623039	0.2282785	0.1539791575	0.580421698850575
OTU529233	0.165385873988406	0.266	0.219866695216784	0.22	0.2780403	0.859761	0.5560806	0.945309358208955
OTU370217	0.408127169929507	0.719	0.483985991071448	0.484	0.4533395	0.6007664	0.754385327819549	0.874312255555556
OTU192210	0.615692652849659	0.691	0.33237139828436	0.332	0.0006979837	0.002478131	0.00656401692340426	0.021851358
OTU358944	0.561292248763892	0.536	0.555337501158481	0.555	0.9363423	0.850032	0.968571277314815	0.945309358208955
OTU110192	0.24220179097559	0.429	0.161322679869368	0.161	0.125599	0.1329135	0.36764740397351	0.440767204347826
OTU198990	0.386515457345831	0.531	0.369004308273788	0.369	0.8039262	0.7258659	0.92294904	0.917700570140845
OTU195674	0.657397517807469	0.787	0.624401333588489	0.624	0.7383309	0.9040116	0.908626071698113	0.967133254285714
OTU292260	0.264252652943043	0.304	0.149150409693774	0.149	0.00212942	0.002026523	0.014480056	0.0199049592444444
OTU518372	1.47413500183937	0.816	1.48881537584239	1.489	0.8936907	0.9763184	0.961854721904762	0.990384533944954
OTU192046	0.29328736910967	0.562	0.207603948855895	0.208	0.2198296	0.1771232	0.506153997916667	0.508366587012987
OTU544859	0.368745530465162	0.418	0.309252548755826	0.309	0.267066	0.3497538	0.548614901851852	0.715444907272727
OTU362501	1.03696790392959	0.694	0.876219154997373	0.876	0.0934147	0.06887016	0.3225726359375	0.289910578285714
OTU192462	0.317116247188666	0.463	0.312613967579675	0.313	0.9399988	0.7457906	0.968571277314815	0.920780573184358
OTU321811	1.48965062284503	0.87	1.40389232573467	1.404	0.4539966	0.2067642	0.754385327819549	0.546489589285714
OTU528357	1.33720403895727	0.723	0.886023283182892	0.886	2.863998e-06	2.302744e-06	4.8687966e-05	4.071251392e-05
OTU357020	0.770625624791847	0.77	0.684846348685107	0.685	0.3731438	0.6143283	0.679797789473684	0.874919794888179
OTU300855	0.138241048299537	0.282	0.17712267412782	0.177	0.3461188	0.3937045	0.646089490295359	0.763234162280702
OTU186652	0.350446631338471	0.427	0.421692433568381	0.422	0.2403956	0.2747612	0.520857133333333	0.645356014814815
OTU353782	0.217107029292555	0.284	0.236559693805896	0.237	0.6127803	0.573101	0.868105425	0.870483305841924
OTU322433	0.493737510411153	0.608	0.36704432124226	0.367	0.1028836	0.1301966	0.3343717	0.439289291603053
OTU198439	0.173886564079642	0.277	0.195006901481862	0.195	0.6065291	0.9290704	0.862395722186495	0.969396267605634
OTU174487	0.163353880268124	0.233	0.263849056811152	0.264	0.01513362	0.07066202	0.0789557448837209	0.294647290943396
OTU182886	0.413718367562478	0.558	0.275401421621292	0.275	0.04166321	0.0991401	0.17051054462963	0.359179706557377
OTU183579	0.381258497970459	0.702	0.301537133779382	0.302	0.3783343	0.481965	0.679797789473684	0.82375098
OTU4467810	0.481580446191926	0.386	1.85163771512037	1.852	1.644095e-33	3.841498e-27	3.63344995e-31	5.65980705333333e-25
OTU178843	0.570737847373282	0.563	0.373400946840736	0.373	0.00343783	0.01232815	0.0214017022535211	0.080132975
OTU299568	0.381862906857688	0.584	0.413803468538901	0.414	0.6885128	0.8314069	0.89506664	0.945309358208955
OTU561537	0.529116838172845	0.589	0.38605107029342	0.386	0.06171963	0.03363973	0.237218056173913	0.179141694698795
OTU520413	0.933941725565159	0.789	1.00093237056053	1.001	0.5283958	0.5552945	0.802580562199313	0.860298909090909
OTU197334	0.460723917363971	0.69	0.366611298217496	0.367	0.2741297	0.514122	0.550751488181818	0.8363574375
OTU319275	0.586654173958493	0.642	0.625560710645201	0.626	0.6607909	0.7318887	0.89506664	0.917700570140845
OTU198980	0.726520316143793	0.861	0.691109856396252	0.691	0.7626703	0.8220323	0.908626071698113	0.945309358208955
OTU354334	0.145250060172834	0.24	0.161301058216314	0.161	0.6324936	0.6903383	0.884690415189873	0.910784410714286
OTU544996	0.335568905763947	0.368	0.289452423402118	0.289	0.3201518	0.4845594	0.609215239484979	0.82375098
OTU289261	0.163422034491249	0.327	0.382472032071142	0.382	0.0008051141	0.003145669	0.00697765553333333	0.0262336924150943
OTU186891	0.293369846852691	0.576	0.239788564997919	0.24	0.4469478	0.6008212	0.753884240909091	0.874312255555556
OTU310071	0.229759917081192	0.384	0.179866344370437	0.18	0.3129591	0.3415157	0.606701413157895	0.714622902347418
OTU42372	0.475532267282719	0.677	0.482147637932435	0.482	0.9419386	0.9743139	0.968571277314815	0.990384533944954
OTU184725	0.832363991231618	0.88	0.607693726891789	0.608	0.03743251	0.120169	0.157573042095238	0.414958578125
OTU197402	0.203665501069476	0.384	0.184378743430414	0.184	0.6885026	0.8620219	0.89506664	0.945443374193548
OTU199753	0.289217914382621	0.487	0.216034255422322	0.216	0.2198678	0.558805	0.506153997916667	0.860598641114983
OTU191108	0.191614708325567	0.378	0.135657426198285	0.136	0.2103077	0.4003232	0.499763459139785	0.76931675826087
OTU586271	0.402310789071072	0.512	0.256842947746315	0.257	0.01748128	0.04603606	0.0849090742857143	0.219731506526316
OTU300152	0.0796257565040521	0.181	0.156639042780335	0.157	0.008536173	0.01142646	0.0489998502077922	0.0765226563636364
OTU591635	0.340758544031868	0.547	0.375383050187686	0.375	0.6507577	0.7159247	0.89506664	0.917700570140845
OTU198245	0.183112189354004	0.348	0.147074256013761	0.147	0.4084234	0.5984976	0.707933893333333	0.874312255555556
OTU368203	0.790485445534431	0.66	0.654387415826413	0.654	0.1016522	0.147124	0.332816832592593	0.464491485714286
OTU353791	0.455636065640896	0.608	0.37240698330427	0.372	0.28182	0.2759554	0.561101081081081	0.645356014814815
OTU194534	0.326792068403701	0.311	0.351938167487469	0.352	0.5561258	0.5908465	0.830431093243243	0.874312255555556
OTU197624	0.324199266402701	0.512	0.353689286156296	0.354	0.6734592	0.51093	0.89506664	0.8363574375
OTU189997	0.261071460870229	0.39	0.32632420904494	0.326	0.2165299	0.1330013	0.50534744	0.440767204347826
OTU195120	0.785244744929053	0.618	0.733322210544777	0.733	0.5221088	0.6037692	0.795765826206897	0.874312255555556
OTU319687	0.328723348706289	0.423	0.208721220035826	0.209	0.0177555	0.05217	0.085303597826087	0.235297346938776
OTU193188	0.135749700781921	0.21	0.103059729210494	0.103	0.2390388	0.1550421	0.520468717241379	0.469374028767123
OTU174497	0.189959224719671	0.36	0.225042483070646	0.225	0.5060702	0.6722835	0.787614790909091	0.908134143292683
OTU361170	0.734823510548404	0.621	0.761878335661531	0.762	0.7455237	0.6601912	0.908626071698113	0.897962996932515
OTU356052	0.359701797893484	0.377	0.313405136355464	0.313	0.3464326	0.387832	0.646089490295359	0.761403414096916
OTU550814	0.124495079916146	0.218	0.133512082739428	0.134	0.7587311	0.6622985	0.908626071698113	0.897962996932515
OTU197343	0.832480945197424	0.721	0.675739314223126	0.676	0.08656685	0.08269298	0.313627440163934	0.323453957168142
OTU196212	0.323471994056053	0.404	0.505059336403874	0.505	0.01738389	0.340416	0.0849090742857143	0.714622902347418
OTU342827	0.812050320301772	0.635	0.816473734346795	0.816	0.9579271	0.8845603	0.976576492626728	0.952429558150852
OTU306499	0.639067222966159	0.679	0.651786141164813	0.652	0.8919249	0.9630371	0.961854721904762	0.985474625404157
OTU182255	0.177649632566698	0.238	0.168927566618637	0.169	0.7818602	0.852037	0.92294904	0.945309358208955
OTU198272	0.524828237411795	0.466	0.487568927484712	0.488	0.5535238	0.5388296	0.829347524067797	0.848510231316726
OTU350052	0.219594501613296	0.358	0.257130649708398	0.257	0.4682271	0.6535684	0.7608690375	0.894699821052632
OTU186888	0.164600009433615	0.254	0.268307892965551	0.268	0.01285361	0.04593896	0.0692840929268293	0.219731506526316
OTU199091	0.620114932089153	0.598	0.566663674565126	0.567	0.4958357	0.5468046	0.780684151601424	0.856343095070422
OTU592616	0.44900508866651	0.531	0.452341760943445	0.452	0.9612309	0.7846522	0.976698983448276	0.932301807526882
OTU509773	0.266266353130797	0.38	0.249940646886766	0.25	0.7999041	0.05717782	0.92294904	0.2527259644
OTU185604	0.940103610871923	0.794	0.984825382948617	0.985	0.6702005	0.6010563	0.89506664	0.874312255555556
OTU211907	0.261321644388311	0.417	0.399023497519113	0.399	0.02624355	0.01212659	0.118291834949495	0.0799992952238806
OTU197435	0.475502987789914	0.683	0.408673467596909	0.409	0.4502835	0.5271745	0.753884240909091	0.845370955234657
OTU570507	0.143241522833771	0.28	0.14913831520841	0.149	0.8779748	0.8040602	0.959347609359606	0.940197376719577
OTU346738	0.242324656660832	0.392	0.212902137185974	0.213	0.5663226	0.6239873	0.837780512211221	0.876759312658228
OTU173920	0.209175944195769	0.268	0.221523596680143	0.222	0.7319209	0.6970054	0.907589959776536	0.9114686
OTU547730	0.439634958431009	0.636	0.555022250264547	0.555	0.2063181	0.2416524	0.498320219672131	0.59095693038674
OTU354461	0.234976366501729	0.353	0.296583173924089	0.297	0.229304	0.3120802	0.509308381909548	0.689697242
OTU197504	0.630099503554592	0.889	0.59135037528122	0.591	0.7351068	0.8443646	0.907589959776536	0.945309358208955
OTU191608	0.661463091530449	0.684	0.555182381956587	0.555	0.2272484	0.2403074	0.507291882828283	0.59095693038674
OTU198521	0.709356828190479	0.65	0.698922996082241	0.699	0.9068396	0.8458588	0.961854721904762	0.945309358208955
OTU196581	0.677984012623446	0.613	0.620805014301445	0.621	0.472806	0.5381783	0.765495428571429	0.848510231316726
OTU341322	0.315760287943236	0.546	0.128215096171656	0.128	0.001408657	0.04722736	0.0102069900655738	0.219731506526316
OTU1139897	0.580532237836591	0.604	0.71955340731405	0.72	0.1179904	0.2004809	0.362164977777778	0.537045804848485
OTU189877	0.787456833317008	0.778	0.626144102227743	0.626	0.1046806	0.1916511	0.335281342028986	0.52943616375
OTU195719	0.235662950031238	0.409	0.206932454011152	0.207	0.5893932	0.6101904	0.84857262019544	0.874919794888179
OTU526131	0.0582087496127591	0.153	0.551243678724555	0.551	1.423667e-11	2.191284e-11	3.31189902105263e-10	5.09761856842105e-10
OTU186521	0.160348244244082	0.268	0.353996323749744	0.354	0.0008687176	0.00961662	0.00718136144074074	0.066414781875
OTU183006	0.25063286552786	0.296	0.164566666096955	0.165	0.0152779	0.04636662	0.0789557448837209	0.219731506526316
OTU369555	0.557068175046381	0.876	0.461931489461358	0.462	0.3747375	0.9094288	0.679797789473684	0.967133254285714
OTU206887	0.313416526004156	0.52	0.302529380169593	0.303	0.8711181	0.7651228	0.957796517910448	0.929077685714286
OTU197992	0.309009918915681	0.393	0.323818984275909	0.324	0.7832968	0.8237678	0.92294904	0.945309358208955
OTU196577	0.141538105543977	0.261	0.293346397400776	0.293	0.003403454	0.03438568	0.0214017022535211	0.180934173333333
OTU311278	0.258204105447247	0.444	0.178180879114967	0.178	0.147396	0.1679041	0.409742339622642	0.488841240789474
OTU4381303	0.20276337534865	0.252	0.270645815341725	0.271	0.1290979	0.5297913	0.372949488888889	0.845370955234657
OTU554303	0.314285165868823	0.34	0.604236107834323	0.604	6.020356e-06	0.0001095147	9.50356197142857e-05	0.00161351658
OTU199283	0.269433944088336	0.618	0.245298846890982	0.245	0.7625325	0.7438167	0.908626071698113	0.920780573184358
OTU193679	0.367278936129549	0.472	0.394474371973281	0.394	0.6664067	0.5502295	0.89506664	0.856343095070422
OTU581079	0.964065341795076	0.565	1.11718891390817	1.117	0.06013695	0.08584737	0.235225946017699	0.32885276
OTU362846	0.95794799761692	0.849	0.807780286079909	0.808	0.1799342	0.2655401	0.4695847	0.6302894
OTU212532	0.23165542944862	0.328	0.183386577823146	0.183	0.2726785	0.1525476	0.550337429223744	0.469374028767123
OTU194371	0.885561472151223	0.544	0.931276920237193	0.931	0.5450062	0.3842247	0.819364415646258	0.761403414096916
OTU305288	0.299233211161043	0.52	0.147630033771326	0.148	0.01050489	0.0485587	0.0587741946835443	0.223572347916667
OTU198646	0.361786429850391	0.522	0.346357423842354	0.346	0.8312458	0.4796917	0.934887133842239	0.82375098
OTU364274	1.49605365766799	0.52	1.47849014453524	1.478	0.8155684	0.9189954	0.929075342268041	0.967133254285714
OTU197603	0.768628745185082	0.676	0.651587755084965	0.652	0.1656502	0.1984554	0.438427475449102	0.537045804848485
OTU184036	0.334487728739342	0.462	0.339349949822749	0.339	0.9365654	0.7759809	0.968571277314815	0.932301807526882
OTU213885	0.694373429129875	0.421	0.648938979171521	0.649	0.4061651	0.4519814	0.707933893333333	0.8100313
OTU192093	0.258482944250992	0.45	0.2838240122745	0.284	0.6821969	0.6052931	0.89506664	0.874312255555556
OTU212400	0.548347089767092	0.686	0.298380262890918	0.298	0.001329452	0.04433373	0.00979362973333333	0.217727874
OTU370099	0.648632851156937	0.873	0.621985124095226	0.622	0.8137432	0.9636322	0.929075342268041	0.985474625404157
OTU197364	0.219390801710215	0.415	0.151929317855798	0.152	0.1653504	0.2840074	0.438427475449102	0.657231784293194
OTU354908	0.408717441069808	0.583	0.396749864627239	0.397	0.8690003	0.5286062	0.957796517910448	0.845370955234657
OTU360553	0.208613253469985	0.407	0.230051636296397	0.23	0.6968184	0.6953196	0.898380675581395	0.9114686
OTU186969	0.329520726726632	0.46	0.262517172515216	0.263	0.235575	0.4562243	0.515953383168317	0.8100313
OTU580629	2.52035093556011	0.829	2.49998709304678	2.5	0.8616332	0.911441	0.954490913283208	0.967133254285714
OTU338407	0.274579685033276	0.444	0.224028772883882	0.224	0.3843462	0.2976874	0.682253093975904	0.678236241237113
OTU193668	0.652257143364776	0.495	0.68313409617923	0.683	0.6607393	0.6761767	0.89506664	0.908419761094225
OTU357582	0.416971291423118	0.796	0.389923886277935	0.39	0.7964073	0.815102	0.92294904	0.945309358208955
OTU197943	0.436964726760412	0.69	0.428419066429353	0.428	0.9255181	0.8422593	0.968571277314815	0.945309358208955
OTU562376	0.620031240225218	0.515	0.563879144083528	0.564	0.3940289	0.5394375	0.6966430952	0.848510231316726
OTU186841	0.415324002869111	0.66	0.388469153041728	0.388	0.7591744	0.7156275	0.908626071698113	0.917700570140845
OTU195757	0.754776694163522	0.577	0.706073876989636	0.706	0.5171406	0.4506335	0.793414776470588	0.8100313
OTU199414	0.426322226640916	0.58	0.4540492243446	0.454	0.7289588	0.8474286	0.907589959776536	0.945309358208955
OTU297503	0.371864465797664	0.596	0.324811939592074	0.325	0.5450071	0.4915037	0.819364415646258	0.826025229657795
OTU176775	1.13001553282149	1.134	0.89507896573306	0.895	0.09185476	0.06629252	0.3225726359375	0.28174321
OTU199413	0.727509544016075	0.616	0.375910182154162	0.376	3.249414e-06	7.160508e-06	5.31941106666667e-05	0.000117220168
OTU331571	0.313354887035127	0.566	0.293638526757579	0.294	0.796556	0.8038356	0.92294904	0.940197376719577
OTU531888	0.464351973607097	0.489	0.578013639468003	0.578	0.1087541	0.1341638	0.34335223	0.440767204347826
OTU189899	0.515158278559733	0.604	0.573439325988219	0.573	0.4956178	0.556664	0.780684151601424	0.860298909090909
OTU213394	0.212067950760896	0.397	0.197295245435465	0.197	0.7698787	0.8856302	0.914748347849462	0.952429558150852
OTU291596	0.292034738752408	0.392	0.269790927674085	0.27	0.6701497	0.6268234	0.89506664	0.876759312658228
OTU361853	0.456740884493912	0.788	0.303191261831345	0.303	0.09574055	0.3136987	0.323033000763359	0.68982500199005
OTU181174	0.202468852012111	0.309	0.117634992800685	0.118	0.01739491	0.08142155	0.0849090742857143	0.32132433125
OTU188213	0.529154163757764	0.599	0.424232776524403	0.424	0.1740211	0.2350299	0.457841227380952	0.590245544318182
OTU183799	0.351744756817366	0.55	0.283804122603015	0.284	0.3090782	0.7130062	0.601817464317181	0.917700570140845
OTU360636	0.293333860746118	0.719	0.325942897532436	0.326	0.721952	0.4493527	0.907589959776536	0.8100313
OTU193279	0.689177552752124	0.594	0.262884823482026	0.263	7.315465e-10	3.126907e-08	1.616717765e-08	6.58139473333333e-07
OTU359044	0.47094163452087	0.483	0.48603288781996	0.486	0.8225727	0.9297149	0.932309126666667	0.969396267605634
OTU192015	0.457036355133225	0.725	0.424395765584065	0.424	0.7265841	0.8709624	0.907589959776536	0.947750083538084
OTU528715	1.8426664948657	0.769	1.8580809506586	1.858	0.8880633	0.3555537	0.961854721904762	0.715444907272727
OTU4308591	0.286524495470766	0.596	0.330315880739374	0.33	0.6286029	0.7361278	0.882039624761905	0.917700570140845
OTU211935	1.08826561863888	0.794	0.863804282960599	0.864	0.02621812	0.03166708	0.118291834949495	0.176070258
OTU192255	0.31175669973453	0.645	0.344723239444298	0.345	0.709592	0.6835082	0.903860703170029	0.910784410714286
OTU205148	0.499361911674718	0.654	0.412297165236095	0.412	0.3174561	0.2192346	0.609215239484979	0.569298584795322
OTU4356832	0.199981938842376	0.404	0.135511102190924	0.136	0.1891884	0.1884146	0.480582027586207	0.523768888050314
OTU194395	0.778856095988725	0.998	0.731830883986388	0.732	0.7200189	0.9916683	0.907589959776536	0.993916980952381
OTU527751	0.478837175094568	0.594	0.404742396504293	0.405	0.3196055	0.4830734	0.609215239484979	0.82375098
OTU182165	0.146387242040969	0.256	0.233056616563916	0.233	0.04063836	0.1284317	0.167870608598131	0.439289291603053
OTU553080	0.421936205477475	0.76	0.31625605799485	0.316	0.2473256	0.6100517	0.5255669	0.874919794888179
OTU195093	0.45719460888311	0.518	0.452411449406994	0.452	0.9466579	0.8004393	0.968571277314815	0.940197376719577
OTU370075	0.161134535831929	0.27	0.0899120491405915	0.09	0.02342378	0.04675378	0.110141603829787	0.219731506526316
OTU179425	0.36675399353338	0.544	0.267741813296029	0.268	0.1623427	0.08091241	0.434881656969697	0.32132433125
OTU196711	0.348109663699485	0.582	0.264018536412358	0.264	0.2310036	0.7106798	0.510517956	0.917700570140845
OTU265871	0.377975494078639	0.594	0.520437988584006	0.52	0.1043902	0.1418549	0.335281342028986	0.451078171223022
OTU819181	0.600424467967338	0.685	0.623660742108489	0.624	0.7992511	0.6870151	0.92294904	0.910784410714286
OTU195946	0.209325342125282	0.341	0.158191489070047	0.158	0.2095703	0.5087529	0.499763459139785	0.8363574375
OTU548032	0.330144869843419	0.333	0.377893594913445	0.378	0.2708859	0.1585522	0.549227375229358	0.476735186394558
OTU214036	0.461460086159541	0.543	0.216764373462422	0.217	6.665328e-05	0.001398195	0.000892749992727273	0.0150732241463415
OTU577027	0.485634421973835	0.905	0.527872872298561	0.528	0.7274181	0.6910552	0.907589959776536	0.910784410714286
OTU4301298	0.340990618976707	0.687	0.350164591701297	0.35	0.9213239	0.8409283	0.967280674109264	0.945309358208955
OTU197924	0.294116565449758	0.355	0.150347776056654	0.15	0.0004720119	0.001882428	0.00474157408636364	0.0189098449090909
OTU259772	0.276482924827734	0.469	0.107671291021115	0.108	0.00116025	0.003285371	0.00897350686206896	0.0267837856
OTU215855	0.352686842298403	0.583	0.36243934431571	0.362	0.9028731	0.9413724	0.961854721904762	0.974441688056206
OTU348027	2.39082944931096	0.757	2.05173768706609	2.052	0.0007972936	1.338761e-05	0.00697765553333333	0.000204045642068966
OTU329623	0.390538170557101	0.489	0.649861527724542	0.65	0.001177519	0.006253112	0.00897350686206896	0.0453094344918033
OTU525215	0.179215652999441	0.251	0.154163038337234	0.154	0.4502838	0.4243293	0.753884240909091	0.791879180590717
OTU198916	0.417310190063663	0.55	0.312149479615336	0.312	0.1236696	0.182859	0.36764740397351	0.512513267088608
OTU297057	1.01471311658873	1.022	0.924403193248429	0.924	0.4823013	0.9845379	0.774968689130435	0.991265949430524
OTU210647	0.229174288442071	0.5	0.197245803985951	0.197	0.6183943	0.8593421	0.870478600636943	0.945309358208955
OTU192893	0.317554610635413	0.555	0.26525714999537	0.265	0.4636005	0.5964296	0.760783121771218	0.874312255555556
OTU522025	0.685997478118283	0.563	0.406051154490771	0.406	0.0002423771	9.714365e-06	0.00261294337073171	0.000153348190357143
OTU197725	0.122654167525812	0.222	0.122598123150961	0.123	0.9985681	0.7912457	0.9985681	0.932614931733333
OTU196632	0.370894373475758	0.544	0.159327872660451	0.159	0.0005868293	0.002528457	0.00563866414347826	0.021851358
OTU588277	0.566924297826753	0.695	0.42162267480701	0.422	0.09537885	0.08903344	0.323033000763359	0.333304280833333
OTU365118	0.517295500562074	0.676	0.410438932509827	0.41	0.2008241	0.4222092	0.492075928571429	0.791879180590717
OTU548021	0.329126515770997	0.438	0.424193932441731	0.424	0.1238743	0.09166159	0.36764740397351	0.334829940330579
OTU303274	0.283837143409796	0.468	0.192518283713167	0.193	0.1159034	0.07743713	0.358246872727273	0.314011114311927
OTU350398	0.648447072586901	0.789	0.695841164121904	0.696	0.655418	0.509365	0.89506664	0.8363574375
OTU318348	0.772387353821766	0.716	0.870525020554115	0.871	0.3341707	0.4993662	0.631211322222222	0.832905133584906
OTU189651	0.0796257565040521	0.158	0.111147071148379	0.111	0.1877279	0.2666609	0.479628507514451	0.6302894
OTU772282	0.900087885756962	0.811	0.679194879558572	0.679	0.02649523	0.0323063	0.118291834949495	0.176288698765432
OTU536535	0.56430973793479	0.704	0.743401235298888	0.743	0.08196858	0.1376151	0.301474538181818	0.440767204347826
OTU176108	1.4671644228092	0.972	1.23070677178804	1.231	0.06076209	0.005449938	0.235586348947368	0.041532286137931
OTU199448	1.04699443643593	0.857	0.717004681776251	0.717	0.001657736	0.004430264	0.01144873925	0.0343539769824561
OTU293508	0.48881448963767	0.54	0.387632875262596	0.388	0.1399577	0.1947261	0.394021040764331	0.534589665838509
OTU196957	0.095212637277777	0.187	0.108071463451641	0.108	0.6067988	0.4780513	0.862395722186495	0.82375098
OTU572476	0.634495729165245	0.45	0.415881421843097	0.416	0.0001552914	0.0002683384	0.00185510267027027	0.00370642415
OTU210965	0.252923010009457	0.454	0.186013755060526	0.186	0.2251101	0.3167126	0.507291882828283	0.693004798019802
OTU194353	0.187535166987016	0.364	0.175071305360281	0.175	0.8100027	0.2938374	0.92751604507772	0.672933320207254
OTU191421	0.279692902487683	0.433	0.0904214865670247	0.09	4.702129e-05	0.0005040927	0.000649481568125	0.0065532051
OTU535375	1.60308457253542	0.859	1.41711860131643	1.417	0.09135502	0.0656568	0.3225726359375	0.28174321
OTU341221	0.293354102169128	0.511	0.357890960640125	0.358	0.3778828	0.3353332	0.679797789473684	0.71258305
OTU348642	0.261431923945784	0.401	0.127114116664934	0.127	0.003083619	0.02266587	0.0197530376521739	0.131819928157895
OTU548587	0.303223378959848	0.359	0.464216576389788	0.464	0.006858509	0.04178269	0.0398876444473684	0.209863056590909
OTU548233	0.475824323857832	0.532	0.245032735524134	0.245	0.0002110309	0.0009621965	0.00239168353333333	0.0111918645526316
OTU336528	1.25335044091424	0.764	1.1001808204339	1.1	0.1252246	0.0735614	0.36764740397351	0.303870456074766
OTU194615	0.31953503217534	0.346	0.323405218330963	0.323	0.9356966	0.9465143	0.968571277314815	0.975196551515151
OTU357963	1.91274945879581	0.877	1.71988933934299	1.72	0.1123104	0.1299924	0.352065225531915	0.439289291603053
OTU193240	0.314520749195946	0.338	0.180329120328034	0.18	0.0008211989	0.003332824	0.00698019065	0.0267837856
OTU192347	0.345877636243906	0.798	0.306435872321166	0.306	0.6871492	0.7818359	0.89506664	0.932301807526882
OTU403701	0.705957933583724	1.02	0.54656067709334	0.547	0.2026195	0.4578333	0.492075928571429	0.8100313
OTU213487	1.18575348902088	0.817	0.910251945161859	0.91	0.01030944	0.01394009	0.05842016	0.089297388115942
OTU193372	0.32285863783699	0.421	0.374106572409773	0.374	0.3840648	0.421386	0.682253093975904	0.791879180590717
OTU184570	0.713083344461032	0.665	0.424775217585516	0.425	0.0002747039	0.001827095	0.00289093151904762	0.0187808369767442
OTU173986	0.344015597519652	0.539	0.461837654392426	0.462	0.137637	0.1681083	0.390364766666667	0.488841240789474
OTU194831	0.515864645149826	0.517	0.471275008363768	0.471	0.5003837	0.6265905	0.784289345390071	0.876759312658228
OTU187265	0.657425403107857	0.644	0.609039473714731	0.609	0.5666819	0.6739095	0.837780512211221	0.908134143292683
OTU359120	0.816653132427534	0.641	0.707997300872715	0.708	0.1806095	0.2398399	0.4695847	0.59095693038674
OTU198930	0.233045291817172	0.445	0.248369214549817	0.248	0.8004859	0.7482981	0.92294904	0.921302953203343
OTU199716	1.19429795028802	1.163	1.25362540549292	1.254	0.7065982	0.5295235	0.903860703170029	0.845370955234657
OTU174036	1.09258507593508	0.653	1.07712368914858	1.077	0.8568076	0.681622	0.953024074874372	0.910784410714286
OTU199421	0.945329073198298	0.718	0.720346392686216	0.72	0.01536243	0.02243063	0.0789557448837209	0.131819928157895
OTU2130193	0.0448198277067111	0.152	0.716697302988469	0.717	2.988405e-19	3.862717e-23	2.64175002e-17	3.414641828e-21
OTU179866	0.205233721300502	0.342	0.199788330711488	0.2	0.9130745	0.4071887	0.961854721904762	0.775764678448276
OTU358639	0.39514171560655	0.62	0.369421583980843	0.369	0.7558889	0.7132149	0.908626071698113	0.917700570140845
OTU524258	0.802479466129213	0.614	0.834544112406958	0.835	0.698745	0.692361	0.898380675581395	0.910784410714286
OTU362344	0.580817040567426	0.496	0.50391154965084	0.504	0.2435803	0.2485584	0.522651697087379	0.60071906010929
OTU573110	0.534227065588456	0.488	0.666112825263179	0.666	0.06332056	0.09019407	0.239557766666667	0.333304280833333
OTU1109844	0.157767958177553	0.427	0.452458610312982	0.452	0.0001262794	0.0001145944	0.00159472842285714	0.0016338943483871
OTU189677	0.795912552024987	0.744	0.501469244505965	0.501	0.001276753	0.003574389	0.00956482755932203	0.02821214175
OTU199698	0.257326706402861	0.309	0.200350191109565	0.2	0.152193	0.1610117	0.4204331625	0.478176958389262
OTU198618	0.310885963481539	0.541	0.299060062525838	0.299	0.8736161	0.5367483	0.958159593548387	0.848510231316726
OTU535549	0.763672476484327	0.858	0.935004573840934	0.935	0.191434	0.3499497	0.483507588571429	0.715444907272727
OTU199455	0.802310634526326	0.588	0.823946309722976	0.824	0.7867393	0.7241503	0.92294904	0.917700570140845
OTU199279	0.115577912242754	0.193	0.0910376233442699	0.091	0.3211474	0.3443771	0.609215239484979	0.714622902347418
OTU198324	0.484038378647105	0.699	0.47709982841898	0.477	0.9403144	0.8750688	0.968571277314815	0.9479912
OTU363232	0.583575912505995	0.674	0.516070820959539	0.516	0.4384973	0.4528319	0.74544541	0.8100313
OTU14288	0.0110469723179443	0.07	0.499965769681752	0.5	8.294013e-13	1.365787e-15	2.29122109125e-11	3.5510462e-14
OTU361108	0.636644592548016	0.727	0.620575062034268	0.621	0.8701507	0.8250728	0.957796517910448	0.945309358208955
OTU194758	0.245094191558105	0.478	0.247751791985484	0.248	0.966619	0.7893023	0.979686931350114	0.932614931733333
OTU322258	0.337378626144471	0.461	0.168662043048872	0.169	0.001617107	0.008177784	0.0113454173650794	0.0573742940952381
OTU197050	0.546169203568212	0.518	0.623668101919469	0.624	0.2706263	0.1813658	0.549227375229358	0.512513267088608
OTU212481	0.597313923059617	0.608	0.564971271828155	0.565	0.6771925	0.8218788	0.89506664	0.945309358208955
OTU367213	0.561022031932238	0.734	0.531022540490114	0.531	0.7584194	0.8851031	0.908626071698113	0.952429558150852
OTU192619	0.0996843915104327	0.17	0.106091148395944	0.106	0.8015556	0.7634568	0.92294904	0.929077685714286
OTU307238	0.425404289464318	0.488	0.511280580001631	0.511	0.2240077	0.3409667	0.507291882828283	0.714622902347418
OTU369017	0.634602455638868	0.549	0.412522735145121	0.413	0.0008773609	0.002450832	0.00718136144074074	0.021851358
OTU365484	0.626830290848971	0.675	0.472504315227191	0.473	0.06341235	0.1137381	0.239557766666667	0.4021779216
OTU197105	0.175587919237565	0.294	0.373917862788609	0.374	0.0002411034	0.002397166	0.00261294337073171	0.021851358
OTU1139524	0.273614620674082	0.506	0.294210808897318	0.294	0.7615973	0.591075	0.908626071698113	0.874312255555556
OTU189698	0.383186430952723	0.445	0.363279232218438	0.363	0.7319854	0.8573597	0.907589959776536	0.945309358208955
OTU195759	1.32338739353253	0.744	1.41245936564478	1.412	0.3694632	0.4047623	0.679797789473684	0.774480245021645
OTU188749	0.250884556590953	0.443	0.266537274585693	0.267	0.8037322	0.7906888	0.92294904	0.932614931733333
OTU198928	0.196549650885126	0.383	0.220067744744918	0.22	0.64149	0.4330892	0.891630754716981	0.800943206694561
OTU181187	0.188847642128329	0.362	0.218209113193439	0.218	0.5720696	0.7795546	0.837780512211221	0.932301807526882
OTU194112	0.420179097569894	0.51	0.27729820256254	0.277	0.01804714	0.06136736	0.0857724288172043	0.26855814970297
OTU304156	0.408318382962755	0.594	0.472857420176108	0.473	0.4450784	0.6049476	0.753734301915709	0.874312255555556
OTU195508	1.11390412953629	0.981	1.23527966135808	1.235	0.3713442	0.3743812	0.679797789473684	0.7487624
OTU193763	0.281741073732033	0.466	0.293137215864521	0.293	0.8581529	0.9147834	0.953024074874372	0.967133254285714
OTU328098	0.331037522557729	0.456	0.262939504599422	0.263	0.2260353	0.4441382	0.507291882828283	0.8100313
OTU525698	0.375929624220294	0.508	0.37867892765431	0.379	0.9686045	0.853536	0.979686931350114	0.945309358208955
OTU328659	0.79968306474608	0.807	0.763710942181028	0.764	0.7348843	0.7644121	0.907589959776536	0.929077685714286
OTU190639	0.22443336689363	0.401	0.207552246172256	0.208	0.7476198	0.872702	0.908626071698113	0.947750083538084
OTU357168	0.770657157883882	0.503	0.816344740991093	0.816	0.5079707	0.310266	0.787614790909091	0.689133527638191
OTU179157	0.157266609897343	0.249	0.11582725000297	0.116	0.1990849	0.1545176	0.491595116201117	0.469374028767123
OTU185588	0.70155793979893	0.528	0.754608297179266	0.755	0.4839171	0.4785725	0.774968689130435	0.82375098
OTU363400	1.0149041022698	0.66	0.964781045395059	0.965	0.5777157	0.5833735	0.839968221710526	0.874312255555556
OTU327818	0.394004270127948	0.638	0.334086447801152	0.334	0.4570406	0.726576	0.756599045692884	0.917700570140845
OTU531675	0.81250944541393	0.545	0.829129171058915	0.829	0.8258666	0.6878601	0.933588330434783	0.910784410714286
OTU365455	0.446298376085405	0.66	0.344632491077398	0.345	0.2082923	0.3860972	0.499763459139785	0.761403414096916
OTU331417	0.32515765046062	0.573	0.366134534464822	0.366	0.5978494	0.2999929	0.85795271038961	0.679609824242424
OTU368264	0.584362504164205	0.63	0.531123604093064	0.531	0.5126602	0.6195699	0.789532433449477	0.874919794888179
OTU184745	0.531202487175943	0.732	0.479286083113194	0.479	0.5694672	0.8706313	0.837780512211221	0.947750083538084
OTU560336	0.780596920343527	0.832	0.773336925740013	0.773	0.9465737	0.7765229	0.968571277314815	0.932301807526882
OTU529940	0.121778336146321	0.194	0.143074717686159	0.143	0.4242872	0.3906207	0.727960637209302	0.761403414096916
OTU609964	0.0181859746150419	0.077	0.702481743116832	0.702	1.10487e-17	2.575166e-20	8.139209e-16	1.62603338857143e-18
OTU216599	0.264326145852869	0.447	0.10173600821667	0.102	0.0007777526	0.03186792	0.00697765553333333	0.176070258
OTU520774	0.435436131561537	0.604	0.463382033452144	0.463	0.7333338	0.7440291	0.907589959776536	0.920780573184358
OTU319411	1.13199163241285	0.769	1.29825125605836	1.298	0.1286201	0.09048985	0.372949488888889	0.333304280833333
OTU196314	0.733935268573708	0.663	0.849853263726518	0.85	0.1927983	0.1975697	0.484186639772727	0.537045804848485
OTU215963	0.902971817455095	0.879	0.686060282616754	0.686	0.05700992	0.04394374	0.228069610810811	0.217727874
OTUNew.ReferenceOTU2357	0.15798302541289	0.29	0.147765966665053	0.148	0.7887228	0.9173981	0.92294904	0.967133254285714
OTUNew.ReferenceOTU1472	0.917772269846051	0.746	0.688195912714565	0.688	0.01312604	0.01766044	0.069900116626506	0.106930335342466
OTUNew.ReferenceOTU1885	0.0974423441464586	0.196	0.145524394951227	0.146	0.1206535	0.220249	0.365266075342466	0.569298584795322
OTUNew.ReferenceOTU1067	0.023709460774014	0.086	0.570104088844341	0.57	1.527785e-17	3.63988e-20	9.646871e-16	2.0110337e-18
OTUNew.ReferenceOTU1667	0.221770556040116	0.389	0.178481994029264	0.178	0.3671018	0.5687784	0.679797789473684	0.86739848
OTUNew.ReferenceOTU2699	0.183203243156996	0.335	0.165414838249928	0.165	0.6991922	0.3996191	0.898380675581395	0.76931675826087
OTUNew.ReferenceOTU1017	0.020947717694528	0.082	0.794780533795542	0.795	1.773205e-17	3.174974e-21	9.796957625e-16	2.33889751333333e-19
OTUNew.ReferenceOTU3631	0.300297325633982	0.303	0.254588874635766	0.255	0.2357977	0.3028626	0.515953383168317	0.679609824242424
OTUNew.ReferenceOTU1307	0.425072820588303	0.403	0.195732364184876	0.196	8.05321e-07	6.431309e-06	1.423807528e-05	0.000109332253
OTUNew.ReferenceOTU2207	0.200285975845877	0.28	0.0302926349076682	0.03	2.323288e-08	2.326186e-09	4.6676968e-07	5.14087106e-08
OTUNew.ReferenceOTU932	0.0138087153974303	0.063	0.618291495611057	0.618	5.324063e-15	5.363919e-19	1.96102987166667e-13	2.370852198e-17
OTUNew.ReferenceOTU3154	0.235602148739608	0.315	0.135603512525519	0.136	0.005951943	0.02814733	0.03507678408	0.161572985194805
OTUNew.ReferenceOTU545	0.240879602065823	0.395	0.150838094732301	0.151	0.0572754	0.08502973	0.228069610810811	0.32885276
OTUNew.ReferenceOTU2654	0.326210268106193	0.568	0.309384907042999	0.309	0.8226257	0.9887484	0.932309126666667	0.993242710909091
OTUNew.ReferenceOTU1653	0.775829078815958	0.58	0.609928718378274	0.61	0.0247894	0.03556843	0.115335945263158	0.184955836
OTUNew.ReferenceOTU1406	0.142211765334423	0.216	0.216534156305013	0.217	0.03237898	0.08704926	0.138946690873786	0.32885276
OTUNew.ReferenceOTU1687	0.309543182574388	0.475	0.152424546248224	0.152	0.00359335	0.01704359	0.0220591763888889	0.105970973333333
OTUNew.ReferenceOTU700	0.299284714494561	0.566	0.307895513850203	0.308	0.9091055	0.7691846	0.961854721904762	0.930961292349727
OTUNew.ReferenceOTU1357	0.413047651762864	0.44	0.346114023608018	0.346	0.2150435	0.4633373	0.50534744	0.815916679681275
OTUNew.ReferenceOTU2493	0.213622451122531	0.33	0.132035834398407	0.132	0.04405549	0.0550822	0.178647032844037	0.245922549494949
OTUNew.ReferenceOTU966	0.0154242315355558	0.072	0.585481306175228	0.585	4.991509e-15	2.093548e-17	1.96102987166667e-13	7.1180632e-16
OTUNew.ReferenceOTU3472	0.463545770854914	0.571	0.248509841032143	0.249	0.000915426	0.01726224	0.00735669621818182	0.105970973333333
OTUNew.ReferenceOTU3504	0.129549276878353	0.227	0.0843283666334888	0.084	0.09162614	0.2651806	0.3225726359375	0.6302894
OTUNew.ReferenceOTU1698	0.0522654699624046	0.155	0.668795719002563	0.669	1.306655e-11	3.749184e-12	3.20856394444444e-10	9.2063296e-11
OTUNew.ReferenceOTU168	0.124752224169359	0.209	0.0859147743727292	0.086	0.1325327	0.1832061	0.380386061038961	0.512513267088608
OTUNew.ReferenceOTU2476	0.436225876709092	0.387	0.326519675901423	0.327	0.02747544	0.03683048	0.120239054257426	0.189291536744186
OTUNew.ReferenceOTU2586	0.166115623347611	0.244	0.0761924208047326	0.076	0.001507231	0.002570748	0.0107450984193548	0.021851358
OTUNew.ReferenceOTU1109	0.127524329681331	0.271	0.425524685369534	0.426	0.0001386809	0.01718989	0.00170269327222222	0.105970973333333
OTUNew.ReferenceOTU1360	0.023709460774014	0.086	0.487786221265712	0.488	3.893512e-16	4.301935e-18	1.91214700444444e-14	1.7285957e-16
OTUNew.ReferenceOTU2608	0.307648554856361	0.443	0.3737382113013	0.374	0.2435888	0.07981564	0.522651697087379	0.320713753454545
OTUNew.ReferenceOTU997	0.210939815547009	0.422	0.151502835400417	0.152	0.246138	0.2616861	0.5255669	0.628615522826087
OTUNew.ReferenceOTU202	0.188811418218763	0.268	0.364056729151617	0.364	0.0002982135	0.002557196	0.00306535737209302	0.021851358
OTUNew.ReferenceOTU1820	0.195259030488953	0.295	0.0998869137320137	0.1	0.004379069	0.03305834	0.0261560607837838	0.178192515609756
OTUNew.ReferenceOTU1948	0.216675376676699	0.371	0.133902733892771	0.134	0.05880312	0.1801299	0.232062312857143	0.512513267088608
OTUNew.ReferenceOTU3096	0.195396497851164	0.381	0.240483582098387	0.24	0.3980225	0.3350002	0.700900179282869	0.71258305
OTUNew.ReferenceOTU756	0.00552348615897213	0.041	0.393487737728532	0.393	1.003857e-12	3.554152e-16	2.6100282e-11	1.04729012266667e-14
OTUNew.ReferenceOTU1382	0.00552348615897213	0.041	0.411533349367258	0.412	6.856855e-15	1.044666e-17	2.3313307e-13	3.8478531e-16
OTUNew.ReferenceOTU1688	0.315341787277257	0.392	0.62730342737356	0.627	2.61847e-05	0.0009264934	0.000373343141935484	0.0110678400756757
OTUNew.ReferenceOTU2624	0.235169562767248	0.275	1.40648576001454	1.406	3.801878e-30	7.989907e-27	5.60143358666667e-28	8.828847235e-25
OTUNew.ReferenceOTU2938	0.0993150045377974	0.207	0.209919745615174	0.21	0.01084432	0.1626207	0.059914868	0.479188996
OTUNew.ReferenceOTU2150	0.00713900229709765	0.054	0.436216339518445	0.436	7.296575e-13	9.129425e-16	2.15005743333333e-11	2.52200365625e-14
OTUNew.ReferenceOTU1712	0.949993987258177	0.967	0.966946041668967	0.967	0.8943871	0.5867713	0.961854721904762	0.874312255555556
OTUNew.ReferenceOTU2365	0.42084242334233	0.654	0.381297207854966	0.381	0.6345393	0.9769404	0.884751957728707	0.990384533944954
OTUNew.ReferenceOTU2367	0.275812552287824	0.48	0.254437970278567	0.254	0.7416289	0.6162928	0.908626071698113	0.874919794888179
OTUNew.ReferenceOTU2556	0.117143932675496	0.2	0.133556271250717	0.134	0.5743156	0.8123291	0.837780512211221	0.945309358208955
OTUNew.ReferenceOTU2395	0.523851157318861	0.617	0.534498486935238	0.534	0.9008113	0.8913555	0.961854721904762	0.956260026699029
OTUNew.ReferenceOTU3060	0.271855475179979	0.324	0.347548512843504	0.348	0.114003	0.1765783	0.354854408450704	0.508366587012987
OTUNew.ReferenceOTU801	0.153800163434453	0.304	0.154845206931271	0.155	0.9781904	0.4885072	0.987123645662101	0.826025229657795
OTUNew.ReferenceOTU2081	0.314621488458468	0.544	0.249324878162155	0.249	0.3436459	0.3460046	0.646089490295359	0.714645014953271
OTUNew.ReferenceOTU1860	0.0336102061505978	0.103	0.988889765166075	0.989	2.800922e-27	7.44842e-31	3.09501881e-25	3.29220164e-28
OTUNew.ReferenceOTU1869	0.151530978794819	0.239	0.113544925630663	0.114	0.2156034	0.2166015	0.50534744	0.566496230769231
OTUNew.ReferenceOTU3358	0.317333587885454	0.519	0.306949794734272	0.307	0.8812107	0.9325615	0.959347609359606	0.969396267605634
OTUNew.ReferenceOTU659	0.159323856567428	0.333	0.186076936835984	0.186	0.5423884	0.3783975	0.819364415646258	0.753386013513514
OTUNew.ReferenceOTU2411	0.329000358138256	0.366	0.334027473228454	0.334	0.9308698	0.4300165	0.968571277314815	0.798602071428572
OTUNew.ReferenceOTU2961	0.199910820299706	0.415	0.131643617906815	0.132	0.1535854	0.5079438	0.421644390062112	0.8363574375
OTUNew.ReferenceOTU3587	0.319564247448516	0.677	0.259271638916158	0.259	0.4657027	0.5691076	0.760783121771218	0.86739848
OTUNew.ReferenceOTU89	0.0225632338326535	0.089	0.595071053014967	0.595	2.568057e-13	2.212537e-16	8.10772281428571e-12	6.98529538571429e-15
OTUNew.ReferenceOTU1056	0.239271930027269	0.292	0.0648836594974956	0.065	1.163103e-07	9.791011e-08	2.23518054782609e-06	1.88157689652174e-06
OTUNew.ReferenceOTU1509	0.272165215818373	0.553	0.366612082936226	0.367	0.2596137	0.3044406	0.54127007264151	0.679609824242424
OTUNew.ReferenceOTU1013	0.333225638816583	0.352	0.206997831383136	0.207	0.004317473	0.005780666	0.0261414118630137	0.0433060063050847
OTUNew.ReferenceOTU2400	0.28463360450894	0.458	0.29106896590886	0.291	0.9139796	0.6192171	0.961854721904762	0.874919794888179
OTUNew.ReferenceOTU2405	0.170755434027521	0.298	0.0926298231836058	0.093	0.02626601	0.02926314	0.118291834949495	0.16582446
