Taxa	stoolMeans	stoolSD	swabMeans	swabSD	tissueMeans	tissueSD	Origin p-value	OriginSwabStool p-value	OriginTissueStool p-value	OriginTissueSwab p-value	Time p-value	Individual p-value	Origin (adj p-value)	OriginSwabStool (adj p-value)	OriginTissueStool (adj p-value)	OriginTissueSwab (adj p-value)	Time (adj p-value)	Individual (adj p-value)
Burkholderiales	1.2	0.401	1.28	0.58	1.049	0.201	0.227222481420225	0.654079508327803	0.390082124408881	0.197670023003468	0.436993093544129	7.55681123398647e-12	0.241881996350562	0.99995620847492	0.459739646624753	0.241596694782016	0.972190562078386	2.06666727611131e-10
Acidithiobacillales	0.079	0.162	0.227	0.256	0.05	0.201	0.000757521040340841	0.000939221591203965	0.833011290673272	0.00855616004364701	0.215470629274618	0.682402240416907	0.00151504208068168	0.00688762500216241	0.901290904662884	0.0152623395373163	0.972190562078386	0.714897585198664
Thermotogales	0.135	0.246	0.116	0.244	0.024	0.095	0.214161395803457	0.925071658961752	0.185567055922544	0.420301982779915	0.322046031817871	0.000703927024198873	0.231715608574232	0.99995620847492	0.23552741713246	0.45475296497499	0.972190562078386	0.0012226100946612
Bacillales	1.604	0.422	2.599	0.507	1.653	0.35	1.34703247401524e-19	1.98729921407903e-14	0.904776741818654	2.09066430834071e-10	0.0352306394364886	0.516947529775338	1.2700591897858e-18	9.85544978959751e-13	0.963149434839212	1.37983844350487e-09	0.838479524436785	0.550298983309231
Chlamydiales	0.172	0.353	0.118	0.232	0	0	0.11816438802374	0.704655519387095	0.107992098603089	0.453257195063832	0.789869208357785	0.043808222104119	0.134462924302877	0.99995620847492	0.142549570156077	0.482499594745369	0.995692413269522	0.051631118908426
Thermales	0.636	0.428	1.541	0.492	0.652	0.487	4.57974780300803e-16	2.98649993624167e-14	0.990132282115711	8.46999781423108e-09	0.177526885663018	0.264512687180161	2.74784868180482e-15	9.85544978959751e-13	0.999462195220596	4.65849879782709e-08	0.972190562078386	0.300997195756735
Vibrionales	0.436	0.32	0.474	0.435	0.118	0.267	0.00176697348579256	0.859954604792666	0.00207571680920271	0.00316608750042957	0.791753063592077	0.00010124419969942	0.00291550625155772	0.99995620847492	0.00415143361840542	0.00674070242026941	0.995692413269522	0.000230417833798681
Thermoanaerobacterales	0.939	0.295	1.285	0.291	1.675	0.239	1.13022866952178e-17	3.72845543661349e-07	3.09752223870419e-14	9.61597749596921e-05	0.99265842955352	0.277394492828622	8.28834357649303e-17	4.9215611763298e-06	2.27151630838307e-13	0.000288479324879076	0.995692413269522	0.310305703842187
Chloroflexales	0.175	0.262	0.113	0.239	0	0	0.0239302238126748	0.463765955184127	0.0228489026245919	0.300100580825178	0.424708130299748	0.0068174351318456	0.0343346689486204	0.99995620847492	0.0407575019790018	0.336377010465352	0.972190562078386	0.00882256311180018
Phycisphaerales	0.138	0.245	0.107	0.234	0	0	0.0853666481578613	0.806356983220753	0.0704420149471627	0.300700660870542	0.860078641075205	0.00333723704203916	0.102439977789434	0.99995620847492	0.0989185741811221	0.336377010465352	0.995692413269522	0.0048946143283241
Acholeplasmatales	0.241	0.306	0.369	0.359	0.214	0.299	0.139485369508908	0.145915757282724	0.946628867671069	0.266107777942489	0.235732735387172	0.00643044750812133	0.156034481145559	0.48152199903299	0.980030101890129	0.308124795512356	0.972190562078386	0.00882121438029964
Cytophagales	0.752	0.367	0.66	0.505	0.39	0.366	0.00367027166213621	0.524741633207001	0.00268643891702325	0.0808383247373103	0.555988156048355	0.00268448382333153	0.00590824218782902	0.99995620847492	0.00521485201539807	0.111152696513802	0.991762656734903	0.00412037051953211
Bacteroidales	4.321	0.376	4.073	0.586	2.088	0.536	1.31627025668507e-38	0.0270277844053348	1.66533453693773e-15	1.66533453693773e-15	0.818932400691196	0.00222498198868679	4.34369184706071e-37	0.137217982365546	3.66373598126302e-14	4.15223411209809e-14	0.995692413269522	0.00349640026793639
Clostridiales	3.855	0.43	3.792	0.639	1.769	0.568	9.00662844939451e-32	0.825106604545233	1.66533453693773e-15	1.88737914186277e-15	0.995692413269522	0.0030817434592819	1.98145825886679e-30	0.99995620847492	3.66373598126302e-14	4.15223411209809e-14	0.995692413269522	0.00462261518892284
Synergistales	0.4	0.35	0.396	0.45	0.05	0.201	0.00174040805512248	0.998815044225214	0.00128073385896532	0.00738140101569285	0.883922154460532	7.47172315036483e-08	0.00291550625155772	0.99995620847492	0.00264151358411598	0.0135325685287702	0.995692413269522	2.90078663484752e-07
Actinomycetales	1.557	0.419	1.757	0.629	0.627	0.521	6.36637439898146e-12	0.129697508743782	1.04508512954737e-10	1.86627380216464e-11	0.94412423126784	8.12649729105449e-09	3.00129078809126e-11	0.450528188267874	5.74796821251056e-10	1.75962958489809e-10	0.995692413269522	4.12576016315074e-08
Acidobacteriales	0.393	0.361	0.363	0.476	0	0	0.00057148702404824	0.925396168838327	0.000352275827861459	0.00570432379394048	0.811854116939502	1.20876499580323e-09	0.00121671430926399	0.99995620847492	0.000861118690328011	0.011408647587881	0.995692413269522	7.25258997481939e-09
Neisseriales	0.499	0.357	0.459	0.44	0.34	0.41	0.29919373156901	0.876912674943401	0.273469195110356	0.581702234797493	0.488873078441374	0.037710568334263	0.313441052119915	0.99995620847492	0.339006407841355	0.609402341216422	0.972190562078386	0.0452526820011155
Rhizobiales	1.081	0.414	1.26	0.452	0.966	0.377	0.0552753879625676	0.117557269082312	0.564504213647453	0.0680877340747428	0.638007045436018	5.09445259177065e-09	0.0701572231832589	0.450528188267874	0.653636457907577	0.0956125627432558	0.995692413269522	2.80194892547386e-08
Thermodesulfobacteriales	0.19	0.236	0.137	0.224	0.045	0.179	0.0477932022306285	0.511568626840392	0.0470742934574132	0.396435663654283	0.0381127056562175	0.845955536647388	0.0630870269444296	0.99995620847492	0.0722535667020761	0.436079230019712	0.838479524436785	0.872391647167619
Xanthomonadales	0.452	0.392	0.526	0.418	0.302	0.373	0.198081850920699	0.655953911610338	0.340803115857944	0.170982908649756	0.245145629157049	5.31586264188383e-06	0.217890036012769	0.99995620847492	0.408963739029532	0.215691665146117	0.972190562078386	1.40338773745733e-05
Desulfobacterales	0.513	0.369	0.451	0.435	0.111	0.311	0.000638359170222832	0.724026171525895	0.000377742956363392	0.0133696425272761	0.917650371909255	0.000120920765845437	0.00131661578858459	0.99995620847492	0.000890394111427995	0.0220599101700056	0.995692413269522	0.000266025684859962
Rhodobacterales	0.581	0.407	0.629	0.478	0	0	7.38858425870547e-07	0.837449040243964	9.15143162805165e-07	4.7561498488502e-06	0.468852381804973	6.14178581057852e-10	2.43823280537281e-06	0.99995620847492	3.55290874971417e-06	1.97211173976614e-05	0.972190562078386	4.57500268443167e-09
Fusobacteriales	0.357	0.381	0.516	0.539	0.044	0.177	0.00108559186415243	0.153834854462325	0.0112771570243088	0.000668114678857301	0.0701939750824668	0.00429694256896345	0.00203387450029522	0.483480971167309	0.0206747878778994	0.00169598341556084	0.909564051215614	0.00616517846851278
Verrucomicrobiales	1.86	1.218	1.615	1.282	0.633	0.716	0.000862241226533113	0.600131237524014	0.000538441743432316	0.0245925829573023	0.202067439216098	1.25252562188564e-11	0.00167376238091722	0.99995620847492	0.00122541914022527	0.0377467552367895	0.972190562078386	2.06666727611131e-10
Erysipelotrichales	1.642	0.458	1.576	0.618	0.319	0.468	4.43093964676068e-17	0.805556023123731	2.80886425230165e-14	7.34856619999391e-13	0.316029477166573	6.05983392802248e-05	2.92442016686205e-16	0.99995620847492	2.27151630838307e-13	9.70010738399196e-12	0.972190562078386	0.000142838942589101
Chlorobiales	0.619	0.394	0.432	0.493	0.081	0.224	5.54057631544163e-06	0.0779371568919025	5.8588870383014e-06	0.0169142412057343	0.611722910229037	7.99016821166957e-08	1.56638872721246e-05	0.340273774879003	2.03519233962049e-05	0.0272278029165478	0.995692413269522	2.92972834427884e-07
Pseudomonadales	1.051	0.449	1.797	0.621	1.055	0.418	8.56624328721602e-11	5.77463632467357e-11	0.999462195220596	5.89973268994015e-06	0.0214567948177396	0.00172126960320685	3.76914704637505e-10	1.27041999142818e-09	0.999462195220596	2.29048445609441e-05	0.838479524436785	0.00291291779004236
Rhodocyclales	0.431	0.352	0.305	0.363	0	0	1.86877164679719e-05	0.189043489522249	1.39965731363878e-05	0.0120586338347644	0.714796272140475	4.60003087241398e-07	4.5681084699487e-05	0.567130468566747	4.19897194091634e-05	0.0204069187972935	0.995692413269522	1.44572398847296e-06
Caulobacterales	0.347	0.357	0.371	0.422	0	0	0.00110938609107012	0.949165699490406	0.00104900881441061	0.00293498646276047	0.979651733394101	3.15643868670117e-11	0.00203387450029522	0.99995620847492	0.00230781939170335	0.00667962436352383	0.995692413269522	4.16649906644554e-10
Planctomycetales	0.362	0.333	0.384	0.41	0.035	0.141	0.00128772824454547	0.95047998833751	0.0012154971107069	0.00333424258529813	0.678587966771055	2.23441485776861e-07	0.00229702876054057	0.99995620847492	0.0025878325582792	0.00687687533217739	0.995692413269522	7.76165161119623e-07
Campylobacterales	1.225	0.504	1.452	0.709	0.25	0.413	9.58204023366344e-11	0.126019894631002	1.59742474803437e-09	1.94562255195763e-10	0.393639871005125	6.35183615093422e-07	3.95259159638617e-10	0.450528188267874	7.53071666930489e-09	1.37983844350487e-09	0.972190562078386	1.90555084528027e-06
Syntrophobacterales	0.15	0.214	0.202	0.343	0	0	0.0223351586975876	0.548474848470092	0.0500714117532102	0.0183322157230369	0.957816991851518	0.00176684234469837	0.0327582327564618	0.99995620847492	0.0751071176298153	0.0288077675647723	0.995692413269522	0.00291528986875232
Mycoplasmatales	0.963	0.356	1.347	0.445	2.033	0.227	2.17869191462405e-20	7.41975372320347e-06	2.00950367457153e-14	4.94409108098282e-08	0.99425665600923	0.350727608053999	2.58406955793809e-19	8.16172909552382e-05	2.27151630838307e-13	2.51007701034512e-07	0.995692413269522	0.379475772648589
Aeromonadales	0.477	0.354	0.579	0.496	0	0	3.21332670063042e-06	0.397213227658577	1.21649645551392e-05	4.7808769448876e-06	0.777876349648107	0.000192107784231015	9.63998010189125e-06	0.99995620847492	3.82327457447231e-05	1.97211173976614e-05	0.995692413269522	0.000401054742251175
Enterobacteriales	2.229	0.979	3.039	1.036	1.834	0.518	6.15992710326037e-05	0.000349366178957311	0.277368879142927	0.000273446464594485	0.896033694277426	1.93282517682212e-10	0.000145198281719709	0.00288227097639782	0.339006407841355	0.000751977777634832	0.995692413269522	1.82237802386085e-09
Oceanospirillales	0.526	0.31	0.911	0.371	1.255	0.295	1.49634517811833e-15	3.51101561046896e-07	1.63868918434673e-13	0.00241715499112338	0.499065213968528	0.99984684766863	8.22989847965082e-15	4.9215611763298e-06	9.83213510608039e-13	0.00569757962193369	0.972190562078386	0.999854807137752
Bifidobacteriales	1.93	0.705	1.839	0.659	0.348	0.394	3.9175161114418e-14	0.799544919051685	4.69624339416441e-14	1.72558412003809e-10	0.323262124223595	9.71742337440077e-06	1.98889279503968e-13	0.99995620847492	3.09952064014851e-13	1.37983844350487e-09	0.972190562078386	2.46673054888635e-05
Lactobacillales	2.229	0.598	2.599	0.488	0.604	0.683	2.34915414358008e-20	0.0111100722454907	2.87547763377916e-14	2.09832151654155e-14	0.790013979443608	0.120602512024466	2.58406955793809e-19	0.0666604334729439	2.27151630838307e-13	3.46223050229355e-13	0.995692413269522	0.139645013923066
Chrysiogenales	0.102	0.201	0.23	0.288	0	0	0.00138333038446276	0.0126883558115745	0.171159733063588	0.00167680697739658	0.0927928873022123	0.000616104600276323	0.0024026264572248	0.0697859569636595	0.221500831023467	0.00409886150030276	0.909564051215614	0.0010989973950875
Rickettsiales	0.267	0.251	0.532	0.354	1.125	0.334	8.9269323655457e-21	7.97226565768527e-05	1.45439216225896e-14	1.80452552900334e-09	0.912487177791376	0.999854807137752	1.47294384031504e-19	0.000751670762010326	2.27151630838307e-13	1.08271531740201e-08	0.995692413269522	0.999854807137752
Myxococcales	0.623	0.467	0.686	0.549	0.223	0.347	0.00450898506121021	0.806693757783278	0.00595324390685892	0.00618775891074552	0.873737064222456	9.61508459938896e-12	0.00708554795333033	0.99995620847492	0.0112261170815054	0.0120115320032119	0.995692413269522	2.06666727611131e-10
Desulfarculales	0.224	0.286	0.183	0.333	0.169	0.309	0.684790144705827	0.79407791864683	0.771145612434891	0.987855216910708	0.415100913899405	1.60115677597124e-06	0.695325377701301	0.99995620847492	0.862637464757675	0.987855216910708	0.972190562078386	4.40318113392092e-06
Thiotrichales	0.163	0.288	0.163	0.249	0	0	0.0712032431048631	0.99995620847492	0.0614863483152356	0.123698445137491	0.341035296854041	0.000401310739457232	0.0870261860170549	0.99995620847492	0.0882195432349032	0.163281947581489	0.972190562078386	0.000779014964828745
Desulfuromonadales	0.686	0.422	0.741	0.487	0.13	0.289	7.01343572300568e-06	0.813644616945056	9.09976418084213e-06	2.78057726609271e-05	0.529694167453224	1.18732301912215e-09	1.8515470308735e-05	0.99995620847492	3.0029221796779e-05	9.17590497810594e-05	0.972190562078386	7.25258997481939e-09
Dehalococcoidales	0.187	0.275	0.271	0.426	0	0	0.0159831218801398	0.389900493702315	0.0540950291405796	0.0117784855708938	0.501603148904184	0.000413213393736151	0.0239746828202097	0.99995620847492	0.0793393760728501	0.0204069187972935	0.972190562078386	0.000779202399616741
Sphingobacteriales	0.697	0.391	0.581	0.457	0.035	0.141	2.09024252720142e-08	0.341827263397137	9.03526864437509e-09	4.3664211024308e-05	0.529204956433535	0.000461205839643863	7.66422259973852e-08	0.98089562540048	3.97551820352504e-08	0.000137230377504968	0.972190562078386	0.000845544039347081
Methylococcales	0.161	0.24	0.202	0.315	0	0	0.0263058006368705	0.723003963231387	0.0411162191869253	0.025625276566718	0.734299294521256	0.000194450784121782	0.0369400604687968	0.99995620847492	0.0678174693796155	0.038437914850077	0.995692413269522	0.000401054742251175
Pasteurellales	0.976	0.68	0.995	0.533	0.816	0.412	0.611977123122451	0.989577756382324	0.613562170764143	0.637670759220289	0.483074106876202	0.0285649579829857	0.631101408220028	0.99995620847492	0.698191435697129	0.657597970445923	0.972190562078386	0.0349127264236492
Flavobacteriales	1.257	0.333	1.49	0.292	1.737	0.122	2.65289377418797e-08	0.00167442190877054	1.57159621982927e-07	0.0320555625342317	0.660127532519188	0.00629377768018362	9.21531521560032e-08	0.0110511845978856	6.48283440679576e-07	0.0459927636360716	0.995692413269522	0.00882121438029964
Sphingomonadales	0.424	0.353	0.368	0.437	0	0	9.06760078654568e-05	0.742098568825202	4.90456489351532e-05	0.00313182730038641	0.469871074411903	6.68994774523584e-08	0.000206366086866212	0.99995620847492	0.000129480513188804	0.00674070242026941	0.972190562078386	2.75960344490978e-07
Gloeobacterales	0.128	0.216	0.114	0.263	0	0	0.0896576138092139	0.946301853615251	0.0722819403442952	0.213556086134323	0.671287413126465	0.00674701436684622	0.105667901989431	0.99995620847492	0.099387667973406	0.256267303361187	0.995692413269522	0.00882256311180018
Rhodospirillales	0.701	0.424	0.734	0.452	0.216	0.336	0.000103792048189621	0.929520108842113	0.00010150100336892	0.000390384886498452	0.238714727688957	3.86312024429288e-11	0.000228342506017166	0.99995620847492	0.000257656393167259	0.00103061610035591	0.972190562078386	4.24943226872217e-10
Gallionellales	0.158	0.252	0.136	0.262	0	0	0.0551527217073267	0.90480647221908	0.042706096238522	0.173206943223397	0.646291945774147	0.000380882503728326	0.0701572231832589	0.99995620847492	0.0678174693796155	0.215691665146117	0.995692413269522	0.000761765007456652
Halanaerobiales	0.141	0.205	0.174	0.297	0	0	0.0295099475859677	0.757876597394471	0.0431565714233917	0.0297642860887363	0.32335039583453	0.0190390162710288	0.0397480926668136	0.99995620847492	0.0678174693796155	0.0436542862634799	0.972190562078386	0.0237089636582623
Desulfovibrionales	1.234	0.414	1.301	0.525	1.269	0.22	0.753053075725677	0.74465208133566	0.95033222001467	0.969046006506266	0.742046709394734	1.06311806922673e-13	0.753053075725677	0.99995620847492	0.980030101890129	0.983954406606363	0.995692413269522	7.01657925689642e-12
Selenomonadales	1.51	0.639	1.418	0.883	0.267	0.436	1.75940630776274e-09	0.79977891468116	7.86354203974327e-10	7.49012594614129e-07	0.470851789775812	1.27678628997228e-08	6.83063625366709e-09	0.99995620847492	3.99225980479273e-09	3.53105937460947e-06	0.972190562078386	5.97234985152604e-08
Spirochaetales	0.941	0.379	1.127	0.492	0.876	0.37	0.0636127825238821	0.0824906120918796	0.824457953538854	0.120446302347993	0.69307046499272	2.36183724263347e-07	0.0792159178599286	0.340273774879003	0.901290904662884	0.162233794999338	0.995692413269522	7.79406290069046e-07
Deferribacterales	0.138	0.211	0.1	0.178	0	0	0.0286334928616296	0.617913878779664	0.023754242487157	0.230420756996118	0.530285761133665	0.0121839060389821	0.0393710526847408	0.99995620847492	0.0412573685303253	0.271567320745425	0.972190562078386	0.0154641884340927
Methylophilales	0.185	0.253	0.258	0.372	0	0	0.00878034219603993	0.408809927827241	0.028563682268796	0.00658901498798536	0.0807831156192041	0.00210172143550207	0.0134768043008985	0.99995620847492	0.0483385392241163	0.0124249996916295	0.909564051215614	0.00338325889617406
Deinococcales	0.465	0.375	0.487	0.422	0	0	1.862275363326e-05	0.959039166569025	1.6545000465884e-05	0.000114621642331003	0.804432192478407	1.35735223898319e-08	4.5681084699487e-05	0.99995620847492	4.54987512811811e-05	0.000328914277993313	0.995692413269522	5.97234985152604e-08
Hydrogenophilales	0.135	0.233	0.137	0.295	0	0	0.093850728971795	0.999576536022779	0.0827338758820447	0.150749346247747	0.186378496108582	0.0065490834035558	0.108669265125236	0.99995620847492	0.111437465473775	0.19508738926179	0.972190562078386	0.00882121438029964
Chromatiales	0.539	0.366	0.555	0.425	0.024	0.095	1.655380644675e-06	0.975072114796501	1.37714060222116e-06	1.8726198489416e-05	0.512473484489051	1.05942552116823e-06	5.2026248832643e-06	0.99995620847492	5.04951554147759e-06	6.50489000158662e-05	0.972190562078386	3.04009062596102e-06
Coriobacteriales	2.253	0.559	1.986	0.659	0.632	0.504	1.78964217594474e-18	0.0774630311419827	2.38697950294409e-14	1.39332989590457e-11	0.0964689145228681	1.24946891792794e-05	1.47645479515441e-17	0.340273774879003	2.27151630838307e-13	1.53266288549503e-10	0.909564051215614	3.05425735493496e-05
Unclassified	2.97	0.122	2.959	0.149	2.272	0.127	1.1325610623118e-42	0.920024100500556	1.66533453693773e-15	1.66533453693773e-15	0.308600911846666	0.348633996634399	7.47490301125785e-41	0.99995620847492	3.66373598126302e-14	4.15223411209809e-14	0.972190562078386	0.379475772648589
Alteromonadales	4.834	0.161	4.792	0.271	5.064	0.009	5.69595900804532e-06	0.513153196991187	1.52188992230684e-05	1.04237294279441e-05	0.421421666271766	6.23864002422501e-10	1.56638872721246e-05	0.99995620847492	4.36716238575006e-05	3.82203412357951e-05	0.972190562078386	4.57500268443167e-09
