Taxa	stoolMeans	stoolSD	swabMeans	swabSD	tissueMeans	tissueSD	Origin p-value	OriginSwabStool p-value	OriginTissueStool p-value	OriginTissueSwab p-value	Time p-value	Individual p-value	Origin (adj p-value)	OriginSwabStool (adj p-value)	OriginTissueStool (adj p-value)	OriginTissueSwab (adj p-value)	Time (adj p-value)	Individual (adj p-value)	rsquared marginal	rsquared conditional
Eubacteriaceae	2.95954966300549	0.621	2.7664906565827	0.788	0.720078137286896	0.661	<2e-16	0.364	2.33e-15	2.96e-14	0.541	1.01e-06	NA	1	3.23611111111111e-14	3.5e-13	0.921875	3.82575757575758e-06	0.559	0.739
Spirochaetaceae	0.850461199007021	0.377	1.02488650372523	0.473	0.809599077076861	0.342	3.63e-05	0.102	0.922	0.195	0.749	1.05e-08	6.84905660377359e-05	0.51	0.944672131147541	0.236650485436893	0.94	8.203125e-08	0.089	0.544
Comamonadaceae	0.646701297464172	0.396	0.857044990511804	0.524	0.964008030187136	0.195	0.566	0.0467	0.013	0.684	0.811	4.64e-07	0.566	0.36484375	0.0219594594594595	0.713541666666667	0.950657894736842	2e-06	0.005	0.45
Bifidobacteriaceae	1.93005174668966	0.705	1.83861933722293	0.659	0.347531132303426	0.394	<2e-16	0.8	4.7e-14	1.73e-10	0.196	9.72e-06	NA	1	3.26388888888889e-13	1.3515625e-09	0.760416666666667	2.64130434782609e-05	0.416	0.652
Xanthomonadaceae	0.45199284103991	0.392	0.526058884891388	0.418	0.302487882048545	0.373	1.91e-05	0.656	0.341	0.171	0.136	5.32e-06	3.82e-05	1	0.3875	0.21375	0.740384615384615	1.54651162790698e-05	0.131	0.453
Prevotellaceae	1.69857977976149	0.653	2.00226804876987	0.926	0.505838599324267	0.714	<2e-16	0.125	2.55e-08	2.24e-09	0.479	1.83e-09	NA	0.538793103448276	1.38586956521739e-07	1.55555555555556e-08	0.921875	2e-08	0.353	0.664
Desulfarculaceae	0.224088197510459	0.286	0.182744321639796	0.333	0.168826088002821	0.309	0.00469	0.794	0.771	0.988	0.303	1.6e-06	0.0055952380952381	1	0.83804347826087	0.991	0.861111111111111	5.71428571428571e-06	0.073	0.392
Planctomycetaceae	0.362392283870712	0.333	0.384221846274642	0.41	0.0352537561027599	0.141	3.24e-11	0.95	0.00122	0.00333	0.568	2.23e-07	1.50454545454545e-10	1	0.00293269230769231	0.00816176470588235	0.921875	1.07211538461538e-06	0.254	0.576
Lactobacillaceae	0.938606693351554	0.529	1.01648359384087	0.48	0.133576878951477	0.37	3.31e-11	0.753	8.02e-08	3.98e-07	0.583	0.000357	1.50454545454545e-10	1	3.85576923076923e-07	1.91346153846154e-06	0.921875	0.000619791666666667	0.275	0.508
Micrococcaceae	0.629019938145178	0.477	0.64961805078721	0.605	0.0501713787930516	0.201	2.93e-12	0.979	5.79e-05	0.00038	0.922	2.37e-08	1.72352941176471e-11	1	0.000195608108108108	0.0011875	0.985042735042735	1.74264705882353e-07	0.267	0.612
Alcaligenaceae	0.429923217531934	0.348	0.400292755884699	0.468	0.0501713787930516	0.201	1.99e-12	0.923	0.000471	0.00712	0.417	4.76e-08	1.24375e-11	1	0.00130833333333333	0.0146370967741935	0.911637931034483	2.95833333333333e-07	0.281	0.616
Staphylococcaceae	0.29115871925441	0.306	0.309658735646278	0.358	0	0	0.000288	0.956	0.00131	0.00367	0.509	0.092	0.000446153846153846	1	0.00303240740740741	0.00882211538461538	0.921875	0.105504587155963	0.111	0.218
Anaeromyxobacteraceae	0.284377831616103	0.314	0.344627946246208	0.403	0	0	2.83e-08	0.649	0.00322	0.00203	0.371	2.41e-05	8.84375e-08	1	0.00682203389830509	0.00551630434782609	0.861111111111111	5.68396226415094e-05	0.202	0.469
Pelobacteraceae	0.239354769491731	0.31	0.29446014873312	0.364	0	0	9.01e-08	0.678	0.0118	0.00717	0.647	5.09e-05	2.50277777777778e-07	1	0.0202054794520548	0.0146370967741935	0.921875	0.000109698275862069	0.191	0.468
Kofleriaceae	0.172332634311126	0.296	0.209852983537448	0.317	0.050066526876103	0.2	1.63e-06	0.82	0.27	0.192	0.563	1.47e-07	3.97560975609756e-06	1	0.315420560747664	0.235294117647059	0.921875	7.35e-07	0.151	0.502
Nocardiopsaceae	0.155104841382762	0.252	0.153252774526509	0.292	0	0	5.92e-06	0.999	0.0549	0.121	0.273	3.36e-06	1.23958333333333e-05	1	0.07625	0.159210526315789	0.824404761904762	1.07692307692308e-05	0.143	0.472
Catenulisporaceae	0.116723478267962	0.214	0.152939848369344	0.311	0	0	0.0174	0.733	0.136	0.0803	0.372	0.179	0.0193333333333333	1	0.171717171717172	0.109103260869565	0.861111111111111	0.199776785714286	0.06	0.157
Chromobacteriaceae	0.21546920139583	0.267	0.307346539306778	0.327	0.183312868833332	0.336	0.0277	0.288	0.907	0.346	0.00743	1.03e-05	0.0297849462365591	0.947368421052631	0.93698347107438	0.396788990825688	0.623214285714286	2.73936170212766e-05	0.072	0.364
Rhodobacteraceae	0.550919385627579	0.393	0.615480283906558	0.475	0	0	<2e-16	0.72	1.68e-06	4.24e-06	0.238	1.92e-09	NA	1	7.24137931034483e-06	1.76666666666667e-05	0.791666666666667	2e-08	0.386	0.728
Vibrionaceae	0.43624989724325	0.32	0.474499288201034	0.435	0.118236230328426	0.267	2.61e-06	0.86	0.00208	0.00317	0.745	0.000101	6.06976744186047e-06	1	0.00472727272727273	0.007925	0.94	0.000206967213114754	0.148	0.413
Geodermatophilaceae	0.11708773141115	0.203	0.102520839074411	0.203	0.0501713787930516	0.201	0.224	0.939	0.435	0.685	0.0912	0.337	0.230927835051546	1	0.489864864864865	0.713541666666667	0.7125	0.363146551724138	0.039	0.104
Nocardiaceae	0.312496621269627	0.336	0.335828792488142	0.431	0	0	1.84e-11	0.945	0.00244	0.00564	0.798	3.96e-09	9.2e-11	1	0.00525862068965517	0.0125	0.950657894736842	3.53571428571429e-08	0.254	0.602
Rhodospirillaceae	0.568949840525649	0.412	0.621760475290867	0.461	0.0704053671341408	0.192	<2e-16	0.814	2.95e-05	7.4e-05	0.0446	2.67e-12	NA	1	0.000105357142857143	0.000256944444444444	0.623214285714286	1.1125e-10	0.366	0.751
Bacillaceae	1.44241811795509	0.47	2.56508939432309	0.542	1.64547757938884	0.357	<2e-16	1.54e-14	0.247	1.44e-08	0.0525	0.765	NA	1.86875e-12	0.294047619047619	8.18181818181818e-08	0.623214285714286	0.783811475409836	0.474	0.487
Veillonellaceae	1.20421137263648	0.603	1.14985417180691	0.727	0.118233161850578	0.326	2.48e-13	0.908	2.11e-09	7.97e-07	0.699	0.000109	2.06666666666667e-12	1	1.31875e-08	3.55803571428571e-06	0.94	0.000219758064516129	0.327	0.564
Coriobacteriaceae	2.25293085657805	0.559	1.98611867092586	0.659	0.631800007424401	0.504	<2e-16	0.0775	2.39e-14	1.39e-11	0.0306	1.25e-05	NA	0.463690476190476	2.48958333333333e-13	1.15833333333333e-10	0.623214285714286	3.125e-05	0.548	0.73
Erysipelotrichaceae	1.64202430080606	0.458	1.57569945634243	0.618	0.319243477490286	0.468	<2e-16	0.806	2.81e-14	7.35e-13	0.217	6.06e-05	NA	1	2.49166666666667e-13	7.06730769230769e-12	0.760416666666667	0.000128389830508475	0.507	0.696
Pseudomonadaceae	0.882155047904936	0.383	1.11131995007511	0.365	0.938000140349149	0.393	0.000298	0.015	0.848	0.314	0.0468	8.86e-08	0.000451515151515151	0.133928571428571	0.905982905982906	0.363425925925926	0.623214285714286	4.61458333333333e-07	0.084	0.554
Hydrogenophilaceae	0.135482032833448	0.233	0.136866264581292	0.295	0	0	0.0115	1	0.0827	0.151	0.143	0.00655	0.0130681818181818	1	0.109973404255319	0.192602040816327	0.740384615384615	0.00919943820224719	0.07	0.247
Geobacteraceae	0.597084156172696	0.408	0.61357969559667	0.455	0.129662946016554	0.289	5.99e-15	0.981	0.000116	0.000671	0.883	3.4e-09	8.55714285714286e-14	1	0.000345238095238095	0.00199702380952381	0.952586206896552	3.26923076923077e-08	0.316	0.659
Phycisphaeraceae	0.137786830952694	0.245	0.1070191239523	0.234	0	0	0.000698	0.806	0.0704	0.301	0.832	0.00334	0.00101159420289855	1	0.0967032967032967	0.351635514018692	0.950657894736842	0.0048546511627907	0.099	0.292
Pseudonocardiaceae	0.283964962704016	0.307	0.278085239931371	0.401	0.0501713787930516	0.201	2.76e-07	0.996	0.0202	0.0624	0.991	1.18e-05	7.45945945945946e-07	1	0.0332236842105263	0.0894886363636364	0.996	3.01020408163265e-05	0.179	0.482
Streptococcaceae	2.05321684049202	0.65	2.50919850462659	0.543	0.51212482149933	0.659	<2e-16	0.00285	3.34e-14	2.94e-14	0.805	0.0581	NA	0.0323863636363636	2.609375e-13	3.5e-13	0.950657894736842	0.0678738317757009	0.432	0.54
Mycobacteriaceae	0.669751212209907	0.296	0.714853385188157	0.325	0.390042960750904	0.446	0.00029	0.789	0.00435	0.00442	0.323	0.0952	0.000446153846153846	1	0.00891393442622951	0.0104245283018868	0.861111111111111	0.108181818181818	0.114	0.214
Rickettsiaceae	0.188835071039489	0.226	0.225877339034482	0.278	0.308241930669063	0.429	0.115	0.793	0.223	0.586	0.982	0.302	0.121052631578947	1	0.268028846153846	0.626068376068376	0.996	0.328260869565217	0.031	0.104
Leptotrichiaceae	0.212291443887807	0.298	0.163922101712654	0.236	0	0	0.00098	0.68	0.0113	0.132	0.219	0.0182	0.00132432432432432	1	0.0198943661971831	0.170103092783505	0.760416666666667	0.0232142857142857	0.103	0.296
Methylophilaceae	0.18503972479755	0.253	0.257727244760345	0.372	0	0	5.06e-05	0.409	0.0286	0.00659	0.0477	0.0021	8.87719298245614e-05	1	0.0446875	0.0142025862068966	0.623214285714286	0.00316265060240964	0.138	0.341
Desulfovibrionaceae	1.21248502425285	0.41	1.28271850143769	0.52	1.26624957465086	0.214	2.07e-05	0.715	0.883	0.991	0.752	1.67e-13	4.05882352941176e-05	1	0.922916666666667	0.991	0.94	1.04375e-11	0.095	0.635
Desulfobulbaceae	0.312659269490949	0.325	0.264265992180986	0.362	0.0447182510934897	0.179	5.1e-08	0.759	0.00626	0.0755	0.0698	2.61e-05	1.5e-07	1	0.0120961538461538	0.103708791208791	0.623214285714286	6.04166666666667e-05	0.208	0.496
Oscillospiraceae	1.42895352387945	0.461	1.47011978934954	0.671	0.155727281383381	0.343	<2e-16	0.922	2.99e-14	1.7e-13	0.353	3.09e-10	NA	1	2.49166666666667e-13	1.77083333333333e-12	0.861111111111111	4.828125e-09	0.556	0.793
Verrucomicrobiaceae	1.85962450889462	1.218	1.61482646806439	1.282	0.632661966377829	0.716	6.16e-08	0.6	0.000538	0.0246	0.0564	1.25e-11	1.76e-07	1	0.00143085106382979	0.0415540540540541	0.623214285714286	3.90625e-10	0.164	0.626
Synergistaceae	0.399809717212446	0.35	0.396231045413419	0.45	0.0501713787930516	0.201	2.89e-10	0.999	0.00128	0.00738	0.846	7.47e-08	1.20416666666667e-09	1	0.0030188679245283	0.0146428571428571	0.950657894736842	4.24431818181818e-07	0.235	0.566
Clostridiales_Family_XVII._Incertae_Sedis	0.238357308880642	0.274	0.275297415874374	0.379	0.0501713787930516	0.201	4.17e-05	0.825	0.0467	0.0394	0.498	0.00179	7.58181818181818e-05	1	0.0669034090909091	0.06171875	0.921875	0.00272865853658537	0.129	0.341
Pasteurellaceae	0.975996465024365	0.68	0.994611566601515	0.533	0.815568249269322	0.412	0.341	0.99	0.614	0.638	0.431	0.0286	0.344444444444444	1	0.679203539823009	0.675847457627119	0.913135593220339	0.03575	0.018	0.237
Cytophagaceae	0.711875531499364	0.372	0.587780001890808	0.509	0.390107808122779	0.366	1.74e-06	0.323	0.00988	0.264	0.671	0.000804	4.14285714285714e-06	1	0.0178985507246377	0.313679245283019	0.94	0.00125625	0.174	0.403
Clostridiaceae	1.4434185652278	0.383	1.42061182768153	0.492	0.206170117321206	0.404	<2e-16	0.963	1.32e-14	2.85e-14	0.152	0.00274	NA	1	1.65e-13	3.5e-13	0.740384615384615	0.00407738095238095	0.552	0.676
Desulfobacteraceae	0.328872827234379	0.327	0.314393210447004	0.325	0.0667594681662236	0.267	3.35e-06	0.976	0.0081	0.0395	0.186	0.000121	7.44444444444445e-06	1	0.0151119402985075	0.06171875	0.760416666666667	0.000236328125	0.161	0.415
Gallionellaceae	0.157858719722593	0.252	0.135888644029779	0.262	0	0	4.72e-05	0.905	0.0427	0.173	0.566	0.000381	8.42857142857143e-05	1	0.0627941176470588	0.214108910891089	0.921875	0.000652397260273973	0.128	0.382
Neisseriaceae	0.294948961509342	0.307	0.239570585023756	0.337	0.163408860667665	0.295	0.175	0.686	0.266	0.717	0.463	0.569	0.182291666666667	1	0.313679245283019	0.740702479338843	0.921875	0.597689075630252	0.028	0.066
Thermaceae	0.636318667999715	0.428	1.54124043857125	0.492	0.652453947511019	0.487	1.93e-14	2.99e-14	0.99	8.47e-09	0.163	0.265	2.14444444444444e-13	1.86875e-12	0.99	5.29375e-08	0.75462962962963	0.290570175438597	0.392	0.435
Methylocystaceae	0.0633788171477075	0.148	0.185979132364713	0.365	0.340766676040553	0.423	0.000267	0.0553	0.000149	0.114	0.825	0.433	0.000423809523809524	0.384027777777778	0.000433139534883721	0.151595744680851	0.950657894736842	0.458686440677966	0.116	0.152
Symbiobacteriaceae	0.258318758877651	0.31	0.280184181831156	0.334	0	0	2.2e-08	0.938	0.00475	0.00924	0.975	2.74e-05	7.09677419354839e-08	1	0.00957661290322581	0.0175	0.996	6.22727272727273e-05	0.205	0.484
Enterococcaceae	1.40914063364435	0.456	1.29353692146639	0.597	0.101645072477406	0.278	<2e-16	0.49	2.83e-14	1.1e-12	0.619	2.54e-08	NA	1	2.49166666666667e-13	9.82142857142857e-12	0.921875	1.76388888888889e-07	0.513	0.771
Deferribacteraceae	0.138435817449517	0.211	0.0996628202374029	0.178	0	0	0.000674	0.618	0.0238	0.23	0.492	0.0122	0.000991176470588235	1	0.0381410256410256	0.276442307692308	0.921875	0.0160526315789474	0.103	0.278
Unclassified	3.43300596370541	0.183	3.40768018462267	0.296	2.38364932837953	0.183	<2e-16	0.84	1.67e-15	1.67e-15	0.509	0.00867	NA	1	2.953125e-14	8.79166666666667e-14	0.921875	0.0116532258064516	0.748	0.809
Thermodesulfobacteriaceae	0.189977399001811	0.236	0.136624686153274	0.224	0.0447182510934897	0.179	0.0623	0.512	0.0471	0.396	0.0378	0.846	0.0662765957446809	1	0.0669034090909091	0.445945945945946	0.623214285714286	0.859756097560976	0.067	0.081
Sphingomonadaceae	0.410113582380493	0.343	0.341784011385942	0.424	0	0	3.5e-12	0.621	5.35e-05	0.00509	0.267	4e-07	1.94444444444444e-11	1	0.000185763888888889	0.0117824074074074	0.824404761904762	1.85185185185185e-06	0.286	0.6
Acetobacteraceae	0.347363337309605	0.324	0.297491137116833	0.308	0.165976949070335	0.301	0.00096	0.747	0.0922	0.39	0.633	0.0086	0.00131506849315068	1	0.120052083333333	0.443181818181818	0.921875	0.0116532258064516	0.095	0.316
Aeromonadaceae	0.47671814621573	0.354	0.57938940587568	0.496	0	0	1.58e-11	0.397	1.22e-05	4.78e-06	0.73	0.000192	8.31578947368421e-11	1	4.765625e-05	1.92741935483871e-05	0.94	0.000356617647058824	0.276	0.52
Hyphomicrobiaceae	0.208394772360418	0.288	0.145324938935885	0.228	0.0501713787930516	0.201	6.54e-05	0.52	0.0785	0.5	0.726	4.97e-05	0.000112758620689655	1	0.105510752688172	0.543478260869565	0.94	0.000108991228070175	0.127	0.406
Acholeplasmataceae	0.241250238020148	0.306	0.36878531075546	0.359	0.214423753355766	0.299	0.0266	0.146	0.947	0.266	0.187	0.00643	0.0289130434782609	0.608333333333333	0.96239837398374	0.313679245283019	0.760416666666667	0.00913352272727273	0.052	0.252
Caulobacteraceae	0.347434374320332	0.357	0.37066154490399	0.422	0	0	2.44e-15	0.949	0.00105	0.00293	0.95	3.16e-11	4.06666666666667e-14	1	0.00257352941176471	0.00763020833333333	0.996	7.9e-10	0.304	0.699
Leuconostocaceae	0.118963800493008	0.2	0.183479036366155	0.424	0.0854251348958115	0.237	0.277	0.487	0.884	0.461	0.572	0.0826	0.28265306122449	1	0.922916666666667	0.505482456140351	0.921875	0.0956018518518519	0.019	0.116
Porphyromonadaceae	3.2178169010675	0.508	2.99116278414635	0.765	1.06543617197111	0.661	<2e-16	0.17	1.67e-15	2.54e-14	0.834	4.97e-08	NA	0.67578125	2.953125e-14	3.5e-13	0.950657894736842	2.95833333333333e-07	0.631	0.797
Brucellaceae	0.130331558351542	0.203	0.166759555506455	0.325	0	0	0.0047	0.722	0.0765	0.0454	0.13	0.0339	0.0055952380952381	1	0.103940217391304	0.0683734939759036	0.740384615384615	0.0415441176470588	0.082	0.219
Lachnospiraceae	3.23148036134529	0.422	3.09028597526418	0.692	1.01319544179994	0.671	<2e-16	0.41	1.67e-15	2.11e-15	0.519	0.0359	NA	1	2.953125e-14	8.79166666666667e-14	0.921875	0.0435679611650485	0.672	0.73
Heliobacteriaceae	0.25744252103366	0.311	0.289573597746986	0.378	0	0	5.46e-07	0.878	0.00672	0.00915	0.352	7.04e-05	1.4e-06	1	0.0127272727272727	0.0175	0.861111111111111	0.000146666666666667	0.176	0.42
Desulfomicrobiaceae	0.180062418313784	0.268	0.22581947010834	0.263	0.0501713787930516	0.201	0.000449	0.69	0.156	0.0826	0.154	1.99e-05	0.000670149253731343	1	0.195	0.111021505376344	0.740384615384615	4.87745098039216e-05	0.1	0.373
Polyangiaceae	0.243847907196231	0.301	0.233488973160432	0.279	0.17249757202531	0.314	0.0127	0.986	0.65	0.792	0.525	0.000344	0.0142696629213483	1	0.712719298245614	0.804878048780488	0.921875	0.000605633802816901	0.06	0.312
Actinomycetaceae	0.384155616337614	0.294	0.893370432819352	0.856	0	0	1.3e-10	1.45e-06	0.00538	9.56e-09	0.706	0.0246	5.65217391304348e-10	4.53125e-05	0.0106746031746032	5.69047619047619e-08	0.94	0.0310606060606061	0.271	0.383
Acidobacteriaceae	0.392680114910984	0.361	0.363108595092894	0.476	0	0	3.72e-13	0.925	0.000352	0.0057	0.735	1.21e-09	2.86153846153846e-12	1	0.001	0.0125	0.94	1.5125e-08	0.282	0.641
Acidithiobacillaceae	0.0792921217987149	0.162	0.22733280094092	0.256	0.0501713787930516	0.201	0.000862	0.000939	0.833	0.00856	0.211	0.682	0.00119722222222222	0.0117375	0.897629310344828	0.01671875	0.760416666666667	0.710416666666667	0.105	0.128
Burkholderiaceae	0.82842296568414	0.367	0.870220873406858	0.533	0.182851668106557	0.331	<2e-16	0.878	5.84e-08	6.42e-07	0.596	5.26e-07	NA	1	2.92e-07	2.97222222222222e-06	0.921875	2.19166666666667e-06	0.371	0.645
Helicobacteraceae	0.236073303224262	0.284	0.365658347816368	0.413	0.107739018112531	0.242	0.00156	0.125	0.273	0.0228	0.128	0.00857	0.00205263157894737	0.538793103448276	0.315972222222222	0.039041095890411	0.740384615384615	0.0116532258064516	0.089	0.268
Methylobacteriaceae	0.234655940545183	0.288	0.23236981931234	0.314	0.0352537561027599	0.141	1.72e-05	0.999	0.0261	0.0699	0.629	0.000409	3.51020408163265e-05	1	0.0412974683544304	0.0970833333333333	0.921875	0.000679276315789474	0.141	0.38
Alteromonadaceae	4.83418607559685	0.161	4.79157957630238	0.271	5.06445521292319	0.009	<2e-16	0.513	1.52e-05	1.04e-05	0.247	6.19e-10	NA	1	5.58823529411765e-05	4.0625e-05	0.791666666666667	8.59722222222222e-09	0.349	0.671
Peptostreptococcaceae	1.6916429196783	0.429	1.73304261945758	0.507	0.144392035338899	0.27	<2e-16	0.895	1.67e-15	7.22e-15	0.192	0.000255	NA	1	2.953125e-14	2.25625e-13	0.760416666666667	0.00046195652173913	0.635	0.762
Shewanellaceae	0.283619386957969	0.309	0.432063381526893	0.503	0.183920354914156	0.292	2.14e-05	0.124	0.546	0.0666	0.108	3.33e-06	4.11538461538462e-05	0.538793103448276	0.609375	0.0935393258426966	0.740384615384615	1.07692307692308e-05	0.12	0.441
Myxococcaceae	0.306240687899116	0.359	0.299725321712924	0.409	0	0	9.84e-10	0.996	0.00433	0.02	0.867	1.82e-06	3.60714285714286e-09	1	0.00891393442622951	0.0347222222222222	0.950657894736842	6.31944444444444e-06	0.229	0.55
Deinococcaceae	0.420812958237833	0.366	0.458782050934476	0.414	0	0	1.09e-14	0.873	7.19e-05	0.00021	0.867	6.28e-09	1.3625e-13	1	0.000230448717948718	0.00069078947368421	0.950657894736842	5.23333333333333e-08	0.307	0.659
Halomonadaceae	0.480741126041571	0.305	0.792000786030103	0.363	1.23729243009215	0.312	6.1e-14	3.28e-05	4.43e-14	5.03e-05	0.973	1	6.1e-13	0.000585714285714286	3.25735294117647e-13	0.000184926470588235	0.996	1	0.38	0.38
Listeriaceae	0.192806289668932	0.239	0.173392451552392	0.256	0	0	0.000793	0.918	0.00629	0.0454	0.352	0.105	0.0011169014084507	1	0.0120961538461538	0.0683734939759036	0.861111111111111	0.118243243243243	0.102	0.221
Ferrimonadaceae	0.160372466365425	0.237	0.213146595833419	0.297	0.0319317746779573	0.128	0.00261	0.565	0.123	0.047	0.733	0.00288	0.0032625	1	0.158505154639175	0.0699404761904762	0.94	0.00423529411764706	0.075	0.271
Corynebacteriaceae	0.622611050236626	0.357	0.752632633868964	0.531	0.105006885321464	0.287	6.34e-13	0.269	7.3e-06	1.4e-06	0.369	4.21e-05	4.52857142857143e-12	0.925675675675676	2.94354838709677e-05	6.03448275862069e-06	0.861111111111111	9.39732142857143e-05	0.309	0.547
Ruminococcaceae	3.40411074584765	0.491	3.38478351095672	0.741	1.44938007071803	0.573	<2e-16	0.986	1.89e-15	1.74e-14	0.624	2.29e-05	NA	1	2.953125e-14	3.5e-13	0.921875	5.50480769230769e-05	0.63	0.778
Ectothiorhodospiraceae	0.316528340543835	0.295	0.404174334531695	0.406	0	0	1.69e-12	0.375	0.000527	0.000127	0.748	4.5e-08	1.12666666666667e-11	1	0.00143085106382979	0.000429054054054054	0.94	2.95833333333333e-07	0.273	0.593
Chrysiogenaceae	0.101668369992943	0.201	0.230455378442459	0.288	0	0	5.95e-06	0.0127	0.171	0.00168	0.0534	0.000616	1.23958333333333e-05	0.122115384615385	0.211633663366337	0.00477272727272727	0.623214285714286	0.000987179487179487	0.153	0.359
Flavobacteriaceae	1.06593768701922	0.405	1.22018680241915	0.468	1.66564467448292	0.132	0.00265	0.173	3.91e-07	0.0015	0.593	8.2e-07	0.0032716049382716	0.67578125	1.74553571428571e-06	0.00436046511627907	0.921875	3.203125e-06	0.067	0.459
Anaplasmataceae	0.0851258672243423	0.183	0.353298334021466	0.386	1.07898058551251	0.31	<2e-16	5.17e-06	1.67e-15	3.08e-14	0.884	0.737	NA	0.00012925	2.953125e-14	3.5e-13	0.952586206896552	0.761363636363636	0.607	0.614
Rikenellaceae	3.24165737979952	0.515	2.72179609363912	0.708	0.819352695605249	0.588	<2e-16	9.93e-05	1.67e-15	2.23e-14	0.567	1.1e-06	NA	0.0015515625	2.953125e-14	3.5e-13	0.921875	4.04411764705882e-06	0.708	0.845
Peptococcaceae	0.772653660071719	0.392	0.924263420436588	0.517	0.0867351011592335	0.24	<2e-16	0.195	1.47e-08	3.06e-09	0.392	1.45e-10	NA	0.716911764705882	8.35227272727273e-08	2.01315789473684e-08	0.890909090909091	3.02083333333333e-09	0.43	0.755
Thermomonosporaceae	0.113972778005932	0.182	0.149822872636505	0.286	0	0	0.00586	0.675	0.0862	0.0446	0.487	0.017	0.00689411764705882	1	0.113421052631579	0.0683734939759036	0.921875	0.0219072164948454	0.069	0.216
Mycoplasmataceae	0.963469536201373	0.356	1.34732435909576	0.445	2.03336310489111	0.227	<2e-16	7.42e-06	2.01e-14	4.94e-08	0.991	0.351	NA	0.000154583333333333	2.28409090909091e-13	2.57291666666667e-07	0.996	0.375	0.513	0.556
Saprospiraceae	0.40267791308935	0.361	0.280431707608727	0.402	0	0	1.7e-08	0.237	0.00011	0.0315	0.98	1.18e-05	5.66666666666667e-08	0.846428571428571	0.000338414634146341	0.0511363636363636	0.996	3.01020408163265e-05	0.213	0.491
Bradyrhizobiaceae	0.585660174784131	0.421	0.786984135952774	0.436	0.639346079460712	0.418	0.00682	0.0727	0.886	0.511	0.861	9.14e-06	0.00793023255813954	0.463690476190476	0.922916666666667	0.550646551724138	0.950657894736842	2.53888888888889e-05	0.052	0.433
Phyllobacteriaceae	0.182925544799887	0.275	0.220722252244333	0.342	0	0	6.97e-05	0.798	0.0394	0.031	0.845	0.00041	0.000118135593220339	1	0.0600609756097561	0.0509868421052632	0.950657894736842	0.000679276315789474	0.119	0.346
Propionibacteriaceae	0.511314082792258	0.458	0.475207989241647	0.404	0.0868277864487604	0.241	8.33e-10	0.918	0.000934	0.0119	0.0216	3.89e-06	3.20384615384615e-09	1	0.002335	0.021875	0.623214285714286	1.19512195121951e-05	0.239	0.564
Oxalobacteraceae	0.219208876766395	0.247	0.243434598816545	0.328	0.050066526876103	0.2	0.000737	0.9	0.0439	0.0486	0.112	0.00764	0.00105285714285714	1	0.0638081395348837	0.0714705882352941	0.740384615384615	0.0106111111111111	0.105	0.287
Dehalococcoidaceae	0.187083817495215	0.275	0.270642235555227	0.426	0	0	0.00205	0.39	0.0541	0.0118	0.421	0.000413	0.00259493670886076	1	0.0759831460674157	0.021875	0.911637931034483	0.000679276315789474	0.075	0.315
Rhodocyclaceae	0.431078996519141	0.352	0.30500477674621	0.363	0	0	6.05e-16	0.189	1.4e-05	0.0121	0.639	4.6e-07	1.5125e-14	0.715909090909091	5.3030303030303e-05	0.0219202898550725	0.921875	2e-06	0.357	0.688
Moraxellaceae	0.520037989402779	0.543	1.59752794944894	0.756	0.498631210372763	0.453	1.75e-13	4.65e-14	0.989	2.82e-08	0.0172	0.0505	1.59090909090909e-12	1.9375e-12	0.99	1.53260869565217e-07	0.623214285714286	0.0595518867924528	0.363	0.462
Campylobacteraceae	1.16966569544725	0.54	1.4136800507556	0.709	0.16361081200798	0.372	3.14e-16	0.11	2.05e-09	1.92e-10	0.328	8.16e-07	1.04666666666667e-14	0.528846153846154	1.31875e-08	1.41176470588235e-09	0.861111111111111	3.203125e-06	0.348	0.612
Rhodobiaceae	0.0985635967933561	0.171	0.134949271933697	0.283	0	0	0.00703	0.643	0.134	0.063	0.315	0.0382	0.00808045977011494	1	0.170918367346939	0.0894886363636364	0.861111111111111	0.0459134615384615	0.07	0.213
Methylococcaceae	0.161374167890584	0.24	0.201616012779165	0.315	0	0	0.000212	0.723	0.0411	0.0256	0.682	0.000194	0.000341935483870968	1	0.0611607142857143	0.0426666666666667	0.94	0.000356617647058824	0.099	0.342
Sphingobacteriaceae	0.268852488349729	0.307	0.29056420282135	0.322	0	0	0.000209	0.936	0.00238	0.00522	0.145	0.0313	0.000341935483870968	1	0.00521929824561404	0.0118636363636364	0.740384615384615	0.0387376237623762	0.12	0.265
Thermoanaerobacterales_Family_III._Incertae_Sedis	0.701939788233146	0.296	0.884445617411057	0.334	0.954991596199712	0.41	0.00182	0.0223	0.0103	0.759	0.613	1	0.00236363636363636	0.185833333333333	0.0183928571428571	0.777663934426229	0.921875	1	0.089	0.089
Roseiflexaceae	0.155759747301666	0.238	0.0841139601130141	0.192	0	0	0.00393	0.274	0.0233	0.434	0.504	0.225	0.00479268292682927	0.925675675675676	0.0378246753246753	0.480088495575221	0.921875	0.248893805309735	0.082	0.171
Acidaminococcaceae	0.981715912216904	0.625	0.923888041518954	0.882	0.198206588087761	0.366	<2e-16	0.912	6.34e-05	0.00178	0.0658	3.05e-16	NA	1	0.000208552631578947	0.00494444444444444	0.623214285714286	3.8125e-14	0.309	0.746
Brachyspiraceae	0.360190638165275	0.33	0.510144422747077	0.408	0.050066526876103	0.2	3e-06	0.0954	0.00224	6.82e-05	0.21	0.0163	6.81818181818182e-06	0.51	0.005	0.000243571428571429	0.760416666666667	0.0212239583333333	0.16	0.331
Enterobacteriaceae	2.22909949346799	0.979	3.03879396499353	1.036	1.83375008819607	0.518	1.01e-09	0.000349	0.277	0.000273	0.812	1.93e-10	3.60714285714286e-09	0.00484722222222222	0.317660550458716	0.000875	0.950657894736842	3.44642857142857e-09	0.155	0.623
Xanthobacteraceae	0.21663224703981	0.271	0.282791653440717	0.331	0	0	4.7e-06	0.489	0.00968	0.00311	0.773	0.00527	1.02173913043478e-05	1	0.0177941176470588	0.007925	0.950657894736842	0.00757183908045977	0.15	0.357
Chromatiaceae	0.351878724810749	0.34	0.273484261779782	0.314	0.0238152894117063	0.095	3.59e-10	0.485	0.000579	0.0359	0.475	0.000181	1.436e-09	1	0.0015078125	0.0575320512820513	0.921875	0.00034280303030303	0.255	0.552
Micromonosporaceae	0.34470625841991	0.335	0.328527529893785	0.444	0	0	3e-08	0.973	0.000748	0.00713	0.192	0.000121	9.09090909090909e-08	1	0.00190816326530612	0.0146370967741935	0.760416666666667	0.000236328125	0.214	0.455
Cellulomonadaceae	0.164835284399134	0.265	0.152291218752761	0.256	0	0	3.82e-05	0.97	0.0405	0.129	0.996	0.000268	7.07407407407407e-05	1	0.0609939759036145	0.16796875	0.996	0.000478571428571429	0.13	0.369
Thermotogaceae	0.135137977749377	0.246	0.116287792192527	0.244	0.0238152894117063	0.095	0.00185	0.925	0.186	0.42	0.243	0.000704	0.00237179487179487	1	0.227941176470588	0.46875	0.791666666666667	0.00111392405063291	0.091	0.32
Rhizobiaceae	0.613931075883037	0.331	0.678566317668993	0.406	0.0607851309760668	0.243	2.45e-16	0.648	3.94e-08	1.27e-07	0.818	4.08e-06	1.04666666666667e-14	1	2.05208333333333e-07	6.35e-07	0.950657894736842	1.21428571428571e-05	0.371	0.622
Fusobacteriaceae	0.215791849360694	0.341	0.407108806096715	0.552	0.0442495621236677	0.177	0.0196	0.05	0.214	0.00726	0.128	0.0105	0.0215384615384615	0.367647058823529	0.259708737864078	0.0146370967741935	0.740384615384615	0.0139627659574468	0.059	0.241
Alicyclobacillaceae	0.195631914465334	0.257	0.310087228951765	0.339	0	0	8.83e-05	0.102	0.0161	0.000603	0.0619	0.0438	0.000147166666666667	0.51	0.0268333333333333	0.00183841463414634	0.623214285714286	0.0521428571428571	0.135	0.26
Frankiaceae	0.20362329964169	0.296	0.213875108168162	0.372	0	0	3.86e-07	0.986	0.0323	0.0598	0.277	7.98e-06	1.01578947368421e-06	1	0.0498456790123457	0.0869186046511628	0.824404761904762	2.26704545454545e-05	0.179	0.46
Bacteroidaceae	4.16762645738808	0.422	3.95606256155749	0.584	1.97607305132634	0.534	<2e-16	0.0943	1.67e-15	1.67e-15	0.649	0.00135	NA	0.51	2.953125e-14	8.79166666666667e-14	0.921875	0.00208333333333333	0.701	0.785
Paenibacillaceae	0.667983881640262	0.4	0.62263626711227	0.515	0.0501713787930516	0.201	1.68e-15	0.863	3.4e-07	5.03e-05	0.331	3.92e-06	3.36e-14	1	1.57407407407407e-06	0.000184926470588235	0.861111111111111	1.19512195121951e-05	0.361	0.636
Chlorobiaceae	0.619395859629698	0.394	0.431678616676056	0.493	0.0813746587491984	0.224	2.89e-16	0.0779	5.86e-06	0.0169	0.485	7.99e-08	1.04666666666667e-14	0.463690476190476	2.44166666666667e-05	0.0297535211267606	0.921875	4.34239130434783e-07	0.37	0.682
Streptomycetaceae	0.636072708471881	0.391	0.533394619201798	0.504	0.168004907991483	0.304	1.39e-09	0.469	0.000111	0.0135	0.423	0.000164	4.79310344827586e-09	1	0.000338414634146341	0.0241071428571429	0.911637931034483	0.000315384615384615	0.253	0.488
Microbacteriaceae	0.215377440184521	0.292	0.156631925130482	0.283	0	0	7.88e-07	0.579	0.0117	0.167	0.331	0.000453	1.97e-06	1	0.0202054794520548	0.210858585858586	0.861111111111111	0.00073538961038961	0.185	0.423
Thermoanaerobacteraceae	0.500525012686327	0.347	0.733378047139669	0.469	1.12286852810962	0.254	0.00143	0.00939	9.29e-09	0.00245	0.0891	2.93e-06	0.00190666666666667	0.0978125	5.52976190476191e-08	0.00651595744680851	0.7125	9.89864864864865e-06	0.086	0.459
