Taxa	stoolMeans	swabMeans	tissueMeans	Origin p-value	OriginSwabStool p-value	OriginTissueStool p-value	OriginTissueSwab p-value	Time p-value	Individual p-value	Origin (adj p-value)	OriginSwabStool (adj p-value)	OriginTissueStool (adj p-value)	OriginTissueSwab (adj p-value)	Time (adj p-value)	Individual (adj p-value)
Clostridium_pasteurianum	0.0960520522550881	0.153985841466425	0	0.0252567549405904	0.313815445938712	0.136370260626599	0.0243104937146257	0.955124931644324	0.635190534701452	0.0279844844741742	0.821449443408562	0.178181897139471	0.04612333396542	0.997335034563549	0.700987163794032
Sorangium_cellulosum	0.243847907196231	0.233488973160432	0.17249757202531	0.0126857900423806	0.985641911870634	0.649866685090872	0.791911642026505	0.525400103277254	0.00034369215007389	0.0150169394946129	0.999980916292842	0.703176061602233	0.815462917625806	0.962083802693248	0.000820713151469548
Desulfitobacterium_dehalogenans	0.115632905080171	0.125966073542075	0	0.00698313012115207	0.969838234679412	0.0944472772847783	0.125395375031865	0.191640143260217	0.0391635610933512	0.00871318488089695	0.999980916292842	0.130158685611361	0.17195306378132	0.928298592626644	0.0573984466817899
Rhodopseudomonas_palustris	0.265301458816988	0.321898498892007	0.286656373074064	0.271136609902024	0.71103112869375	0.969723176710463	0.940000257953367	0.162388832773154	0.00725695196909925	0.276120738760518	0.999980916292842	0.976775708904721	0.953773155505797	0.92187505819389	0.0126426144367326
Thermodesulfobacterium_geofontis	0.174198959506257	0.094374911349054	0.0447182510934897	0.23241178613404	0.187001631834131	0.0637956108594784	0.735488919518054	0.0287278594314221	0.130532340887285	0.238437276885663	0.59539600020752	0.0992774393712107	0.760188174277989	0.753231536196894	0.168683138708595
Anaeromyxobacter_sp._Fw109.5	0.144484060061213	0.202798926031245	0	0.000648115338546298	0.494569646416793	0.0692324690899657	0.021465324376391	0.261116318848455	0.0164534057881181	0.000975695373789807	0.999980916292842	0.105395575692742	0.04129093647403	0.928298592626644	0.0264976360657483
Mycoplasma_hyorhinis	0.06167008697668	0.691156115249487	1.72705968506775	8.43902610491461e-37	2.87547763377916e-14	1.66533453693773e-15	1.47659662275146e-14	0.578170863895586	0.992738613308281	5.84402557765337e-35	7.74420931422397e-13	4.02156940227682e-14	3.88608337428567e-13	0.963753446116848	0.999898642035521
Klebsiella_pneumoniae	0.810549458412108	1.14822007107876	0.329515145037096	4.06063964994502e-05	0.262564182223765	0.181633539832665	0.0278593701800283	0.364031367261683	4.42635728807337e-08	7.3038778119141e-05	0.720101767088941	0.225616549478243	0.0514469702657855	0.928298592626644	3.60617931998918e-07
Streptococcus_anginosus	0.218722188833563	1.25424428625634	0.0351516110313809	9.0240398638573e-19	1.67643676718399e-14	0.263623086104864	3.67483821150927e-14	0.884483205283924	0.79965950915247	6.75583524942831e-18	7.74420931422397e-13	0.308116433970664	4.82265742492287e-13	0.973146301367308	0.851944938597054
Pedobacter_saltans	0.119476805706226	0.112050209796282	0	0.0636010650572898	0.981401014145191	0.0513042810635302	0.141987561672087	0.377630763629015	0.760581879249448	0.067242347407898	0.999980916292842	0.0850975200874124	0.190482035888672	0.928298592626644	0.819771130552907
Desulfitobacterium_hafniense	0.157354918667834	0.284448748058706	0	2.75961670251315e-05	0.0796140113701681	0.0862921381841367	0.00327587433130105	0.628694428697599	0.00149782464519668	5.09609217730761e-05	0.339278171531332	0.120721829681848	0.0081019391943785	0.968579227491366	0.00300650309217014
Xanthomonas_campestris	0.0919261110403532	0.11696652107631	0.136230289348472	0.57329945770953	0.786378457901344	0.62280304425041	0.935686809322845	0.00239900711505508	0.999898642035521	0.577468908311054	0.999980916292842	0.676535071597504	0.952886934494221	0.664524970870257	0.999898642035521
Bifidobacterium_animalis	0.336488663927777	0.273213188479127	0	2.15778698441194e-09	0.71397855705541	0.00340378614592796	0.0577547866660068	0.163075371305056	2.36747745869015e-07	6.87019534117364e-09	0.999980916292842	0.0102483561132831	0.0914175766084793	0.92187505819389	1.46035797981681e-06
Butyrivibrio_proteoclasticus	0.525007859131394	0.64567538962133	0	7.84824493595231e-08	0.3173107958293	4.66555245937084e-06	1.28591122405819e-06	0.214529059331185	0.145849832403758	1.95852598852143e-07	0.821449443408562	2.27175150053167e-05	6.14133463903652e-06	0.928298592626644	0.187038905443708
Streptococcus_pneumoniae	0.300047062345833	0.979235861520785	0	2.86714686287645e-12	4.79674078235348e-11	0.0294445466434519	8.75611805284393e-11	0.761663001932851	0.335033817464098	1.185372658234e-11	8.85798131141276e-10	0.0562492373809391	7.34983242617506e-10	0.973146301367308	0.394912201861936
Roseburia_hominis	2.30394604319527	2.07026004093187	0.307507525030372	1.35472419641662e-28	0.174559024902366	3.66373598126302e-15	3.1863400806742e-14	0.55563174850164	4.72293022569202e-06	3.75258602407404e-27	0.583866370524413	6.3428429175616e-14	4.41308101173377e-13	0.962083802693248	1.89601691669085e-05
Alkaliphilus_metalliredigens	0.100678923375444	0.251305593346635	0	2.81068305759274e-06	0.00264368043745744	0.174147952851691	0.000509213772375561	0.533627901527065	0.00217323588674706	5.98891697656298e-06	0.0182952220729164	0.217292715945579	0.00150055547817054	0.962083802693248	0.00423297324678771
Eubacterium_rectale	2.77868195691403	2.62493145353964	0.69341648895793	5.470267322064e-22	0.596708588546017	2.67563748934663e-14	2.42583730880597e-13	0.581035471124598	2.759093560234e-07	5.61208906745085e-21	0.999980916292842	2.73895489621978e-13	2.79982056058022e-12	0.963753446116848	1.59222690871837e-06
Haemophilus_parainfluenzae	0.604715880286356	0.317979345981056	0.0594991026761032	0.0113119255293507	0.155092687289192	0.0157484530444427	0.489019111962993	0.425677049085818	2.24427362942212e-05	0.0136234929201311	0.549143663102835	0.0357567335517265	0.527075073983459	0.928298592626644	8.17978678092008e-05
Magnetospirillum_magneticum	0.119327235223786	0.0687601670098693	0	0.00141688724851107	0.370126044448471	0.0332441517139044	0.423777591531784	0.248651922606357	0.0451865907619616	0.00205485742323333	0.899341353616021	0.0605092440253088	0.469545571417217	0.928298592626644	0.0641881314926326
Zymomonas_mobilis	0.118266947187916	0.156498216949118	0	0.0162788367848333	0.702476277635292	0.123357465762083	0.0677808376453241	0.357989379331427	0.0711052816767759	0.0185565341127524	0.999980916292842	0.164278932769697	0.102039630585624	0.928298592626644	0.0970254336180637
Campylobacter_coli	0.582849398916763	0.556713309093168	0	3.09057941812845e-09	0.969529965314984	0.000141032568685029	0.00215233910403367	0.643380340657385	8.58533481360962e-11	9.51211665357311e-09	0.999980916292842	0.000550225655292296	0.00552035122053081	0.968579227491366	1.98178145280822e-09
Pseudomonas_mendocina	0.19454030734077	0.172420835638509	0	0.000598284226186825	0.888922317347314	0.00436937924730185	0.0396618599133802	0.764031886813954	0.0914558884310508	0.000905599621058745	0.999980916292842	0.0126074797031522	0.0682381068074927	0.973146301367308	0.122753388787615
Streptococcus_suis	0.615096240064935	0.69392477722695	0.0804116055974879	1.85406528678121e-08	0.695428110858412	6.79510850659648e-05	8.60234976048924e-05	0.593391332512243	0.000654610171700561	5.40606404671994e-08	0.999980916292842	0.000268892150903889	0.00028033539807712	0.967109314095607	0.00143910331397663
Acidaminococcus_fermentans	0.469984036174385	0.377083073401966	0	1.58628932669504e-09	0.435062791874157	6.02321546305795e-06	0.00234356613140319	0.676959623680322	0.00288433256151986	5.23097789874435e-09	0.971874139912432	2.82784861570687e-05	0.00595566805870351	0.968579227491366	0.00538425430971064
Clostridium_saccharoperbutylacetonicum	0.210361765984564	0.179032771557879	0	0.00812920847220118	0.821698595969711	0.00502259061695276	0.0547301443669315	0.804725455463649	0.999853822371501	0.0100526372624988	0.999980916292842	0.013507355348504	0.0871278735036783	0.973146301367308	0.999898642035521
Riemerella_anatipestifer	0.650269293689658	0.430030518061632	0.0769805627656952	5.93698143959317e-07	0.140784309018935	0.000374243680797415	0.0962695886169559	0.531532760847823	5.66427970308015e-12	1.43003813805853e-06	0.514060099891981	0.00132904486642159	0.136752184855881	0.962083802693248	3.1380109555064e-10
Parabacteroides_distasonis	2.98135860021355	2.60520532051748	0.823392416187959	4.88344299188967e-28	0.0357429563900035	1.12132525487141e-14	7.988054662178e-13	0.943451279432915	5.82413519025719e-11	1.04884156272697e-26	0.190399979231365	1.4790814076161e-13	8.85076456569323e-12	0.997335034563549	1.46662313427386e-09
Phycisphaera_mikurensis	0.137786830952694	0.1070191239523	0	0.000698401801424857	0.806356983220753	0.0704420149471627	0.300700660870542	0.831840745313498	0.00333723704203916	0.001045715129701	0.999980916292842	0.105395575692742	0.350528892062355	0.973146301367308	0.00616276440429899
Geobacter_sulfurreducens	0.133136275490422	0.159666849180455	0	0.000189266595869585	0.822474671753133	0.0491549834714226	0.0408883783675652	0.566135956097471	0.000884636513032335	0.00031021802991642	0.999980916292842	0.0820236772384581	0.0699140790605899	0.962083802693248	0.00188495626238428
Caldicellulosiruptor_kronotskyensis	0.559473395549424	0.651260198111143	0.905486576216976	9.27910974215809e-09	0.488669297288407	0.00230792337938879	0.0809993639441215	0.560293304255487	7.81170091445403e-05	2.76377784793311e-08	0.999980916292842	0.00726471336466698	0.118088546381693	0.962083802693248	0.000232671091753093
Capnocytophaga_ochracea	0.174371225521508	0.165140381565412	0	0.000596988877501916	0.986508025046392	0.0516737852886704	0.137390217758489	0.844615400582914	0.00017431903646888	0.000905599621058745	0.999980916292842	0.0852002293152482	0.186554364309321	0.973146301367308	0.000464292049056537
Ruminococcus_bromii	2.21845185059522	2.23606443479134	0.385896967174785	3.30743448261932e-28	0.991552928119924	2.85327317328665e-14	3.83026943495679e-14	0.47958097048296	3.81532850617576e-11	8.32872137895956e-27	0.999980916292842	2.73895489621978e-13	4.82265742492287e-13	0.962083802693248	1.05684599621068e-09
Paenibacillus_mucilaginosus	0.205154873853035	0.215496933772845	0	1.47304214401161e-07	0.983047897843658	0.0171552398722293	0.035402835583202	0.866810630149394	3.75286907305296e-05	3.64314887402871e-07	0.999980916292842	0.0368372205008335	0.0620669965604238	0.973146301367308	0.000123680935132492
Ruminococcus_sp._SR1.5	2.25534881660764	2.28701512707309	0.413044535705146	1.8852148459164e-20	0.966475076576961	1.0769163338864e-14	2.94209101525666e-14	0.160941460174775	0.112245229847219	1.68453068489949e-19	0.999980916292842	1.4790814076161e-13	4.41308101173377e-13	0.92187505819389	0.145971496092393
Megamonas_hypermegale	0.162261398192784	0.322394944717388	0	0.0337339574890057	0.192167352488997	0.341170625588651	0.0463395510842195	0.809415454601212	9.57924588268873e-12	0.036644338135116	0.598093894825307	0.388275127968589	0.0773256364477639	0.973146301367308	3.31681388688097e-10
Rhodobacter_sphaeroides	0.117597282243924	0.238066499153832	0	2.23057563162059e-08	0.0250817154098483	0.105392090853615	0.00146901392960974	0.681342282911989	2.49978450951277e-07	6.24110555514043e-08	0.141788472827101	0.143105927286526	0.00398698350561924	0.968579227491366	1.4732772534788e-06
Clostridium_sp._BNL1100	0.100355869756437	0.137050166404155	0.0501713787930516	0.180862873432473	0.618780936664683	0.567771734569845	0.288013988389179	0.0139085344500293	0.0119352367874672	0.187636763823202	0.999980916292842	0.621631503857103	0.342402896067822	0.753231536196894	0.0199088394756143
Moorella_thermoacetica	0.158942139234496	0.173415176939303	0	0.000344790527583139	0.957318929551851	0.0404273033826904	0.0587605139285917	0.876850669936288	0.00510950309406389	0.000542653273525736	0.999980916292842	0.0699897689812828	0.0924810361262495	0.973146301367308	0.00925053828140979
Ruminiclostridium_thermocellum	0.181658513886818	0.204355909208867	0	0.00396149488244541	0.900042028048561	0.0169117686656565	0.0217852562009698	0.627486529762944	0.18771032400232	0.00520014669156615	0.999980916292842	0.0368372205008335	0.0416173515011631	0.968579227491366	0.234014786134231
Fibrella_aestuarina	0.338762178458121	0.303277336216992	0	6.13242880765767e-07	0.886830409793132	0.00156049733951502	0.0196691246513531	0.848730668407649	0.000290551724506775	1.46438170665618e-06	0.999980916292842	0.00502625305867048	0.0386407626129418	0.973146301367308	0.000712237413171474
Geobacillus_sp._GHH01	0.386744322784304	1.42100004477053	0.655292721208031	1.80600308734582e-16	2.38697950294409e-14	0.0793832254986382	1.16767586955113e-06	0.0332837734824709	0.803995743613895	1.02094460243835e-15	7.74420931422397e-13	0.113884989383774	5.67449501518708e-06	0.753231536196894	0.85328283900785
Anoxybacillus_flavithermus	0.610776331778268	1.63335140443655	0.717782129330831	2.0498580463448e-13	3.73034936274053e-14	0.738449166644612	6.22535922700784e-07	0.236195692587163	0.75457826005692	8.8720418568361e-13	7.94851364214712e-13	0.777758247758773	3.38122452133563e-06	0.928298592626644	0.816477257952214
Paenibacillus_polymyxa	0.155633540767311	0.112950800889767	0	0.00403285533076038	0.636817617680386	0.0257747408371931	0.23268651793947	0.284983009160182	0.219599119769333	0.00522009778794684	0.999980916292842	0.0506354837723581	0.286462957641036	0.928298592626644	0.270350916338246
Leadbetterella_byssophila	0.194677453942242	0.17288064065829	0.0501713787930516	0.00402453493155193	0.933400717209036	0.15345570467083	0.364770348911791	0.404405872860415	0.00027595768908244	0.00522009778794684	0.999980916292842	0.197708047413116	0.413529833528716	0.928298592626644	0.000688651170052575
Syntrophobotulus_glycolicus	0.159572615254792	0.154163516655883	0	0.00333994741268808	0.993353066426203	0.0294069052518342	0.0853834299970448	0.844915546875233	0.0917326768196255	0.00442662886753397	0.999980916292842	0.0562492373809391	0.12318338598532	0.973146301367308	0.122753388787615
Rhodospirillum_rubrum	0.123484199519035	0.0961779471100638	0	0.0205795978733219	0.808680331769326	0.0693529805572095	0.29657010616546	0.933299110282725	0.221130827279584	0.0229860831085088	0.999980916292842	0.105395575692742	0.349574125139712	0.997335034563549	0.271032031665685
Geobacillus_kaustophilus	0.302398407249878	1.24148862389101	0.332443329746644	2.19452030037651e-16	2.59792187762287e-14	0.962268243982101	5.84976622697297e-10	0.155706902250663	0.999853859014882	1.21576424640859e-15	7.74420931422397e-13	0.976367412392095	4.62967212820433e-09	0.92187505819389	0.999898642035521
Serratia_marcescens	0.247111465344759	0.21596651232808	0	0.00397989566285929	0.867150930703653	0.00470826645479638	0.0451882671412673	0.379178025999495	0.407547889756846	0.00520014669156615	0.999980916292842	0.0130283246723868	0.0758615151401882	0.928298592626644	0.474330947322044
Shigella_flexneri	0.155097471186497	0.471803161788527	0.325938382966128	0.00170125054571572	0.000798232931948473	0.249116479361713	0.470412153693342	0.0665192764784148	0.0013436216047402	0.00243595475803381	0.00650325065146256	0.294894293945275	0.51300852981518	0.801123460196561	0.00275691247787433
Streptococcus_oligofermentans	0.137344079092651	0.227956535008596	0	0.0166088363479491	0.220075527726137	0.11314765266956	0.0130635278284086	0.679923929224906	0.789827773470244	0.0188551133950078	0.653555321991543	0.152145144609069	0.0270044567796207	0.968579227491366	0.844719278962384
Pseudomonas_stutzeri	0.239873962457029	0.265584082835943	0	6.49378875783088e-08	0.900621685247285	0.00436401305235179	0.00709226361548998	0.698762544018496	0.00032398789649216	1.65025640910014e-07	0.999980916292842	0.0126074797031522	0.0162360084420721	0.968579227491366	0.000780388237637636
Streptococcus_dysgalactiae	0.147784652741944	0.621945925129968	0	9.95091597426644e-11	8.84757545005499e-09	0.261822234996287	2.23858380499209e-07	0.780447975908088	0.0111734112795129	3.67520496649574e-10	1.36154355536957e-07	0.308116433970664	1.26548513057716e-06	0.973146301367308	0.0188758731959168
Lactobacillus_rhamnosus	0.159775152307421	0.101097212430902	0	0.0233289276304521	0.578564451780575	0.0815434782651364	0.469542113636289	0.374185518433277	0.0120028021387278	0.0259522608579728	0.999980916292842	0.115833556304835	0.51300852981518	0.928298592626644	0.0199088394756143
Peptoclostridium_difficile	1.66758808479733	1.66345854372253	0.109138279236139	6.52026218076721e-29	0.99893846411421	1.88737914186277e-15	1.32116539930394e-14	0.262069491951657	0.000255984371037434	2.58016089153217e-27	0.999980916292842	4.02156940227682e-14	3.88608337428567e-13	0.928298592626644	0.000650529089700634
Alistipes_finegoldii	2.68227308345052	2.20718410126288	0.512502997078518	7.13353253341045e-30	0.00480244624797177	8.54871728961371e-15	4.03710398444446e-12	0.955071969772773	6.30686500197376e-10	3.29331418625783e-28	0.0316732764449567	1.31555260512389e-13	4.14176964330042e-11	0.997335034563549	9.19474529235122e-09
Thermanaerovibrio_acidaminovorans	0.131884085734068	0.165524925424506	0	4.62444805485472e-05	0.765526542608097	0.0797606062832205	0.0532927718485044	0.155331989493757	3.53263906597168e-05	8.21135968714589e-05	0.999980916292842	0.113884989383774	0.0853300450984724	0.92187505819389	0.000117896508587248
Streptococcus_pseudopneumoniae	0.146647279586759	0.472078996738804	0	7.63382426412419e-05	0.00025850095436597	0.32023194490506	0.000297565558556534	0.534330396657684	0.99983779661847	0.000130528970442123	0.00223764888623043	0.366546482391329	0.000926131008091684	0.962083802693248	0.999898642035521
Clostridium_tetani	0.155085252258538	0.174337899089277	0	0.0139487595726985	0.930594457722437	0.057385736257628	0.0689135079995936	0.206516796849558	0.100100137468691	0.0160323917080394	0.999980916292842	0.090317323541835	0.103184009275067	0.928298592626644	0.131750125114109
Streptococcus_oralis	0.289433731465283	0.827049911167625	0.0280178735391477	1.81505809821376e-06	1.32711284929199e-05	0.158831488954284	9.74681769394525e-06	0.767327969798675	0.509883330766757	3.92789916566571e-06	0.000136151947871808	0.200896449499254	3.80263169186315e-05	0.973146301367308	0.569506784767708
Gordonibacter_pamelaeae	1.24827281830841	1.02248920548241	0.113636970421404	2.72461112436858e-21	0.162738858891593	5.5405569021616e-11	4.26914050899452e-06	0.00773042729458037	3.46204404927322e-09	2.60247338431068e-20	0.556526714974954	3.93521605615067e-10	1.8193106476792e-05	0.713776120199587	3.99577584020284e-08
Thermomonospora_curvata	0.113972778005932	0.149822872636505	0	0.00586072981755672	0.675046147564726	0.0861922932174386	0.0446292731294989	0.486631914557613	0.0169945871532867	0.00737919163392369	0.999980916292842	0.120721829681848	0.0753799308345805	0.962083802693248	0.0270546013877036
Eggerthella_sp._YY7918	0.732322888120279	0.481771961742092	0.117765373468783	1.62808533135146e-10	0.0590219017960896	4.52861868238674e-05	0.0615731094725087	0.65262450226826	1.43760464066997e-07	5.85687839979682e-10	0.267719136961959	0.000187227966421064	0.0958188276622748	0.968579227491366	1.01482869523408e-06
Ruminococcus_champanellensis	1.16517987306087	1.0634435922592	0.0501713787930516	1.48002387234761e-20	0.670400662402457	2.98879809790265e-11	1.2427235007717e-07	0.835836942336177	2.06034821829859e-10	1.36655537546762e-19	0.999980916292842	2.23755965707847e-10	7.48335673290786e-07	0.973146301367308	4.07654611763364e-09
Eubacterium_limosum	1.13919327731585	1.19131388407785	0.0769805627656952	4.34981746283295e-17	0.87218307287914	9.2503782411768e-13	6.81148470960125e-11	0.344464738713083	0.000134385562575506	2.78304843802455e-16	0.999980916292842	7.11765214668326e-12	5.89619145174858e-10	0.928298592626644	0.000379844906463419
Selenomonas_sputigena	0.483074090520808	0.478271840317741	0	2.67434365383111e-19	0.997761996561619	3.34189174167054e-06	8.16740382000303e-05	0.280368665178919	1.04526652471185e-10	2.24482785488248e-18	0.999980916292842	1.68309820444135e-05	0.000269329864064386	0.928298592626644	2.2272217488091e-09
Chromobacterium_violaceum	0.119404922158451	0.183188375462973	0.183312868833332	0.896648568803981	0.38591860127065	0.545808435452383	0.999998290159146	0.0408079114209845	0.00254595290612106	0.899897295502546	0.907583502147406	0.599956097699643	0.999999079741911	0.753231536196894	0.00486364796548643
Escherichia_fergusonii	0.207468154411489	0.434841788636648	0.103415875821932	0.00290272825276312	0.0715792788456096	0.699638957660965	0.0732278940690103	0.194990020784716	2.22278587989573e-06	0.00386565252892012	0.314721591114823	0.742528702191906	0.108471265546074	0.928298592626644	9.21600895618555e-06
Methylocystis_sp._SC2	0.0633788171477075	0.185979132364713	0.340766676040553	0.000266700874081721	0.0553033111454981	0.000148971708368917	0.114262796562392	0.824510391636065	0.433350972649333	0.0004320242229277	0.258693662863808	0.000573127266919305	0.158253973238913	0.973146301367308	0.500159247599439
Campylobacter_jejuni	0.886677964981734	1.02699226889598	0.127047089641798	5.20977722828947e-10	0.480820272092777	5.6155763992205e-06	3.73879440651592e-06	0.257037060063528	1.62429680771418e-06	1.78161517560023e-09	0.999980916292842	2.68192183204152e-05	1.61819695407017e-05	0.928298592626644	7.03015962088792e-06
Bacteroides_thetaiotaomicron	3.02216604410363	2.81405626257723	0.607549850384253	5.86598084414468e-27	0.23430394911138	1.66533453693773e-15	6.55031584528842e-15	0.989026146137478	0.0532370813797948	9.02709274348932e-26	0.679539991911941	4.02156940227682e-14	3.88608337428567e-13	0.998828201616962	0.0752381201132814
Clostridium_perfringens	0.197375273436681	0.180501453864104	0.0867351011592335	0.26147194477949	0.969155876524891	0.43065130927311	0.638126945903492	0.335938655585635	0.00645051762035963	0.267260991527376	0.999980916292842	0.48295713631033	0.669549863694195	0.928298592626644	0.011380849559488
Desulfovibrio_desulfuricans	0.508120686730061	0.604464941156152	0.0843882570475399	5.90230705716305e-14	0.594946581995723	0.00251557244875245	0.00132969417925299	0.627037404648484	2.27194908821035e-12	2.68746246735779e-13	0.999980916292842	0.0078293659360048	0.00364678502626811	0.968579227491366	1.82176110116087e-10
.Ruminococcus._obeum	2.27966451066604	2.24222704429409	0.36618950501632	2.54394090838583e-25	0.94025213598917	1.66533453693773e-15	1.0991207943789e-14	0.144685419873158	0.0411917954658958	3.52335815811437e-24	0.999980916292842	4.02156940227682e-14	3.88608337428567e-13	0.92187505819389	0.05942774658361
Bacteroides_xylanisolvens	3.11807366006956	2.61381625142784	0.663769504830018	1.58458647706545e-27	0.000496167100937805	1.66533453693773e-15	2.80886425230165e-14	0.928178323357618	0.000708735381138036	2.74331533841956e-26	0.00416479657453855	4.02156940227682e-14	4.41308101173377e-13	0.997335034563549	0.00153374766074403
Bibersteinia_trehalosi	0.182451284480876	0.13764828335936	0	0.0050211924695605	0.710225012840588	0.0313395748263458	0.225845041895433	0.275850909051262	0.00529271201320575	0.00640954061782607	0.999980916292842	0.0586558258574174	0.279801947186772	0.928298592626644	0.00945858856553543
Salmonella_enterica	0.358032902907814	0.623472283641184	0.114119474500866	5.64889457239654e-06	0.0546957015255007	0.207899811173071	0.00752289332776901	0.694571794132838	4.968958362385e-09	1.15906947892877e-05	0.258693662863808	0.251477064170047	0.0170806676376395	0.968579227491366	5.50560586552258e-08
Erysipelothrix_rhusiopathiae	0.259945288708664	0.363657361635404	0.0501713787930516	1.24729682557958e-05	0.323267320261624	0.0571644444146957	0.0096783245223705	0.366279827009876	9.8485236599528e-06	2.38276703921065e-05	0.829120812152499	0.090317323541835	0.0207821387030746	0.928298592626644	3.89720150543846e-05
Bacillus_subtilis	0.150707727673308	0.0784364939216988	0	0.00100370833083681	0.243828987169682	0.0228968756894602	0.458040626381559	0.40735264863604	0.070009124042091	0.00146330109285156	0.682228580262647	0.0459596707679744	0.503481164713063	0.928298592626644	0.0960026106913822
Pseudomonas_fluorescens	0.174952559541439	0.196242971378931	0	5.60209976920463e-06	0.917654660942046	0.0293415910376316	0.0372468316315206	0.182022851785541	0.000171123228399484	1.15804599706693e-05	0.999980916292842	0.0562492373809391	0.0648891343517687	0.928298592626644	0.000460205187054922
Asticcacaulis_excentricus	0.117321954006887	0.0856237111414911	0	0.0082422786402423	0.738697913420592	0.0776806891148522	0.359599245933897	0.303731187463796	0.0625337949971147	0.0101471608148761	0.999980916292842	0.112657334475466	0.41160740133756	0.928298592626644	0.0866093060710039
Bacteroides_vulgatus	3.8257432047592	3.61653737295653	1.73514284031091	4.92236112471141e-28	0.237961657817539	1.88737914186277e-15	3.06421554796543e-14	0.546466923264547	6.97747331692434e-07	1.04884156272697e-26	0.679539991911941	4.02156940227682e-14	4.41308101173377e-13	0.962083802693248	3.57918538664452e-06
Planctomyces_brasiliensis	0.202996085224208	0.0926140144848683	0	4.93724515807527e-05	0.0739848209077595	0.00452223964719922	0.418446365383841	0.274862109576613	0.0204509598301473	8.65580322016993e-05	0.320215552991397	0.0127822487987162	0.46550057514588	0.928298592626644	0.0321257400168702
Chlorobium_phaeovibrioides	0.197240887757977	0.155571412436637	0	1.68829643958577e-05	0.705822888051017	0.00906631725724993	0.108635667600133	0.868895029567998	0.00114392758895764	3.15985212003552e-05	0.999980916292842	0.0220295603531424	0.152751674747395	0.973146301367308	0.00238246573038546
Corynebacterium_callunae	0.206689425959793	0.11423864615168	0	1.05533935584864e-05	0.178936644288586	0.00534393176644754	0.29167792212181	0.518053814303077	0.000123862065048824	2.07325533028421e-05	0.583866370524413	0.0139648028236412	0.345276856528809	0.962083802693248	0.000353709196067259
Verminephrobacter_eiseniae	0.0703801117734447	0.183680266264753	0.960153246842729	7.6860642755835e-29	0.0196746579405391	1.66533453693773e-15	2.1094237467878e-15	0.801899575842027	0.99986045111219	2.66129975542079e-27	0.115954898926156	4.02156940227682e-14	1.94770125953407e-13	0.973146301367308	0.999898642035521
Bacteroides_helcogenes	2.33424846296249	1.99571278029742	0.618110394705505	1.13874242608545e-22	0.0369736449114154	2.97539770599542e-14	4.57675120024703e-10	0.884057079837167	1.34362691168949e-06	1.31429855010695e-21	0.193239615857775	2.73895489621978e-13	3.72870612490714e-09	0.973146301367308	6.20307757563315e-06
Enterobacter_cloacae	0.383553814039135	0.588364081371661	0.0473600063346425	1.11664031744749e-05	0.181272591570756	0.0568077398738975	0.00474370551992331	0.0644793189569208	0.000164136724630826	2.16300257295772e-05	0.583866370524413	0.090317323541835	0.0113276416294721	0.801123460196561	0.000450157155670682
Klebsiella_oxytoca	0.323067752112368	0.423402740476946	0	6.4321750548033e-06	0.643117081800272	0.0599015177154775	0.0288169752932372	0.639458032437883	2.91912187646211e-10	1.30052006582519e-05	0.999980916292842	0.0937441830914534	0.0528629281869319	0.968579227491366	5.03980808577807e-09
Acidovorax_sp._KKS102	0.123280217550451	0.0876166500198144	0	0.051219211434858	0.649739841413685	0.0425371298192848	0.300054475341333	0.448962155451367	0.999862201929648	0.0545681598748295	0.999980916292842	0.0731849997511919	0.350528892062355	0.943884908783794	0.999898642035521
Desulfovibrio_alaskensis	0.219508084604639	0.177432945391017	0	6.01089878023651e-05	0.756343336077947	0.0102365415632145	0.103602012327736	0.755397567219126	0.0232526317725982	0.000104063685132845	0.999980916292842	0.0244441552845726	0.146417129667259	0.973146301367308	0.0357832166722761
Streptococcus_mutans	0.147601434477614	0.104702085553353	0	0.0277444617883639	0.589928452656803	0.0222206934007423	0.234154109914205	0.76719638010627	0.999883453267816	0.0304968885530825	0.999980916292842	0.0449279713285081	0.286994196664756	0.973146301367308	0.999898642035521
.Clostridium._saccharolyticum	2.10926629996102	2.12590814901708	0.241894641738844	9.74225994528718e-28	0.988493887096055	1.88737914186277e-15	1.49880108324396e-14	0.285928881005535	0.000272011385752235	1.85828831993922e-26	0.999980916292842	4.02156940227682e-14	3.88608337428567e-13	0.928298592626644	0.00068497412593972
Bacillus_thuringiensis	0.15383406198873	0.546591949346269	0.124661167721156	4.78472273099258e-05	0.000164086880814041	0.967360506008826	0.00764565127130157	0.291652607849258	0.00186549900762019	8.44183564640093e-05	0.00151506886618297	0.976775708904721	0.0172182553020369	0.928298592626644	0.00369102303650567
Mycobacterium_canettii	0.203781272193152	0.199178754782107	0.101899689826957	0.951599640645629	0.995985443038128	0.2930842338522	0.435746036610476	0.695747025814149	0.00128663336788086	0.951599640645629	0.999980916292842	0.339683400740835	0.48088307625937	0.968579227491366	0.00265968240972387
Streptococcus_pyogenes	0.713160439851716	0.847682887686409	0.050066526876103	5.63927148345075e-10	0.381936531626515	2.07161658749566e-06	9.23314741330117e-07	0.390893950573934	0.000650338860958643	1.90497341575105e-09	0.907583502147406	1.062662582845e-05	4.73626265460078e-06	0.928298592626644	0.00143910331397663
Prevotella_denticola	0.683343714257777	1.15413685827265	0.200925947272519	5.93619100393734e-12	0.00205157721834992	0.0152183535641955	1.27387732075102e-05	0.430720987525459	6.73862832705298e-10	2.38307957694296e-11	0.0145714587046905	0.0351290328106847	4.76843267362205e-05	0.928298592626644	9.33300023296838e-09
Streptomyces_coelicolor	0.108080289607003	0.081701196337015	0	0.0191062768681506	0.752936190446175	0.0538380114404022	0.284681194152268	0.850530486572887	0.213246253531629	0.0214268772974807	0.999980916292842	0.0871181573950032	0.339899529224907	0.973146301367308	0.263701840304738
Paracoccus_denitrificans	0.150482593045355	0.0936997350137509	0	0.000385672615011882	0.496961313527207	0.0486719717730483	0.412147567215001	0.785762117815768	0.00633892909442693	0.000603566747786957	0.999980916292842	0.0817099162492992	0.462205976188483	0.973146301367308	0.011255662558694
Bifidobacterium_dentium	0.471224147350973	0.414717879533208	0	7.1614049030754e-07	0.8707194245622	0.00325557973649881	0.0347379084959836	0.741032621840925	1.54008570679017e-07	1.68110945606092e-06	0.999980916292842	0.00990984161549639	0.0616820554704324	0.973146301367308	1.04049692873385e-06
Cronobacter_sakazakii	0.190735725877989	0.0712864001661354	0	8.91649228921394e-05	0.132676171717767	0.0403875730005118	0.710517556624126	0.616982012961741	0.000832574179848478	0.00015060172951904	0.503442459805775	0.0699897689812828	0.737128701066977	0.968579227491366	0.00178777556448084
Prevotella_melaninogenica	1.22587456758266	1.41961933619535	0.232678660545289	1.38013873878463e-11	0.400431024508303	1.49640715851884e-06	7.71193151005711e-07	0.340929775503175	3.71524056066499e-07	5.38448493863864e-11	0.924328281573333	7.82084496056074e-06	4.03057552506759e-06	0.928298592626644	2.0582432706084e-06
Fretibacterium_fastidiosum	0.301256019453228	0.261436865960847	0.0501713787930516	4.70005895796984e-08	0.81342941746638	0.00724192947940072	0.0712882728631369	0.85121068286447	1.58668160424339e-06	1.23992031557871e-07	0.999980916292842	0.0180722023945405	0.106165868726285	0.973146301367308	7.03015962088792e-06
Propionibacterium_acnes	0.191791812118989	0.169743441959032	0.0366564076557087	0.00405448974425192	0.931008653482124	0.112742006556393	0.301176448775597	0.0426643904471599	0.041760474526459	0.00522369143794317	0.999980916292842	0.152145144609069	0.350528892062355	0.753231536196894	0.0599360178436743
.Clostridium._cellulolyticum	0.134327392644014	0.0592207176385588	0	0.00564420243197774	0.12765110406647	0.0171099040835601	0.545274641260147	0.320959637106919	0.695604557285155	0.00713901403496728	0.491448170766055	0.0368372205008335	0.580927213957926	0.928298592626644	0.758592371527512
Thermus_scotoductus	0.0831600403046534	0.243757708649452	0.0501713787930516	0.00192732256036725	0.00202407576671415	0.838654652736846	0.0137500816988293	0.0435745126116395	0.652628992722278	0.00270999162041486	0.0145714587046905	0.866818428388456	0.0280056811071744	0.753231536196894	0.717373932476473
Sinorhizobium_fredii	0.129315582855878	0.124369174093148	0	0.000296116004373798	0.993485648278742	0.0647828728187848	0.151341541236652	0.0555159001386421	0.000288314029352395	0.000474127937638971	0.999980916292842	0.09969364317113	0.200581851304079	0.780990390023179	0.000712237413171474
Streptococcus_mitis	0.343283618313255	0.773828277785394	0.0769805627656952	1.50675387984766e-06	9.40779219110732e-05	0.0908450230468411	1.46244248633298e-05	0.408285321032977	0.0562341415994023	3.3124668628397e-06	0.000930699441763117	0.125820356919875	5.40128758285648e-05	0.928298592626644	0.0786709960759315
Paludibacter_propionicigenes	0.561862419888639	0.393093894502881	0	5.91823864652798e-14	0.101080066767766	6.36620515193087e-07	0.00368251101760575	0.73497255038151	9.58471264605096e-07	2.68746246735779e-13	0.411752624921637	3.5268776541697e-06	0.00894785571821748	0.973146301367308	4.65783404027389e-06
Filifactor_alocis	0.325757310321793	0.58586522958596	0.0352537561027599	1.26585966351043e-06	0.0016607811998729	0.00607051308469309	3.33506333738409e-06	0.143307571454714	0.161431720129487	2.85075712839342e-06	0.0124334160098592	0.015715253499626	1.49002023299257e-05	0.92187505819389	0.205121956311321
Pseudomonas_putida	0.230953648252304	0.36178794813705	0.806636705642567	8.45702672901223e-07	0.0973549796694798	6.87768730855964e-11	1.03960018168481e-05	0.259969194756596	0.0168791144521797	1.93603008589784e-06	0.402497453260387	4.76279846117755e-10	3.94478425105057e-05	0.928298592626644	0.0270260965505999
.Eubacterium._eligens	1.9540525045581	1.83212657917289	0.15043617005554	3.54503652190884e-18	0.690233637053937	2.96429547574917e-14	5.5498938777987e-12	0.533536839775746	8.1922314182295e-05	2.51788491427885e-17	0.999980916292842	2.73895489621978e-13	5.49043072910799e-11	0.962083802693248	0.000241409372643571
Desulfovibrio_salexigens	0.145094185040798	0.11663167801052	0	0.000481029938768903	0.799456860181638	0.0289567643378665	0.178225201817579	0.611739992556273	9.50652507728128e-05	0.000736161839994398	0.999980916292842	0.0562492373809391	0.229620376295207	0.968579227491366	0.00027430285900072
Haemophilus_influenzae	0.22399096310057	0.175917411784199	0.0442495621236677	0.201281297449396	0.828770490328778	0.195751213994803	0.520039800926429	0.819727420623944	0.0161314746849123	0.208040744005532	0.999980916292842	0.237820553844563	0.556181563152976	0.973146301367308	0.0261311022673726
Kocuria_rhizophila	0.118044684875784	0.169428605365772	0	0.00249594983547735	0.432159589132476	0.0647240764608149	0.0164161619646429	0.0904813357192871	0.096529755201706	0.00338910835503542	0.971874139912432	0.09969364317113	0.0329512816246818	0.846113070339019	0.127936565506567
Lactococcus_lactis	0.574174962751121	0.286922708841225	0	3.734127417141e-05	0.028274642534465	0.000193064543022148	0.183990853470248	0.576929395618836	0.0268463929357066	6.7604790493337e-05	0.156641519640936	0.000703669452857039	0.234863900512713	0.963753446116848	0.0410853637745344
Alteromonas_macleodii	4.83418115182276	4.79155687443297	5.06445323010081	9.00560074311346e-17	0.51227928923149	1.52409197613501e-05	1.03935247863784e-05	0.246769469043309	6.19103963790833e-10	5.30755618264347e-16	0.999980916292842	6.49497657522151e-05	3.94478425105057e-05	0.928298592626644	9.19474529235122e-09
Azospirillum_lipoferum	0.249536857123095	0.239130466233001	0	1.82000062629952e-09	0.984818318982448	0.00524168416365478	0.0266547272430151	0.145914572163004	2.66054718989959e-06	5.93106086452903e-09	0.999980916292842	0.0138280620317369	0.0495527479618469	0.92187505819389	1.08378172294439e-05
Neisseria_meningitidis	0.157902840400308	0.104812429206405	0.104721259191083	0.35932106737098	0.51474516583779	0.655972805971622	0.999999079741911	0.93841692812989	0.445788592897576	0.364585844914877	0.999980916292842	0.707021273362409	0.999999079741911	0.997335034563549	0.508162305484068
Gluconobacter_oxydans	0.124245819887176	0.109890824418694	0	0.0131250680898095	0.946278753407356	0.0787929839789534	0.226265834548147	0.549703521299491	0.0536163105103133	0.0154052705969374	0.999980916292842	0.113675294594636	0.279801947186772	0.962083802693248	0.0753894315297299
Desulfovibrio_africanus	0.178973266771197	0.113640802158665	0	7.15277636669189e-07	0.408026139261423	0.0165243030322302	0.283597592948339	0.388471642688744	1.018656897569e-05	1.68110945606092e-06	0.934076368391853	0.0368372205008335	0.339899529224907	0.928298592626644	3.97419662854384e-05
Bacteroides_salanitronis	2.10176965606358	1.96336918825882	0.275876050155719	1.61496285615563e-26	0.514542177540622	9.65894031423886e-15	3.08642000845794e-14	0.843707910990785	2.22914296052141e-06	2.35444584818479e-25	0.999980916292842	1.40817182476009e-13	4.41308101173377e-13	0.973146301367308	9.21600895618555e-06
Geobacillus_thermoleovorans	0.273443816674533	1.12876841861441	0.312615576326287	1.34407428148862e-15	2.94209101525666e-14	0.929253811292813	3.30145166760332e-09	0.375435738895679	0.999848880932206	7.02469011268578e-15	7.74420931422397e-13	0.949827696413687	2.40658450506873e-08	0.928298592626644	0.999898642035521
Brevibacillus_brevis	0.129034969632461	0.0994917073381142	0	0.0118205679323282	0.769935170436584	0.0471688420655396	0.254981878125644	0.0247013069020036	0.243364167219771	0.0141133505054091	0.999980916292842	0.0801580935714998	0.309780615091242	0.753231536196894	0.296968609338663
Ethanoligenens_harbinense	0.748287149975629	0.75446807351058	0.0667594681662236	1.02362896472076e-18	0.997530060959444	9.29513723768594e-08	3.41132875503192e-06	0.257647077570018	1.27512769542183e-09	7.46171640072763e-18	0.999980916292842	5.36406878091459e-07	1.49990169070451e-05	0.928298592626644	1.68195415062784e-08
Parvibaculum_lavamentivorans	0.0985635967933561	0.134949271933697	0	0.00702888304854693	0.642891320372496	0.133836832297582	0.0630017169663225	0.315088151820879	0.0381505710066318	0.00873094441456278	0.999980916292842	0.176537154983001	0.0971251809209899	0.928298592626644	0.0562112136640266
Streptococcus_thermophilus	1.04872804335358	0.80805494493374	0	8.15801840598008e-06	0.259982910775687	6.62909486415231e-07	0.00122892503045147	0.304490694975138	0.000296840569060784	1.63751528873658e-05	0.720101767088941	3.60050838700037e-06	0.00340412233435056	0.928298592626644	0.000721270505524886
Clostridium_kluyveri	0.346786181568145	0.414434688610229	0	2.04083710186977e-09	0.646327718220252	0.00114252436636064	0.000802906002995818	0.901357072801655	1.12491573086781e-06	6.57339392113868e-09	0.999980916292842	0.003813003005806	0.00226943839622287	0.982976020338813	5.37244236983418e-06
Haliscomenobacter_hydrossis	0.387131211726416	0.247025616906373	0	6.05739975635618e-08	0.147468465982552	0.00018122278192767	0.0638573136390505	0.786288031191608	4.01737469491809e-05	1.56813059113146e-07	0.530503442560609	0.000678360953972495	0.0971251809209899	0.973146301367308	0.000127909516148542
Acidaminococcus_intestini	0.488643364167208	0.530371388898844	0.181618498714589	6.65499319495958e-08	0.961127093342847	0.263046757543319	0.279552276356219	0.254893332810763	5.63675956038213e-18	1.67584828636709e-07	0.999980916292842	0.308116433970664	0.336678176307272	0.928298592626644	1.56138239822585e-15
Achromobacter_xylosoxidans	0.161382252416757	0.234706368800604	0	4.52131551587357e-05	0.337655843326904	0.0390349345930141	0.00686923585234367	0.793299954556407	0.00213934253487089	8.0800283735289e-05	0.842618636050022	0.0684346638118032	0.0159897338747832	0.973146301367308	0.00420282185928537
Enterococcus_faecium	1.29060224357928	1.19349168318409	0.0501713787930516	1.21734218866802e-23	0.622697895044364	3.07531777821168e-14	2.38210562386598e-11	0.998828201616962	1.99036075936312e-08	1.46610341852627e-22	0.999980916292842	2.73895489621978e-13	2.19947752603626e-10	0.998828201616962	1.90113769083995e-07
Lactobacillus_delbrueckii	0.180256561724729	0.14747802616994	0	0.0135317761772001	0.810263698244923	0.0210438415962716	0.142345781331968	0.990364430368604	0.267183915680327	0.0157735870506583	0.999980916292842	0.0431788453493869	0.190482035888672	0.998828201616962	0.323187531194107
Desulfococcus_oleovorans	0.149904487846703	0.167970644624013	0.0501713787930516	0.0100118001966429	0.921097866701907	0.211113474523894	0.201256497517942	0.432312340970531	0.00112865573528446	0.0122170425307052	0.999980916292842	0.253153387199648	0.254557305079771	0.928298592626644	0.00238246573038546
Akkermansia_muciniphila	1.85962450889462	1.61482646806439	0.632661966377829	6.16437641965675e-08	0.600131237524014	0.000538441743432316	0.0245925829573023	0.0563891978356086	1.25252562188564e-11	1.58104839652307e-07	0.999980916292842	0.0018643545366344	0.046341125708658	0.780990390023179	3.85499552513693e-10
Thermus_thermophilus	0.415421850516233	1.42919478591984	0.634825158629702	3.93569160385742e-16	2.80886425230165e-14	0.185698306985399	5.53074081643956e-07	0.0973405364489242	0.256088573786964	2.13762073385981e-15	7.74420931422397e-13	0.228615249044246	3.06403041230752e-06	0.846113070339019	0.311125153241179
Dyadobacter_fermentans	0.120536725347518	0.102964646828832	0.0351516110313809	0.0599148162899965	0.929785543405723	0.342018524275581	0.604486697814542	0.452133959773106	0.00528284865432277	0.0635877552196514	0.999980916292842	0.388275127968589	0.639094714864993	0.943884908783794	0.00945858856553543
Coriobacterium_glomerans	0.512464022050658	0.596633729296642	0.0352537561027599	5.72445429693583e-12	0.685082898011028	0.00078495990554639	0.000673448326079185	0.820315409932448	6.65097541728341e-07	2.33187329448709e-11	0.999980916292842	0.00268436905970802	0.00194317902420765	0.973146301367308	3.47607583129718e-06
Proteus_mirabilis	0.0955679090937324	0.451945417661125	0.444804231901472	0.00014925858661329	0.00019044180719141	0.00470926320292253	0.998248662383046	0.67872482468728	0.0651190749594188	0.000247572625699888	0.0017016896965168	0.0130283246723868	0.999999079741911	0.968579227491366	0.0897412127550199
Acetobacterium_woodii	0.142675498980405	0.14228685185775	0	0.0066591830613138	0.999954506713903	0.0242928720481225	0.0632470288473334	0.789661093544977	0.0769392266766226	0.00834657786418064	0.999980916292842	0.0484109752325894	0.0971251809209899	0.973146301367308	0.104471400928551
Clostridium_botulinum	0.419806837785599	0.485870490715877	0.0501713787930516	4.33408854709507e-06	0.652888504405132	0.000408293062338028	0.000335661848269608	0.0367709742472784	0.01311685155638	9.16444677515522e-06	0.999980916292842	0.00143160985148903	0.00102173991176573	0.753231536196894	0.0216271897685552
Veillonella_parvula	0.737944952256567	0.512042280116105	0.0514736936843547	1.84077134075071e-05	0.156614979729689	4.73388035728828e-05	0.0292601255846796	0.553473091629705	0.000566263743966447	3.42210510998622e-05	0.549143663102835	0.00019283600867189	0.0532909618266344	0.962083802693248	0.00130176530270453
Prevotella_sp._oral_taxon_299	0.562900502686099	1.02987286846682	0.142281641328233	2.55235623851214e-09	0.00160379713118031	0.0334220734147013	2.93915761955255e-05	0.48069557876429	1.02106171541307e-08	7.94385031536923e-09	0.0123403279260263	0.0605092440253088	0.00010573333254754	0.962083802693248	1.04753368581267e-07
Porphyromonas_gingivalis	0.647408350460512	0.751466193076505	0.0632168527347005	7.58430064791357e-11	0.513888882114608	7.21722438334904e-06	5.47161563835274e-06	0.521698329408799	7.50246391138836e-05	2.83898821550278e-10	0.999980916292842	3.27732976096342e-05	2.22887872327016e-05	0.962083802693248	0.00022588940254941
Geobacter_lovleyi	0.197546103361588	0.142125728210795	0	0.000301744043854475	0.543692520080679	0.00928362081924072	0.158092523529368	0.400922083948257	0.0285077820693326	0.000480362644526952	0.999980916292842	0.0223614171037364	0.206564287819032	0.928298592626644	0.0431171915695428
Cryptobacterium_curtum	0.185378522524418	0.176928719294429	0	8.44194178191262e-06	0.986250793450573	0.017810283993677	0.0640020664537226	0.859476359748275	3.2571684938972e-05	1.68231501697108e-05	0.999980916292842	0.0373746111079434	0.0971251809209899	0.973146301367308	0.000112745434897653
Tannerella_forsythia	1.30926106976956	1.01644977276863	0.164754846754253	1.02035300127741e-21	0.0189597800406398	1.08246744900953e-13	6.89862500125038e-07	0.426945305304347	3.73450927461078e-08	1.0094206476923e-20	0.114170849375157	8.81892598163644e-13	3.67484447181991e-06	0.928298592626644	3.23268459083496e-07
Coprococcus_catus	1.95008493122615	2.064501979326	0.222995162818216	2.13094790623676e-24	0.569282125756472	4.10782519111308e-15	1.54321000422897e-14	0.320501640357672	0.00792014148261917	2.68305713648901e-23	0.999980916292842	6.69333869375484e-14	3.88608337428567e-13	0.928298592626644	0.0137117449417844
Streptococcus_parasanguinis	1.0917061180249	0.873807771807373	0.102589836570873	4.85172730875471e-07	0.359425100242606	6.57236168244424e-06	0.00336647908936238	0.666915178113526	1.41446867984079e-07	1.18931722524341e-06	0.888935292564303	3.03424031006176e-05	0.00825234254649009	0.968579227491366	1.01482869523408e-06
Bifidobacterium_adolescentis	0.815714210031214	0.592717523726793	0.050066526876103	1.21532733062248e-05	0.46575899645856	0.00445928654797478	0.124830157183953	0.411333808137488	1.12262008839793e-13	2.3378171568224e-05	0.999980916292842	0.0127342512761754	0.17195306378132	0.928298592626644	1.55482882243113e-11
Prevotella_intermedia	0.703958148758823	1.14239825527755	0.0667594681662236	4.79066304380345e-13	0.00122490492073946	0.000156935384102219	3.75899701365867e-08	0.882235238114606	2.42514321558027e-07	2.01062676232357e-12	0.00969424751556655	0.000595494539675544	2.36645948359875e-07	0.973146301367308	1.46035797981681e-06
Tistrella_mobilis	0.103670784621492	0.183586764900134	0	0.00262601038230446	0.190892941738461	0.172602522517864	0.0187239156247911	0.959300653136838	0.0205279999385777	0.00353109163057444	0.598093894825307	0.216338908314246	0.0370466044861939	0.997335034563549	0.0321257400168702
Streptococcus_pasteurianus	0.364966072649476	0.475223025218914	0	0.000459277264328652	0.377754599940362	0.00172324569689752	0.000386274794100028	0.245426750789077	0.685224220987155	0.000710725152061657	0.907583502147406	0.00548665583954729	0.00115051739748073	0.928298592626644	0.750225728116371
Variovorax_paradoxus	0.191810712950737	0.427522027413537	0	3.91947737297966e-08	0.00270795705772409	0.0775101151145221	0.000148193841463362	0.565320407104644	5.87494036787584e-05	1.06335985890378e-07	0.0182952220729164	0.112657334475466	0.00047183556419944	0.962083802693248	0.000180817609100179
Eggerthella_lenta	1.51169327710288	1.42535716070267	0.280341123193017	5.33836534859007e-17	0.804622145919551	1.56067936352144e-10	2.11593811028088e-07	0.0205011688310894	8.33123710506868e-08	3.28606044790989e-16	0.999980916292842	1.02930519927486e-09	1.22107261780792e-06	0.753231536196894	6.23716940028115e-07
Streptococcus_sp._I.G2	0.347625010769384	0.303605778629165	0.0501713787930516	0.029346186776895	0.875120899873778	0.0247396238705326	0.132570392682514	0.383830903347511	8.54826996472428e-05	0.0321300147715412	0.999980916292842	0.0489491129438396	0.180896545680081	0.928298592626644	0.000249249555813539
Heliobacterium_modesticaldum	0.25744252103366	0.289573597746986	0	5.46064370559557e-07	0.878054844706089	0.00672007457593171	0.00915457481891369	0.351796334659863	7.04273263770279e-05	1.32684061969296e-06	0.999980916292842	0.0170776207113127	0.020125533530469	0.928298592626644	0.000214377685785019
Streptococcus_gordonii	0.276676643128731	0.384816744740073	0.0853229898244325	0.0349514908647272	0.421048775020014	0.183807057741972	0.0486026979689068	0.818787140204347	0.0111756072351276	0.0376714512433052	0.955987792463474	0.227297120511278	0.0801365912939714	0.973146301367308	0.0188758731959168
.Ruminococcus._torques	2.37416728973629	2.37112514494189	0.396063936108425	1.00629331404651e-27	0.999628599449879	1.66533453693773e-15	1.0325074129014e-14	0.199475810909133	0.000148091850259569	1.85828831993922e-26	0.999980916292842	4.02156940227682e-14	3.88608337428567e-13	0.928298592626644	0.000414358005271724
Rickettsia_africae	0.158051044602177	0.177242375191574	0.308241930669063	0.00288236881302827	0.931815440364535	0.0703633683962949	0.220699404013816	0.76866318377265	0.0231468637881794	0.00385708290439049	0.999980916292842	0.105395575692742	0.27537718428751	0.973146301367308	0.0357832166722761
Desulfurivibrio_alkaliphilus	0.20688905165119	0.0914182689829899	0	5.43337947173196e-06	0.0866966150575071	0.0079701707290335	0.482697340364782	0.610705196112921	0.000493209969331061	1.13161361930057e-05	0.363863066226204	0.0195374981587812	0.5224512846169	0.968579227491366	0.0011480601807118
Mycoplasma_hyopneumoniae	0.869986675730541	1.11931523874786	1.69695994316424	3.23037248645881e-19	0.0186448918631459	8.62481197572151e-11	7.90672927050151e-05	0.8403540607007	3.79526335244109e-05	2.63180346690909e-18	0.114170849375157	5.82700711530453e-10	0.000263875181678183	0.973146301367308	0.000123680935132492
Faecalitalea_cylindroides	1.62936683184319	1.55081903799914	0.314458178277715	3.0819365126344e-22	0.735876986819767	2.80886425230165e-14	1.13364873044475e-12	0.240744987654443	5.08352314320217e-05	3.2834477461528e-21	0.999980916292842	2.73895489621978e-13	1.20777191666613e-11	0.928298592626644	0.000158631581460092
Streptococcus_salivarius	1.23771059472898	1.01142154800521	0.149949842905515	1.04020254774527e-05	0.389720776440612	4.67472330434315e-06	0.00238133211973779	0.577085246239503	3.49071630140082e-05	2.058115040896e-05	0.907583502147406	2.27175150053167e-05	0.00599662724697607	0.963753446116848	0.000117896508587248
Desulfovibrio_gigas	0.406989062456153	0.340643069951311	0	3.71362367343163e-09	0.6400732589806	6.46825684078589e-05	0.0054247476326732	0.870672276339616	0.00144292792085763	1.11812364950061e-08	0.999980916292842	0.000259667702159086	0.0128432059337648	0.973146301367308	0.00291745280348586
Propionibacterium_freudenreichii	0.250009189783184	0.117159803317124	0	0.000936251330310495	0.202313234975971	0.0302027083594411	0.55645816709082	0.718697917556913	0.00366100964863382	0.00137217787564025	0.615832594377405	0.0569125865004434	0.590570545150028	0.973146301367308	0.00671589187199713
Treponema_primitia	0.149595038977617	0.219456265054281	0	0.00176951493142378	0.235709969494457	0.0171261923734223	0.00179334153892752	0.668106133517593	0.443898520587854	0.00251361864617634	0.679539991911941	0.0368372205008335	0.00464257575965348	0.968579227491366	0.508098719846428
Bifidobacterium_thermophilum	0.292160223510365	0.326179314246441	0.0501713787930516	1.1004232767773e-05	0.899449691525434	0.0379941209761677	0.0428974348667708	0.671267023880759	0.000241113938224618	2.14660033568529e-05	0.999980916292842	0.0670342134420284	0.0728993218288068	0.968579227491366	0.000618412600816844
Geobacter_sp._M18	0.169913700368971	0.263615373232438	0	1.5241793294795e-05	0.285365543545314	0.0768662856614346	0.0113901002542142	0.492095262244732	0.000161624136428173	2.89176489223166e-05	0.767439374388853	0.112655878985277	0.0240844104612009	0.962083802693248	0.000447698857906038
Geobacillus_sp._C56.T3	0.117797445377604	0.824719860076005	0.190832995869242	1.63638641284117e-16	2.63122856836162e-14	0.668344318876792	6.86314349795936e-09	0.102675272865787	0.507315875257966	9.44331325743756e-16	7.74420931422397e-13	0.714792958798731	4.75272687233685e-08	0.846113070339019	0.568933188042335
Aeromonas_hydrophila	0.0959794791403941	0.167169349524859	0	0.00183065080252689	0.19765054889114	0.156451580783861	0.0171805933838798	0.550889104688145	0.0313804397812743	0.00258719526683648	0.608324467142729	0.198793981087751	0.0342375853765086	0.962083802693248	0.0467332355882419
Desulfovibrio_vulgaris	0.622035302562464	0.558669173963173	0.0501713787930516	4.18980720017108e-17	0.776300966457405	9.09189694819901e-06	0.000838706791717381	0.658781948413681	8.28049122788384e-12	2.76327760582712e-16	0.999980916292842	3.99754834071607e-05	0.00234668465965368	0.968579227491366	3.27670867160546e-10
Ralstonia_solanacearum	0.156226147956785	0.198333243233696	0	9.95360232702675e-05	0.678062457040507	0.0379324102742095	0.0207804973730044	0.944543157850604	0.000211508519914485	0.000167099869368873	0.999980916292842	0.0670342134420284	0.0402531312749805	0.997335034563549	0.000547550093610395
Enterococcus_faecalis	0.620025783173332	0.549494407753339	0	1.18051527583862e-11	0.678252389863963	9.02082288867234e-08	4.67527676499824e-05	0.28745006945625	0.000692562048247417	4.67146759153281e-11	0.999980916292842	5.31652753226008e-07	0.000161881457988064	0.928298592626644	0.00151054871940578
Candidatus_Carsonella_ruddii	0.342741539700003	0.714323743930452	1.14846799886787	4.3803234594191e-15	2.50432562864944e-06	3.76365605347928e-14	0.000192793989818862	0.797166099080205	0.330906446097539	2.20609017865289e-14	3.15317363243589e-05	3.15919008125382e-13	0.000606862899770737	0.973146301367308	0.39171404089324
Clavibacter_michiganensis	0.133201582192124	0.0323325898224186	0	8.72309075913468e-05	0.0432025809042512	0.0318589875426781	0.855972558914326	0.333298779791726	0.0294082691400354	0.000148239027011062	0.217583907463229	0.0592277822102137	0.878164440071364	0.928298592626644	0.0440329219015666
Allochromatium_vinosum	0.123131049895068	0.128729990051295	0	0.0104575241911563	0.990081691595553	0.0524924686434112	0.0911622768197583	0.794247597895403	0.289575868297828	0.0127049745655714	0.999980916292842	0.0855318459660288	0.130164694222026	0.973146301367308	0.345743601372838
Geobacillus_sp._Y4.1MC1	0.0877444818954576	0.465249812275772	0	8.93910660878154e-10	8.68758731620289e-10	0.423134216590599	1.86737140528415e-07	0.0317233762580126	0.749825677729944	2.98329220558131e-09	1.50403855411763e-08	0.476456008112178	1.10055718992278e-06	0.753231536196894	0.814516520514488
Butyrivibrio_fibrisolvens	0.524867366670885	0.676097163024991	0.0501713787930516	4.46176139647974e-06	0.15962549551106	2.85484198003783e-05	2.00026521646191e-06	0.669959708363869	0.999847762818493	9.36293868806734e-06	0.552703278207045	0.000119816852798557	9.39107567728725e-06	0.968579227491366	0.999898642035521
Cellulosilyticum_lentocellum	0.368180889336317	0.449513083433501	0	2.60690995240031e-08	0.495265741320774	0.0002257775120168	0.000102901981614001	0.0462272061925892	0.00141902892430829	7.22114056814887e-08	0.999980916292842	0.000812212608164334	0.000331440103570677	0.753231536196894	0.00289022802965733
.Clostridium._sticklandii	0.243446768130714	0.23241006658134	0	0.00220031135266654	0.977346071765323	0.00140361388820021	0.0109115615976322	0.0321091043302439	0.858674579779591	0.00306274494818408	0.999980916292842	0.00457412996507597	0.0232500197118778	0.753231536196894	0.897557956977157
Bacillus_coagulans	0.146367652805323	0.180059005688323	0	0.0169913137614818	0.736795191992377	0.0297571666839114	0.019931540008516	0.986135734273817	0.78581419265222	0.0192105873956345	0.999980916292842	0.0564570902153661	0.0388805393123869	0.998828201616962	0.8436842300956
Lachnoclostridium_phytofermentans	0.542680759779025	0.565254339739597	0	3.99239802620915e-08	0.956325321603564	7.08673475346977e-07	8.96461964938755e-06	0.995976704088899	0.100358398552625	1.06335985890378e-07	0.999980916292842	3.77504908982909e-06	3.54742806125764e-05	0.998828201616962	0.131750125114109
Dickeya_dadantii	0.174443490053439	0.212632685890324	0.295135010301852	0.527724442838153	0.795583395786001	0.241075383819455	0.608716983455677	0.810849181317709	0.38297302932246	0.533502447686746	0.999980916292842	0.286600349004245	0.641120168886778	0.973146301367308	0.447609827520344
Runella_slithyformis	0.168757020622666	0.0949618021191193	0	0.000274671135120842	0.240936455524074	0.0106224964329793	0.331803611039499	0.689944160972511	0.0359098024547198	0.000442348281560891	0.681014267144577	0.025148987281498	0.384558996895152	0.968579227491366	0.053192595079986
.Eubacterium._siraeum	2.11505331907824	2.11042753952881	0.546309127567283	7.40951394720403e-19	0.999590823282634	4.8853920908698e-11	1.14398132078364e-08	0.754863599553765	8.06683076809922e-08	5.70120934270977e-18	0.999980916292842	3.56119370834456e-10	7.54482918707304e-08	0.973146301367308	6.20697811878746e-07
Pusillimonas_sp._T7.7	0.14322008097268	0.152919520523518	0	0.000167252714222638	0.980782521194478	0.0745535000112647	0.11111011831185	0.62848138748135	2.94720960038601e-05	0.000275767868093279	0.999980916292842	0.11043486365305	0.155193284997646	0.968579227491366	0.000103338868266699
Escherichia_coli	1.63837949142201	2.67569940151993	1.56399873245408	3.1622702771422e-08	9.33190556329233e-06	0.958658276823107	0.00148252455263098	0.162731035010936	2.67583687181593e-10	8.67276105711276e-08	9.94206861935375e-05	0.976280671617649	0.00398698350561924	0.92187505819389	4.94137875662008e-09
Streptococcus_agalactiae	0.105394639880762	0.561380475787236	0.0594991026761032	4.79371716569442e-08	5.36998187028459e-08	0.881749514360845	4.30459585937237e-05	0.982600314276531	0.0212578767503353	1.25269778763901e-07	7.43742489034416e-07	0.907972548245182	0.000150933297853943	0.998828201616962	0.0330810778642858
Erwinia_billingiae	0.255935651467191	0.19279347564962	0	0.000812590154886519	0.500872223599121	0.00119305936526237	0.0531225303490691	0.334779688271306	0.465885863825592	0.00120367632568752	0.999980916292842	0.00393425528782949	0.0853300450984724	0.928298592626644	0.526736262366078
Thermaerobacter_marianensis	0.231390498979977	0.246673171012921	0	2.20757191593733e-06	0.964690143453546	0.0071808238909582	0.0153097605457554	0.456608584032594	0.00113658854230688	4.74029008305923e-06	0.999980916292842	0.0180722023945405	0.0309547713224397	0.943884908783794	0.00238246573038546
Desulfotomaculum_ruminis	0.0964414130576182	0.194656358932341	0	0.0024883419989321	0.049201902950583	0.15640513730638	0.0045838148052898	0.962026268057951	0.313711908363077	0.00338910835503542	0.239186000370334	0.198793981087751	0.0110410147918719	0.997335034563549	0.372953642131212
Acinetobacter_baumannii	0.450930708982728	1.43496398905627	0.471673265258951	1.97594198232545e-13	3.47499806707674e-14	0.987625034581502	4.83429297704063e-08	0.0173440987312827	0.442823120740286	8.68787189054206e-13	7.94851364214712e-13	0.991203386156073	2.97577589920057e-07	0.753231536196894	0.508098719846428
Odoribacter_splanchnicus	2.56979751290421	2.32173097590398	0.508192548587097	3.57084097996606e-27	0.141041760259172	2.33146835171283e-15	3.1641356201817e-14	0.455380493936488	3.29688816848733e-05	5.81837030265057e-26	0.514060099891981	4.61297666731753e-14	4.41308101173377e-13	0.943884908783794	0.000112745434897653
Faecalibacterium_prausnitzii	3.13404856569183	3.18048679779973	1.17842009056265	1.0433458155051e-24	0.941142152814868	1.67643676718399e-14	3.07531777821168e-14	0.957705461852189	0.000568641161109199	1.37622281378529e-23	0.999980916292842	2.11078629322711e-13	4.41308101173377e-13	0.997335034563549	0.00130176530270453
Streptococcus_equi	0.0989148665765	0.421895859113748	0.0917479272171624	7.81551592068341e-07	2.63323721494402e-07	0.994549468398858	0.000371213989062813	0.0125742474534993	0.821859845119512	1.80408159169109e-06	3.47336527875949e-06	0.994549468398858	0.00111767690185217	0.753231536196894	0.868912889687423
Mycobacterium_tuberculosis	0.182499468588574	0.112242861251668	0.339320375676946	0.0138654693996054	0.36944184759789	0.0467832238942523	0.00939359038998211	0.217644117078194	0.999846625367362	0.0160323917080394	0.899341353616021	0.0799935371525178	0.0203283167033207	0.928298592626644	0.999898642035521
Desulfatibacillum_alkenivorans	0.169697057902727	0.121306155664675	0.0501713787930516	1.63860769418108e-05	0.644794006670619	0.188808201127796	0.642537601990797	0.824343309509986	1.17827345795673e-05	3.08771653937523e-05	0.999980916292842	0.230395910627311	0.671633644345097	0.973146301367308	4.53307983130576e-05
Thiobacillus_denitrificans	0.135482032833448	0.136866264581292	0	0.0115138130917604	0.999576536022779	0.0827338758820447	0.150749346247747	0.143221347690385	0.0065490834035558	0.013806607040769	0.999980916292842	0.116924916425135	0.200581851304079	0.92187505819389	0.0114816209037022
Paenibacillus_terrae	0.150766130974665	0.113565356630601	0	0.0143519306546497	0.662381086022258	0.0164987294600721	0.171264149892833	0.586016562704694	0.569377055420404	0.0164276231047023	0.999980916292842	0.0368372205008335	0.222723800564857	0.966229689697621	0.630869777405808
Bacillus_cereus	0.169181324404792	0.706025798257358	0.0853229898244325	1.58801084797694e-08	4.13206405924793e-06	0.806007759959755	0.00031796854637256	0.103140496937103	2.87311971388238e-05	4.67956388180438e-08	4.76909060171532e-05	0.836195316512555	0.000978636526057768	0.846113070339019	0.000102032584710951
Prevotella_dentalis	1.04565231074456	1.18203412005716	0.212728710959652	3.01770153029188e-17	0.574880240778003	8.6701016572821e-06	8.57004297660779e-06	0.551495760030556	2.63070195113483e-12	2.03878859485573e-16	0.999980916292842	3.87357767591475e-05	3.44043754278313e-05	0.962083802693248	1.82176110116087e-10
Thioflavicoccus_mobilis	0.203747261278219	0.0964671443563594	0	3.98203184148661e-10	0.102652160405684	0.00650787940906006	0.418215929621325	0.0892750723887789	3.90841125344521e-05	1.39623141783771e-09	0.412096354092385	0.0166915055213855	0.46550057514588	0.846113070339019	0.000125887199674921
Fusobacterium_nucleatum	0.137588451180347	0.321471920405318	0.0442495621236677	0.0777137758765658	0.0424380663688454	0.589491376956174	0.0353091742749	0.194265767265357	0.000620339160042286	0.0818506308661929	0.217583907463229	0.642870517389213	0.0620669965604238	0.928298592626644	0.00138575763977188
Singulisphaera_acidiphila	0.105489917594514	0.122713058944572	0	0.0053160724620038	0.918607926054042	0.139604536890963	0.139525422046474	0.155301753021266	0.0444921837221688	0.00675482601823419	0.999980916292842	0.181551439994351	0.188529472716455	0.92187505819389	0.0635274994383544
Olsenella_uli	0.619447772102993	0.699078417144397	0.0501713787930516	5.32842292514048e-15	0.678771927524013	1.36118791815854e-05	2.03551687351089e-05	0.682879688377889	1.59297913202375e-07	2.58942657941037e-14	0.999980916292842	5.89139145827991e-05	7.41892334161206e-05	0.968579227491366	1.05060766564423e-06
Vibrio_nigripulchritudo	0.120029076543961	0.10217199822621	0.0501713787930516	0.134105118283341	0.909712100804178	0.404230531641347	0.688545136979877	0.742636531969388	0.00289622343735338	0.140708779410929	0.999980916292842	0.457027988835319	0.717018808057992	0.973146301367308	0.00538425430971064
Geobacillus_sp._WCH70	0.2861679485053	1.19666207878852	0.363476891200418	8.64906083673293e-17	2.40918396343659e-14	0.754131948047644	1.95800098357068e-09	0.00638526485162008	0.850558491013548	5.20823880820657e-16	7.74420931422397e-13	0.791267233368172	1.50657297902522e-08	0.713776120199587	0.895290925988623
Pelotomaculum_thermopropionicum	0.120247737721036	0.143166665172697	0	0.0128164254473586	0.873672207320909	0.101098424065491	0.0908473042246982	0.180337630906268	0.112016321389306	0.0151070206336951	0.999980916292842	0.13795203677902	0.130164694222026	0.928298592626644	0.145971496092393
Desulfovibrio_aespoeensis	0.186332506079603	0.16299332197179	0.050066526876103	0.00223159558054844	0.912854850902304	0.14622513757907	0.37306312257449	0.593532792044235	0.00884007674942262	0.0030907598790596	0.999980916292842	0.189272724810292	0.42007514208591	0.967109314095607	0.0152093245937271
Geobacillus_thermodenitrificans	0.398911006869235	1.34140338936681	0.450622729430183	4.89721198779141e-15	3.06421554796543e-14	0.904945428348987	1.06038009484166e-08	0.096711138142024	0.999812663517144	2.42237092967539e-14	7.74420931422397e-13	0.928406976491368	7.16403137246684e-08	0.846113070339019	0.999898642035521
Symbiobacterium_thermophilum	0.258318758877651	0.280184181831156	0	2.20087954298788e-08	0.937784512703054	0.00475039997079807	0.00924342490235697	0.974637334082629	2.74110661067062e-05	6.2208534021188e-08	0.999980916292842	0.0130283246723868	0.0201608558893928	0.998828201616962	9.86086404098391e-05
Aeromonas_salmonicida	0.216493474223328	0.227813585245495	0	0.00167895960683264	0.976162669568056	0.00515739928930536	0.012880971188274	0.213888154218634	0.180897068612484	0.00242224901610751	0.999980916292842	0.0137365346455537	0.026827285858285	0.928298592626644	0.227765854571173
Streptococcus_constellatus	0.107747025455041	0.528464873453267	0	3.96854417259121e-08	4.71625080100679e-08	0.442280067287159	2.57535606984494e-06	0.448167907814428	0.148341155441183	1.06335985890378e-07	6.87579722041517e-07	0.493998300961867	1.16946496942139e-05	0.943884908783794	0.189357143120772
Bifidobacterium_bifidum	0.901760478357281	0.907743758172353	0.0501713787930516	2.76495074630851e-14	0.998360239356678	2.11739313860093e-08	1.0998217441216e-06	0.103855033904428	7.11416706399702e-09	1.29812094360586e-13	0.999980916292842	1.30337310976102e-07	5.53910223857605e-06	0.846113070339019	7.57932414125836e-08
Clostridium_sp._SY8519	1.0767715978056	1.03052004263337	0.0501713787930516	3.93519161014787e-19	0.859221152111825	3.1641356201817e-14	1.18957066419512e-11	0.144682245673942	0.00178702824982385	3.11442307431703e-18	0.999980916292842	2.73895489621978e-13	1.13624508269671e-10	0.92187505819389	0.00356120018130365
Lactobacillus_kefiranofaciens	0.106417304646097	0.222070685530701	0	0.000899943245137141	0.0560347284181534	0.209805844579483	0.00778311834075807	0.89567364544002	0.0148992064800365	0.00132598020693079	0.258693662863808	0.252679212819639	0.0173864820999192	0.980638734335516	0.0242769423233535
Lawsonia_intracellularis	0.446811855387233	0.785913919094168	1.2391075712558	3.94985378347471e-13	5.65339290126143e-06	3.07531777821168e-14	3.56531305768515e-05	0.772453138155179	0.00279732228889378	1.68324538157307e-12	6.26395933459767e-05	2.73895489621978e-13	0.000126614322689588	0.973146301367308	0.00530724845221629
Pelobacter_propionicus	0.206553428388243	0.2605894261484	0	7.53874030303526e-07	0.633245174183072	0.0173493605256063	0.0087678954488889	0.983315199143552	0.00020190741867625	1.75481602011829e-06	0.999980916292842	0.0369674835814842	0.0194296563147378	0.998828201616962	0.00052762599031435
Porphyromonas_asaccharolytica	0.492833155959719	1.62841378313179	0.308814567316482	4.42072676076102e-17	3.07531777821168e-14	0.457535197370171	4.06765732208214e-11	0.964930647158958	0.000187519320113821	2.78304843802455e-16	7.74420931422397e-13	0.508984938439909	3.63464863940888e-10	0.997335034563549	0.000494693825443127
Slackia_heliotrinireducens	0.533588017180163	0.477444567821255	0.0514736936843547	2.21026888847021e-11	0.817905954456899	0.000187869208113756	0.0059567680459256	0.718031338160107	8.04624619749071e-07	8.50339558480902e-11	0.999980916292842	0.000693863608633471	0.0139832605823847	0.973146301367308	3.98001820840165e-06
Enterobacter_aerogenes	0.211348803043526	0.266691760750178	0.0501713787930516	0.00383648997636814	0.803085938848022	0.312955966610909	0.213673866001923	0.421596384320346	1.61420707610684e-05	0.00506051296882845	0.999980916292842	0.359704575731211	0.267817470056709	0.928298592626644	6.12514191892594e-05
Desulfovibrio_magneticus	0.269327376531192	0.27537611636983	0	2.14079697335426e-08	0.995329062604414	0.0039854292215975	0.0132676992772468	0.961238867988349	1.38777410931929e-06	6.13633361580376e-08	0.999980916292842	0.0117442967487501	0.0272233533318323	0.997335034563549	6.30185948002366e-06
Geobacter_uraniireducens	0.115596095792905	0.122073333610363	0.0514736936843547	0.232095663025946	0.987507654027981	0.462553186284455	0.500831994313919	0.500878605984646	0.28422586423048	0.238437276885663	0.999980916292842	0.512508930403176	0.537714970639362	0.962083802693248	0.342306801703665
Roseburia_intestinalis	2.4814398669216	2.28479277644841	0.434696946035229	2.35292233465544e-22	0.29849519406613	2.99760216648792e-15	2.94209101525666e-14	0.37898522821721	0.0405953010556337	2.60703794679823e-21	0.79503046881075	5.53557200078103e-14	4.41308101173377e-13	0.928298592626644	0.0590338509006784
Desulfarculus_baarsii	0.224088197510459	0.182744321639796	0.168826088002821	0.00469195172898985	0.79407791864683	0.771145612434891	0.987855216910708	0.303061996661385	1.60115677597124e-06	0.00601699365245458	0.999980916292842	0.806065413752698	0.998671149942577	0.928298592626644	7.03015962088792e-06
Treponema_succinifaciens	0.59536421037015	0.6071930012693	0	2.88650310433848e-15	0.988104309578134	8.25370993773333e-08	2.43100492869353e-06	0.651074460298513	3.38545808078624e-08	1.48066918500326e-14	0.999980916292842	4.97016881033072e-07	1.12231394208018e-05	0.968579227491366	3.02507060767029e-07
Paenibacillus_sp._Y412MC10	0.119091074504721	0.165578880312268	0	0.0123760792643316	0.549967671655721	0.0882460857441199	0.0323097498757482	0.389897519671194	0.188394575118894	0.0147131929451495	0.999980916292842	0.122835003774478	0.05774064977795	0.928298592626644	0.234014786134231
Burkholderia_mallei	0.110083199100836	0.199988187078788	0.0473600063346425	0.0381430149462876	0.127741040776736	0.526331241751907	0.0641657332438309	0.0998176537412978	0.464650069792908	0.0409519966671382	0.491448170766055	0.580851609423419	0.0971251809209899	0.846113070339019	0.526736262366078
Desulfotomaculum_kuznetsovii	0.234921308713845	0.209992529612774	0	3.60326740570516e-09	0.895397089855077	0.00293978634485503	0.0294409340031248	0.995620790186283	2.04474245845941e-06	1.0968187597586e-08	0.999980916292842	0.00904800908360938	0.0532909618266344	0.998828201616962	8.71374863066548e-06
Caldanaerobacter_subterraneus	0.1460357285681	0.287956439524727	0.859286840650259	1.04544053632662e-13	0.0492187798595994	2.94209101525666e-14	3.40656891584246e-09	0.0710577588915745	0.469448477318586	4.6707585252012e-13	0.239186000370334	2.73895489621978e-13	2.41953740945733e-08	0.820124967206922	0.528606618769302
.Clostridium._clariflavum	0.153843121422138	0.132451069731288	0	0.0135527571048978	0.89959991840693	0.0356091343940895	0.156244697395704	0.786593484576107	0.130927345929054	0.0157735870506583	0.999980916292842	0.0640501962802779	0.205117446344123	0.973146301367308	0.168683138708595
Oceanimonas_sp._GK1	0.117699629920314	0.239833395076877	0	0.00011449699343542	0.059922694915673	0.188267566184648	0.00706935983948176	0.53658105943751	0.00419704826118957	0.000191058236033803	0.267719136961959	0.230395910627311	0.0162360084420721	0.962083802693248	0.00764856821282573
Streptococcus_intermedius	0.125128478966103	0.586553295353433	0.050066526876103	2.23262065641575e-09	1.29089050560083e-09	0.661065730204522	1.12209482239223e-06	0.0802311078364675	0.424578470613264	7.02768092985411e-09	2.10339217677311e-08	0.709748865374622	5.55036188933298e-06	0.846113070339019	0.492084670961816
Geobacter_metallireducens	0.141302046928011	0.0880930456689948	0	0.00244709922832841	0.454538002881552	0.0329812841227556	0.365757433987493	0.854146309195956	0.0799906419871619	0.00337237057834314	0.999980916292842	0.0605020907417437	0.413529833528716	0.973146301367308	0.108084916246068
Oscillibacter_valericigenes	1.42895352387945	1.47011978934954	0.155727281383381	1.08285956840842e-28	0.921532738012926	2.98649993624167e-14	1.70419234279962e-13	0.352834160262672	3.09302301293239e-10	3.33280111610148e-27	0.999980916292842	2.73895489621978e-13	2.05244034328475e-12	0.928298592626644	5.03980808577807e-09
Bifidobacterium_breve	0.537607306345739	0.7642616432801	0.103841938436426	1.4287083159104e-06	0.180072156903803	0.0207965024706219	0.00155831813084617	0.922600564638809	5.82071760307072e-07	3.16601762805745e-06	0.583866370524413	0.0429897849579274	0.00415052040619605	0.997335034563549	3.10065149240498e-06
Bacteroides_fragilis	3.20074088098199	3.01683249330939	0.847876327386512	7.51412860935062e-37	0.221784116488105	1.66533453693773e-15	1.66533453693773e-15	0.922902277874362	2.35854240643517e-08	5.84402557765337e-35	0.653555321991543	4.02156940227682e-14	1.94770125953407e-13	0.997335034563549	2.17772082194181e-07
Bifidobacterium_asteroides	0.164119464353542	0.136115910935519	0	0.000741971637952554	0.853954853307183	0.0365950640050637	0.180732241744458	0.497420472012006	0.0115460813345903	0.00110497926727343	0.999980916292842	0.0653989208348558	0.231772365570439	0.962083802693248	0.0193834213920092
Pseudomonas_aeruginosa	0.327479056756166	0.527469478657685	0.394864330182421	0.145974235131462	0.0318053189194825	0.774403493120492	0.482843064483489	0.0632891604920285	0.0142045876304664	0.152010763651936	0.172746536092091	0.806427697723219	0.5224512846169	0.801123460196561	0.0232820755836639
Coprococcus_sp._ART55.1	1.5302064977785	1.42662745542815	0.0905747575779299	1.38118089728039e-19	0.73365488084568	2.91877633173954e-13	2.22822416073853e-09	0.699335182304236	8.01448267838533e-08	1.19558471420833e-18	0.999980916292842	2.31000298254815e-12	1.66815700682317e-08	0.968579227491366	6.20697811878746e-07
Bifidobacterium_longum	1.4658937693854	1.24054241712829	0.110529490905171	8.10256440352087e-15	0.315211626688148	3.73386321861346e-10	5.34783075001322e-06	0.283185573235489	2.08760448226741e-07	3.86967299961255e-14	0.821449443408562	2.40530258501379e-09	2.21096883246815e-05	0.928298592626644	1.3448056781118e-06
Megasphaera_elsdenii	0.470935845767439	0.526695482810705	0.0667594681662236	2.14882440697821e-08	0.886802345539401	0.0217556698765561	0.0254709222471924	0.414728031148862	2.42924589295995e-09	6.13633361580376e-08	0.999980916292842	0.0443111805573973	0.0476719288004884	0.928298592626644	3.0586414197723e-08
Deinococcus_proteolyticus	0.123055018229728	0.122738820159367	0	0.0017060477366735	0.999962665690568	0.0321112161872135	0.0778870634148384	0.156779001701742	0.00242252200357472	0.00243595475803381	0.999980916292842	0.0592987125590542	0.114759130669735	0.92187505819389	0.00465999024298748
Lactobacillus_ruminis	0.341079296663691	0.357665141488623	0.123355784352005	0.000323542325373265	0.980985862803546	0.12976223297209	0.173136807970376	0.236805876506235	0.000167215158117722	0.000512121280733682	0.999980916292842	0.171981524082627	0.224106989756048	0.928298592626644	0.000454103909790285
Emticicia_oligotrophica	0.159237422803652	0.102126554107225	0.0632716296419076	0.0271790371126847	0.515316118674419	0.308906424352609	0.865914430223396	0.416786692066001	0.0107262300017384	0.0299943955386998	0.999980916292842	0.356529498106969	0.885085967423914	0.928298592626644	0.0183405290770465
Alkaliphilus_oremlandii	0.150891462134357	0.161584140654325	0.050066526876103	0.138004929704252	0.973439531188053	0.226167704694747	0.260205081882051	0.179138483680171	0.286343560088222	0.144254209539916	0.999980916292842	0.270036440519159	0.314745885071302	0.928298592626644	0.343364355603626
Unclassified	3.66108170446728	3.68482054210105	2.47150088384296	1.5768338803746e-42	0.892012088743347	1.66533453693773e-15	1.66533453693773e-15	0.885317212796251	2.39655296630696e-07	4.36782984863765e-40	0.999980916292842	4.02156940227682e-14	1.94770125953407e-13	0.973146301367308	1.46035797981681e-06
Citrobacter_rodentium	0.147689554050748	0.246345871972638	0.0867351011592335	0.0494901852688525	0.215802972939091	0.687914946954543	0.154810307569487	0.697343235047105	0.0407056517040779	0.0529296576041396	0.649754603305741	0.732894001178494	0.204202167603562	0.968579227491366	0.0590338509006784
Haliangium_ochraceum	0.172332634311126	0.209852983537448	0.050066526876103	1.62563353113137e-06	0.820346518340686	0.269567499542842	0.192236057247181	0.563468261499701	1.46545659961601e-07	3.54567313482984e-06	0.999980916292842	0.313740325098181	0.24426324705261	0.962083802693248	1.01482869523408e-06
Selenomonas_ruminantium	0.309664608066588	0.438021530678299	0	1.61196544757741e-10	0.139271207752733	0.00102440065695142	5.06920010046041e-05	0.265232354526598	3.83109873207148e-07	5.85687839979682e-10	0.514060099891981	0.00346047538994565	0.000173354126892288	0.928298592626644	2.08081244859569e-06
Myxococcus_stipitatus	0.12004152129339	0.109208233211698	0	5.6908927134541e-05	0.966341986325369	0.0757312798710925	0.202796606837311	0.350796226425246	0.000428372864212217	9.91432252595463e-05	0.999980916292842	0.111582790022833	0.255339364063342	0.928298592626644	0.00100558714734563
Alicyclobacillus_acidocaldarius	0.137260313637083	0.268878684227711	0	3.10565633824888e-05	0.0219922489949673	0.0705131444669505	0.000759742735918056	0.280678427118086	0.00218525333678932	5.6596500374667e-05	0.126913603575124	0.105395575692742	0.00216957461700311	0.928298592626644	0.00423297324678771
Prosthecochloris_aestuarii	0.207999395960985	0.122873389927961	0	1.24986741758473e-06	0.333647212809828	0.0181398253576009	0.343972349767845	0.18081015660338	3.1742328804545e-07	2.83781372681123e-06	0.840184344984749	0.0377799370229734	0.397001420357054	0.928298592626644	1.79441328139979e-06
Histophilus_somni	0.307493167085305	0.526434556230399	0.379467094933615	0.0343273737341697	0.00868183713088322	0.712329545147541	0.354320791293786	0.101441477834316	0.35373589771242	0.0371432911108008	0.0559271833780152	0.753111771014767	0.407248378375015	0.846113070339019	0.41519001553534
Granulicella_tundricola	0.156458099287497	0.205062930982824	0	2.94305246598337e-05	0.695236744891757	0.0976030654531688	0.0530944789783127	0.704466841697812	4.08622116494383e-08	5.3988445899165e-05	0.999980916292842	0.13384182737885	0.0853300450984724	0.970832413683054	3.4299492808771e-07
Streptococcus_sanguinis	0.259306022422213	0.250991996282623	0	0.010737561489284	0.992807286850981	0.014475993163357	0.0511950082741752	0.407853359897916	0.0275802899008317	0.0129882293997016	0.999980916292842	0.0336962193802512	0.0834177487761561	0.928298592626644	0.0419765950688482
Desulfomicrobium_baculatum	0.180062418313784	0.22581947010834	0.0501713787930516	0.000448917221446776	0.689914485187469	0.15609579154422	0.0826148952397142	0.153715279295106	1.99141762461151e-05	0.000698595900790769	0.999980916292842	0.198793981087751	0.119813225033512	0.92187505819389	7.45436056780254e-05
Geobacillus_sp._JF8	0.373922201548103	1.33565739337129	0.647627438806055	6.27313837003729e-16	2.76445533131664e-14	0.0556247718564988	4.52797282790574e-06	0.113599347698591	0.853273662314067	3.34165255480833e-15	7.74420931422397e-13	0.0890639410650299	1.90037647474226e-05	0.899057694643133	0.895290925988623
Ferrimonas_balearica	0.160372466365425	0.213146595833419	0.0319317746779573	0.00260638726143888	0.564919139628368	0.122513086437486	0.0469762120626382	0.732890069742288	0.0028810051400488	0.00352180132399302	0.999980916292842	0.163942632575766	0.0779186271937173	0.973146301367308	0.00538425430971064
Mobiluncus_curtisii	0.372328299808802	0.868933938077047	0	4.25761431649699e-10	2.9497612887841e-06	0.00765761157475231	2.67465224412788e-08	0.635332206386367	0.0286410225588299	1.47419895708708e-09	3.55253859562259e-05	0.0189389143411285	1.7229736549382e-07	0.968579227491366	0.0431171915695428
Desulfurispirillum_indicum	0.101668369992943	0.230455378442459	0	5.94877799112642e-06	0.0126883558115745	0.171159733063588	0.00167680697739658	0.0533803507204658	0.000616104600276323	1.2116261055456e-05	0.079878967268321	0.21550566390279	0.00438184464847975	0.780990390023179	0.00138575763977188
Alistipes_shahii	2.95269772624936	2.4255899942406	0.544418510124327	1.29984877735778e-37	0.000122363035501949	1.66533453693773e-15	2.65343302885412e-14	0.531205573390869	3.0480317677641e-09	1.80029055664053e-35	0.00116877795979448	4.02156940227682e-14	4.41308101173377e-13	0.962083802693248	3.67089043335068e-08
Dehalococcoides_mccartyi	0.187083817495215	0.270642235555227	0	0.0020476313641802	0.389900493702315	0.0540950291405796	0.0117784855708938	0.421323013522677	0.000413213393736151	0.00286461559534301	0.907583502147406	0.0871181573950032	0.024716973508618	0.928298592626644	0.000978291539016357
Polaribacter_sp._MED152	0.153132446304074	0.187053588387017	0	7.46656036317821e-05	0.789519844706815	0.0522590987133682	0.0389520293396018	0.407483848379364	0.000610315522643999	0.000128461939167725	0.999980916292842	0.0855318459660288	0.0674357007941857	0.928298592626644	0.00138571639157695
Thioalkalivibrio_sulfidiphilus	0.135690060170719	0.182760803146903	0	0.00249010670635672	0.596439586761944	0.0707710363857398	0.0296274661418834	0.857841856868716	0.0183897257549217	0.00338910835503542	0.999980916292842	0.105395575692742	0.0532909618266344	0.973146301367308	0.0291083087663617
Thermobacillus_composti	0.210146029627428	0.192756986959304	0	1.42483507490758e-06	0.950542066402561	0.0115643190483702	0.0595159844755517	0.405517571501838	5.09682698554087e-05	3.16601762805745e-06	0.999980916292842	0.02714674895253	0.0931408344617391	0.928298592626644	0.000158631581460092
Clostridium_cellulovorans	0.173122870767049	0.0977481536237375	0	0.0139147867692306	0.276376228220422	0.0157153156563026	0.363529900878748	0.244359516191581	0.548498697176799	0.0160323917080394	0.75055112957899	0.0357567335517265	0.413529833528716	0.928298592626644	0.61017726553403
Azospira_oryzae	0.128575579327633	0.12660931707149	0	0.00947744815784498	0.998839013620786	0.0481467117532463	0.111492648788923	0.607888382531877	0.0574451963017082	0.0116161643350578	0.999980916292842	0.0813209704612757	0.155193284997646	0.968579227491366	0.0799614038973526
Rothia_mucilaginosa	0.348357746953128	0.347768930512832	0	0.000465764088682305	0.999980916292842	0.0176545610763492	0.0494829741744023	0.297921676162795	2.207447529553e-05	0.000716759180916659	0.999980916292842	0.0373306367797613	0.0811052298598191	0.928298592626644	8.15283954248243e-05
Flavobacterium_psychrophilum	0.0782652026337631	0.585443801207039	1.61209956122329	1.50002339876779e-34	1.57762691799235e-13	1.66533453693773e-15	8.54871728961371e-15	0.260549541689812	0.187658035885955	8.31012962917353e-33	3.12144754488486e-12	4.02156940227682e-14	3.88608337428567e-13	0.928298592626644	0.234014786134231
Prevotella_ruminicola	0.699735376101202	0.897230006996365	0.12839901703564	2.76310542122404e-10	0.32886361703874	0.0036853373302298	0.000629832518206919	0.464048957243905	7.13856008561048e-12	9.81256668819307e-10	0.835735980914964	0.0109767574244479	0.00183645902677175	0.952159712270828	3.27670867160546e-10
Ruminococcus_albus	0.719892775034457	0.535204658092439	0	3.03348581255686e-11	0.179043217822033	4.78872740017344e-07	0.00163108177079674	0.550160777713279	1.19388643037849e-06	1.15106242476473e-10	0.583866370524413	2.70709691805723e-06	0.00430294905248282	0.962083802693248	5.6051956138109e-06
Catenulispora_acidiphila	0.116723478267962	0.152939848369344	0	0.0173553016957256	0.733102597962238	0.13559019333053	0.080326099787654	0.37156544680008	0.178632113328342	0.0195423519094145	0.999980916292842	0.178002291718279	0.117726611858096	0.928298592626644	0.225941074849091
Streptococcus_sp._I.P16	0.314843175115472	0.212467277888745	0	0.0294712666505991	0.491981522767782	0.0168394317483546	0.24310664096964	0.496290622850392	7.9752703475254e-07	0.0321399246543935	0.999980916292842	0.0368372205008335	0.296654359244892	0.962083802693248	3.98001820840165e-06
Atopobium_parvulum	0.267421017592381	0.328541945050741	0	0.000199668864284631	0.630304565495285	0.00500170218635532	0.0028040118175735	0.667450229152306	0.0940846523838099	0.00032534279651084	0.999980916292842	0.013507355348504	0.00699739886007082	0.968579227491366	0.125295426491901
Adlercreutzia_equolifaciens	1.60543179055626	1.25961482816721	0.171719934413412	8.37502288849459e-18	0.107005460593902	1.34692934583569e-09	6.88990482553553e-05	0.540563280804543	1.29795925706994e-08	5.7997033502825e-17	0.42343589406444	8.47953247264741e-09	0.000232744345935773	0.962083802693248	1.28405255074419e-07
