Taxa	stoolMeans	swabMeans	tissueMeans	Origin p-value	OriginSwabStool p-value	OriginTissueStool p-value	OriginTissueSwab p-value	Time p-value	Individual p-value	Origin (adj p-value)	OriginSwabStool (adj p-value)	OriginTissueStool (adj p-value)	OriginTissueSwab (adj p-value)	Time (adj p-value)	Individual (adj p-value)
Proteobacteria	4.85532675308976	4.85040256447332	5.06577992208885	1.72707097844061e-05	0.989167280988665	1.35448881557476e-05	0.000140248428267209	0.344473870679583	3.74266302833831e-07	6.90828391376244e-05	0.998815044225214	6.19194887119891e-05	0.000575418626363788	0.847935681672819	1.71093167009751e-06
Deinococcus.Thermus	0.838522270721998	1.60590117876655	0.652453947511019	3.50140357907446e-14	3.10196313080269e-13	0.25143732708509	2.62763255598486e-10	0.22029739552549	0.0506407442153604	1.86741524217304e-13	9.9262820185686e-12	0.349825846379256	1.68168483583031e-09	0.78612636546922	0.0707113948920894
Thermotogae	0.135137977749377	0.116287792192527	0.0238152894117063	0.214161395803457	0.925071658961752	0.185567055922544	0.420301982779915	0.322046031817871	0.000703927024198873	0.263583256373486	0.998815044225214	0.269915717705518	0.560402643706554	0.847935681672819	0.00160897605531171
Elusimicrobia	0.0533839962569307	0.0286242448614526	0.0813746587491984	0.576453664456452	0.757422433699762	0.799151679660038	0.556392408400245	0.672497533913136	0.999890883611208	0.614883908753548	0.998815044225214	0.837976107563976	0.659428039585475	0.927755723485905	0.999960935528135
Bacteroidetes	4.32244795901741	4.07810133347163	2.30186218066505	5.78774649727682e-36	0.0229788994454241	1.66533453693773e-15	1.66533453693773e-15	0.702841617144564	0.00103508852488111	1.85207887912858e-34	0.183831195563393	1.77635683940025e-14	2.25005199657365e-14	0.927755723485905	0.00220818885307971
Tenericutes	1.09104485441839	1.42534643470402	2.03853552847785	1.95404398296019e-24	4.84779487774922e-07	2.99760216648792e-15	4.71814365354817e-10	0.592709049902394	0.999834255950658	1.56323518636815e-23	7.75647180439876e-06	2.39808173319034e-14	2.51634328189236e-09	0.927755723485905	0.999960935528135
Firmicutes	3.90459797098861	3.96348242941159	2.28608761294563	3.92284698549502e-29	0.787775588232839	1.66533453693773e-15	2.1094237467878e-15	0.89876335712697	0.000186382114679757	4.18437011786136e-28	0.998815044225214	1.77635683940025e-14	2.25005199657365e-14	0.927755723485905	0.000542202515432021
Armatimonadetes	0.0134696673114518	0.0289469399669966	0	0.552218488662483	0.691391691803848	0.837976107563976	0.548448710321097	0.277909687217691	0.42395950931234	0.609344539213775	0.998815044225214	0.837976107563976	0.659428039585475	0.808464544633283	0.502470529555366
Verrucomicrobia	1.89220818784122	1.62910528679233	0.632892608539706	0.000429915919873035	0.539922682168203	0.000264468841452703	0.0187460702313186	0.164680075715273	1.45676260005715e-11	0.00114644245299476	0.998815044225214	0.00084630029264865	0.0399916164934796	0.78612636546922	4.66164032018287e-10
Chlamydiae	0.171833208766378	0.118247335261628	0	0.11816438802374	0.704655519387095	0.107992098603089	0.453257195063832	0.789869208357785	0.043808222104119	0.157552517364987	0.998815044225214	0.181881429226255	0.580169209681705	0.927755723485905	0.0667553860634194
Cyanobacteria	0.765554895431876	0.878085709166942	1.0498576811997	0.0245316056534265	0.39392384237099	0.0261122375012763	0.363604856059186	0.788769079602433	0.000291038813922912	0.0490632113068531	0.998815044225214	0.0557061066693895	0.528879790631543	0.927755723485905	0.000776103503794433
Candidatus_Saccharibacteria	0.0629681052671369	0.0591093228089819	0.101540220560458	0.640408336873415	0.992876352831415	0.638526943850286	0.669330064123688	0.94952443635615	0.160038707650138	0.661066670320944	0.998815044225214	0.729745078686041	0.738571105239932	0.94952443635615	0.196970717107862
Actinobacteria	2.59981192717284	2.48604994226694	1.0416302943759	3.95505725016403e-19	0.584720799958296	2.16493489801906e-14	8.04911692853238e-14	0.143538166980715	0.000110896611302703	2.53123664010498e-18	0.998815044225214	1.3855583347322e-13	6.43929354282591e-13	0.78612636546922	0.000394299062409612
Chloroflexi	0.443324011523535	0.498884927882885	0	5.85467658066939e-05	0.773412129372693	8.26720689248717e-05	0.000143854656590947	0.507275866320084	1.64148095799437e-06	0.0002081662784238	0.998815044225214	0.000293945133955099	0.000575418626363788	0.927755723485905	6.56592383197747e-06
Ignavibacteriae	0.0918758585538533	0.0489139674965936	0	0.112431372599215	0.489002736256638	0.13063874382765	0.647958458926712	0.495159947530564	0.0826311076309924	0.156426257529343	0.998815044225214	0.20902199012424	0.738571105239932	0.927755723485905	0.110174810174656
Chlorobi	0.619395859629698	0.431678616676056	0.0813746587491984	5.54057631544163e-06	0.0779371568919025	5.8588870383014e-06	0.0169142412057343	0.611722910229037	7.99016821166957e-08	2.53283488705903e-05	0.439949931156691	3.12473975376074e-05	0.038661122755964	0.927755723485905	5.11370765546853e-07
Nitrospirae	0.065486413032568	0.127284542910306	0	0.0603528861225379	0.222353038006797	0.342858679490514	0.0533794996791381	0.881556981159337	0.000141449938305743	0.0965646177960606	0.790588579579723	0.421979913219094	0.106758999358276	0.927755723485905	0.000452639802578376
Dictyoglomi	0.0471821190756038	0.0122238649330132	0	0.199453069187617	0.378230811571303	0.327623326806514	0.945524786501923	0.821900250920235	0.543871514030831	0.25529992856015	0.998815044225214	0.419357858312338	0.976025586066501	0.927755723485905	0.621567444606663
Planctomycetes	0.423871634193167	0.439640845380436	0.0352537561027599	0.000344024195489081	0.977177506571485	0.000293068970214527	0.00134738515343291	0.834860211407586	3.4598876932545e-08	0.0010007976596046	0.998815044225214	0.000852564276987716	0.00431163249098532	0.927755723485905	3.6905468728048e-07
Chrysiogenetes	0.101668369992943	0.230455378442459	0	0.00138333038446276	0.0126883558115745	0.171159733063588	0.00167680697739658	0.0927928873022123	0.000616104600276323	0.00316189802162917	0.135342461990128	0.260814831334991	0.00487798393424461	0.770471258923593	0.00151656516991095
Fibrobacteres	0.100536310684077	0.110122697573074	0	0.104381379757814	0.967086111421005	0.10360819055266	0.133168894381306	0.245664489209131	0.0056708171722773	0.151827461465911	0.998815044225214	0.181881429226255	0.236744701122322	0.78612636546922	0.0100814527507152
Caldiserica	0.0089009288888475	0.0123489501932742	0	0.764434251908055	0.952622903864014	0.815658353837189	0.748530298552957	0.632911187320311	0.999960935528135	0.764434251908055	0.998815044225214	0.837976107563976	0.798432318456487	0.927755723485905	0.999960935528135
Gemmatimonadetes	0.0664425181735002	0.0831953019584084	0	0.268859738116711	0.888994110750365	0.315133840308799	0.262972495635629	0.224035062010878	0.00353459080322934	0.318648578508694	0.998815044225214	0.419357858312338	0.40071999334953	0.78612636546922	0.00706918160645867
Cloacimonetes	0.0215696434897644	0	0	0.293791130804149	0.380589138857759	0.542271446636857	1	0.54628300521212	0.0508238150786893	0.335761292347599	0.998815044225214	0.642692084902942	1	0.927755723485905	0.0707113948920894
Fusobacteria	0.357480403305451	0.516040480899755	0.0442495621236677	0.00108559186415243	0.153834854462325	0.0112771570243088	0.000668114678857301	0.0701939750824668	0.00429694256896345	0.00267222612714444	0.615339417849302	0.0277591557521446	0.00237551885815929	0.770471258923593	0.00808836248275473
Synergistetes	0.399809717212446	0.396231045413419	0.0501713787930516	0.00174040805512248	0.998815044225214	0.00128073385896532	0.00738140101569285	0.883922154460532	7.47172315036483e-08	0.00371287051759461	0.998815044225214	0.00341529029057419	0.018169602500167	0.927755723485905	5.11370765546853e-07
Thermodesulfobacteria	0.189977399001811	0.136624686153274	0.0447182510934897	0.0477932022306285	0.511568626840392	0.0470742934574132	0.396435663654283	0.0381127056562175	0.845955536647388	0.0804938142831638	0.998815044225214	0.088610434743366	0.551562662475525	0.770471258923593	0.933468178369532
Acidobacteria	0.466187125233189	0.389658390545341	0	6.5072517185842e-05	0.616425366370334	3.50240571223015e-05	0.00389905957124415	0.713837680173953	2.31638548577748e-08	0.000208232054994694	0.998815044225214	0.000140096228489206	0.0103974921899844	0.927755723485905	3.6905468728048e-07
Unclassified	2.75980913549132	2.70352740876463	2.16329652858194	1.16891669330173e-33	0.124561418261362	1.66533453693773e-15	1.88737914186277e-15	0.0963089073654491	0.115635149978127	1.87026670928276e-32	0.569423626337656	1.77635683940025e-14	2.25005199657365e-14	0.770471258923593	0.148012991972002
Deferribacteres	0.138435817449517	0.0996628202374029	0	0.0286334928616296	0.617913878779664	0.023754242487157	0.230420756996118	0.530285761133665	0.0121839060389821	0.053898339504244	0.998815044225214	0.0542954113992159	0.368673211193789	0.927755723485905	0.0205202628024962
Spirochaetes	0.94067452399648	1.12699278518084	0.87624699262598	0.0636127825238821	0.0824906120918796	0.824457953538854	0.120446302347993	0.69307046499272	2.36183724263347e-07	0.0969337638459155	0.439949931156691	0.837976107563976	0.226722451478576	0.927755723485905	1.25964652940452e-06
Aquificae	0.151664669345537	0.121194453073046	0	0.0436540528027154	0.799357319875632	0.0339024209358718	0.19640595051569	0.241885521015162	0.0136610668507367	0.0776072049826052	0.998815044225214	0.0678048418717436	0.330788969289583	0.78612636546922	0.0218577069611787
