Taxa	stoolMeans	stoolSD	swabMeans	swabSD	tissueMeans	tissueSD	Origin p-value	OriginSwabStool p-value	OriginTissueStool p-value	OriginTissueSwab p-value	Time p-value	Individual p-value	Origin (adj p-value)	OriginSwabStool (adj p-value)	OriginTissueStool (adj p-value)	OriginTissueSwab (adj p-value)	Time (adj p-value)	Individual (adj p-value)	rsquared marginal	rsquared conditional
Clostridium_pasteurianum	0.0960520522550881	0.179	0.153985841466425	0.247	0	0	0.0253	0.314	0.136	0.0243	0.955	0.635	0.0287155	0.820644859813084	0.177698113207547	0.0461034246575342	0.99740671641791	0.70104	0.05	0.085
Sorangium_cellulosum	0.243847907196231	0.301	0.233488973160432	0.279	0.17249757202531	0.314	0.0127	0.986	0.65	0.792	0.525	0.000344	0.0156679347826087	1	0.7033203125	0.815553903345725	0.961852760736196	0.0008256	0.06	0.312
Desulfitobacterium_dehalogenans	0.115632905080171	0.211	0.125966073542075	0.238	0	0	0.00698	0.97	0.0944	0.125	0.192	0.0392	0.00921197674418605	1	0.130093532338308	0.171410891089109	0.927627906976744	0.0575489361702128	0.076	0.21
Rhodopseudomonas_palustris	0.265301458816988	0.335	0.321898498892007	0.326	0.286656373074064	0.36	0.271	0.711	0.97	0.94	0.162	0.00726	0.277103603603604	1	0.977054545454546	0.953772893772894	0.921448979591837	0.0126820253164557	0.027	0.238
Thermodesulfobacterium_geofontis	0.174198959506257	0.229	0.094374911349054	0.172	0.0447182510934897	0.179	0.232	0.187	0.0638	0.735	0.0287	0.131	0.239381818181818	0.595390804597701	0.0992842696629213	0.759682835820895	0.752788235294118	0.168953271028037	0.049	0.19
Anaeromyxobacter_sp._Fw109.5	0.144484060061213	0.237	0.202798926031245	0.31	0	0	0.000648	0.495	0.0692	0.0215	0.261	0.0165	0.00109773134328358	1	0.105438709677419	0.0413576388888889	0.927627906976744	0.0266315789473684	0.101	0.261
Mycoplasma_hyorhinis	0.06167008697668	0.185	0.691156115249487	0.533	1.72705968506775	0.271	<2e-16	2.88e-14	1.67e-15	1.48e-14	0.578	0.993	NA	7.756e-13	4.02715384615385e-14	3.878e-13	0.963694610778443	1	0.772	0.772
Klebsiella_pneumoniae	0.810549458412108	1.049	1.14822007107876	1.035	0.329515145037096	0.526	4.06e-05	0.263	0.182	0.0279	0.364	4.43e-08	8.86173076923077e-05	0.72129702970297	0.226071748878924	0.051522	0.927627906976744	3.70509090909091e-07	0.097	0.508
Streptococcus_anginosus	0.218722188833563	0.305	1.25424428625634	0.791	0.0351516110313809	0.141	<2e-16	1.68e-14	0.264	3.67e-14	0.884	0.8	NA	7.756e-13	0.308556962025316	4.82231818181818e-13	0.972797619047619	0.852509652509653	0.489	0.496
Pedobacter_saltans	0.119476805706226	0.189	0.112050209796282	0.23	0	0	0.0636	0.981	0.0513	0.142	0.378	0.761	0.0681	1	0.0850904191616766	0.190019323671498	0.927627906976744	0.820453125	0.044	0.069
Desulfitobacterium_hafniense	0.157354918667834	0.257	0.284448748058706	0.382	0	0	2.76e-05	0.0796	0.0863	0.00328	0.629	0.0015	6.2652e-05	0.339218461538462	0.120732828282828	0.00811214285714286	0.968115	0.00302189781021898	0.126	0.33
Xanthomonas_campestris	0.0919261110403532	0.156	0.11696652107631	0.226	0.136230289348472	0.245	0.573	0.786	0.623	0.936	0.0024	1	0.578093333333333	1	0.676749019607843	0.953205882352941	0.6648	1	0.071	0.071
Bifidobacterium_animalis	0.336488663927777	0.4	0.273213188479127	0.4	0	0	2.16e-09	0.714	0.0034	0.0578	0.163	2.37e-07	1.32518918918919e-08	1	0.0102369565217391	0.0914891428571429	0.921448979591837	1.4904e-06	0.219	0.579
Butyrivibrio_proteoclasticus	0.525007859131394	0.39	0.64567538962133	0.48	0	0	7.85e-08	0.317	4.67e-06	1.29e-06	0.215	0.146	2.92122950819672e-07	0.820644859813084	2.26945614035088e-05	6.16086206896552e-06	0.927627906976744	0.187423255813953	0.215	0.312
Streptococcus_pneumoniae	0.300047062345833	0.362	0.979235861520785	0.698	0	0	2.87e-12	4.8e-11	0.0294	8.76e-11	0.762	0.335	3.83229411764706e-11	8.864e-10	0.0561641379310345	7.35309090909091e-10	0.972797619047619	0.395128205128205	0.329	0.376
Roseburia_hominis	2.30394604319527	0.579	2.07026004093187	0.717	0.307507525030372	0.56	<2e-16	0.175	3.66e-15	3.19e-14	0.556	4.72e-06	NA	0.582988372093023	6.336375e-14	4.41815e-13	0.961852760736196	1.91576470588235e-05	0.6	0.779
Alkaliphilus_metalliredigens	0.100678923375444	0.167	0.251305593346635	0.348	0	0	2.81e-06	0.00264	0.174	0.000509	0.534	0.00217	7.973375e-06	0.018282	0.217108108108108	0.00149992553191489	0.961852760736196	0.00424765957446809	0.148	0.341
Eubacterium_rectale	2.77868195691403	0.73	2.62493145353964	0.821	0.69341648895793	0.619	<2e-16	0.597	2.68e-14	2.43e-13	0.581	2.76e-07	NA	1	2.735375e-13	2.804625e-12	0.963694610778443	1.62076595744681e-06	0.472	0.713
Haemophilus_parainfluenzae	0.604715880286356	0.79	0.317979345981056	0.625	0.0594991026761032	0.238	0.0113	0.155	0.0157	0.489	0.426	2.24e-05	0.0142505555555556	0.550448717948718	0.0356467213114754	0.527054474708171	0.927627906976744	8.2432e-05	0.059	0.43
Magnetospirillum_magneticum	0.119327235223786	0.193	0.0687601670098693	0.152	0	0	0.00142	0.37	0.0332	0.424	0.249	0.0452	0.00228609929078014	0.899035087719298	0.0604692810457516	0.469792	0.927627906976744	0.0643051546391753	0.1	0.251
Zymomonas_mobilis	0.118266947187916	0.213	0.156498216949118	0.304	0	0	0.0163	0.702	0.123	0.0678	0.358	0.0711	0.0191715025906736	1	0.163802884615385	0.10206847826087	0.927627906976744	0.0971465346534653	0.057	0.206
Campylobacter_coli	0.582849398916763	0.536	0.556713309093168	0.571	0	0	3.09e-09	0.97	0.000141	0.00215	0.643	8.59e-11	1.753575e-08	1	0.000550098591549296	0.00551435185185185	0.968115	2.15530909090909e-09	0.166	0.631
Pseudomonas_mendocina	0.19454030734077	0.231	0.172420835638509	0.253	0	0	0.000598	0.889	0.00437	0.0397	0.764	0.0915	0.00102064661654135	1	0.0126092708333333	0.0683037267080745	0.972797619047619	0.122860194174757	0.101	0.249
Streptococcus_suis	0.615096240064935	0.454	0.69392477722695	0.527	0.0804116055974879	0.24	1.85e-08	0.695	6.8e-05	8.6e-05	0.593	0.000655	9.33222222222222e-08	1	0.000269085714285714	0.000280258823529412	0.967870588235294	0.00144624	0.204	0.444
Acidaminococcus_fermentans	0.469984036174385	0.347	0.377083073401966	0.446	0	0	1.59e-09	0.435	6.02e-06	0.00234	0.677	0.00288	1.06155882352941e-08	0.971733870967742	2.82633898305085e-05	0.00594660550458716	0.968115	0.00540734693877551	0.253	0.458
Clostridium_saccharoperbutylacetonicum	0.210361765984564	0.254	0.179032771557879	0.273	0	0	0.00813	0.822	0.00502	0.0547	0.805	1	0.0106063793103448	1	0.0135003883495146	0.0870798850574713	0.972797619047619	1	0.067	0.067
Riemerella_anatipestifer	0.650269293689658	0.565	0.430030518061632	0.539	0.0769805627656952	0.308	5.94e-07	0.141	0.000374	0.0963	0.532	5.66e-12	2.07443076923077e-06	0.513907894736842	0.00132817948717949	0.136795384615385	0.961852760736196	3.77725714285714e-10	0.127	0.639
Parabacteroides_distasonis	2.98135860021355	0.638	2.60520532051748	0.927	0.823392416187959	0.602	<2e-16	0.0357	1.12e-14	7.99e-13	0.943	5.82e-11	NA	0.190171153846154	1.47733333333333e-13	8.85292e-12	0.99740671641791	1.60632e-09	0.542	0.79
Phycisphaera_mikurensis	0.137786830952694	0.245	0.1070191239523	0.234	0	0	0.000698	0.806	0.0704	0.301	0.832	0.00334	0.00117367407407407	1	0.105438709677419	0.350323529411765	0.972797619047619	0.00618684563758389	0.099	0.292
Geobacter_sulfurreducens	0.133136275490422	0.204	0.159666849180455	0.268	0	0	0.000189	0.822	0.0492	0.0409	0.566	0.000885	0.000360529411764706	1	0.0820987951807229	0.069933950617284	0.961852760736196	0.00189348837209302	0.108	0.328
Caldicellulosiruptor_kronotskyensis	0.559473395549424	0.341	0.651260198111143	0.449	0.905486576216976	0.425	9.28e-09	0.489	0.00231	0.081	0.56	7.81e-05	4.89897674418605e-08	1	0.00727125	0.118089473684211	0.961852760736196	0.0002343	0.228	0.486
Capnocytophaga_ochracea	0.174371225521508	0.274	0.165140381565412	0.34	0	0	0.000597	0.987	0.0517	0.137	0.845	0.000174	0.00102064661654135	1	0.0852434523809524	0.186024509803922	0.972797619047619	0.000466252427184466	0.095	0.337
Ruminococcus_bromii	2.21845185059522	0.621	2.23606443479134	0.858	0.385896967174785	0.486	<2e-16	0.992	2.85e-14	3.83e-14	0.48	3.82e-11	NA	1	2.735375e-13	4.82231818181818e-13	0.961852760736196	1.17146666666667e-09	0.521	0.798
Paenibacillus_mucilaginosus	0.205154873853035	0.286	0.215496933772845	0.302	0	0	1.47e-07	0.983	0.0172	0.0354	0.867	3.75e-05	5.38209677419355e-07	1	0.0368623076923077	0.0620620253164557	0.972797619047619	0.000124698795180723	0.186	0.474
Ruminococcus_sp._SR1.5	2.25534881660764	0.544	2.28701512707309	0.747	0.413044535705146	0.62	<2e-16	0.966	1.08e-14	2.94e-14	0.161	0.112	NA	1	1.47733333333333e-13	4.41815e-13	0.921448979591837	0.145811320754717	0.52	0.585
Megamonas_hypermegale	0.162261398192784	0.418	0.322394944717388	0.559	0	0	0.0337	0.192	0.341	0.0463	0.809	9.58e-12	0.0373165853658537	0.597573033707865	0.388254098360656	0.0772596385542169	0.972797619047619	3.77725714285714e-10	0.028	0.515
Rhodobacter_sphaeroides	0.117597282243924	0.207	0.238066499153832	0.28	0	0	2.23e-08	0.0251	0.105	0.00147	0.681	2.5e-07	1.03308163265306e-07	0.141891836734694	0.142573529411765	0.00398019417475728	0.968115	1.5e-06	0.178	0.518
Clostridium_sp._BNL1100	0.100355869756437	0.175	0.137050166404155	0.213	0.0501713787930516	0.201	0.181	0.619	0.568	0.288	0.0139	0.0119	0.189341013824885	1	0.621881422924901	0.342386266094421	0.752788235294118	0.0199054545454545	0.055	0.221
Moorella_thermoacetica	0.158942139234496	0.23	0.173415176939303	0.325	0	0	0.000345	0.957	0.0404	0.0588	0.877	0.00511	0.000621547619047619	1	0.0699425	0.0925431818181818	0.972797619047619	0.00927868421052632	0.103	0.291
Ruminiclostridium_thermocellum	0.181658513886818	0.223	0.204355909208867	0.35	0	0	0.00396	0.9	0.0169	0.0218	0.627	0.188	0.00557181818181818	1	0.0368623076923077	0.0416455172413793	0.968115	0.23372972972973	0.077	0.163
Fibrella_aestuarina	0.338762178458121	0.346	0.303277336216992	0.462	0	0	6.13e-07	0.887	0.00156	0.0197	0.849	0.000291	2.10834848484848e-06	1	0.0050246511627907	0.0387014184397163	0.972797619047619	0.000717107142857143	0.178	0.406
Geobacillus_sp._GHH01	0.386744322784304	0.422	1.42100004477053	0.599	0.655292721208031	0.449	<2e-16	2.39e-14	0.0794	1.17e-06	0.0333	0.804	NA	7.756e-13	0.113941237113402	5.68578947368421e-06	0.752788235294118	0.853476923076923	0.45	0.461
Anoxybacillus_flavithermus	0.610776331778268	0.512	1.63335140443655	0.625	0.717782129330831	0.509	2.05e-13	3.73e-14	0.738	6.23e-07	0.236	0.755	3.32392857142857e-12	7.94776923076923e-13	0.777285171102662	3.38374509803922e-06	0.927627906976744	0.817176470588235	0.37	0.387
Paenibacillus_polymyxa	0.155633540767311	0.233	0.112950800889767	0.232	0	0	0.00403	0.637	0.0258	0.233	0.285	0.22	0.00557181818181818	1	0.0506851063829787	0.286805309734513	0.927627906976744	0.271071428571429	0.085	0.17
Leadbetterella_byssophila	0.194677453942242	0.293	0.17288064065829	0.308	0.0501713787930516	0.201	0.00402	0.933	0.153	0.365	0.404	0.000276	0.00557181818181818	1	0.197120930232558	0.413804081632653	0.927627906976744	0.000692509090909091	0.076	0.322
Syntrophobotulus_glycolicus	0.159572615254792	0.24	0.154163516655883	0.252	0	0	0.00334	0.993	0.0294	0.0854	0.845	0.0917	0.00476842767295597	1	0.0561641379310345	0.123207291666667	0.972797619047619	0.122860194174757	0.079	0.194
Rhodospirillum_rubrum	0.123484199519035	0.223	0.0961779471100638	0.189	0	0	0.0206	0.809	0.0694	0.297	0.933	0.221	0.0236171717171717	1	0.105438709677419	0.35008085106383	0.99740671641791	0.271093333333333	0.055	0.141
Geobacillus_kaustophilus	0.302398407249878	0.382	1.24148862389101	0.532	0.332443329746644	0.462	<2e-16	2.6e-14	0.962	5.85e-10	0.156	1	NA	7.756e-13	0.976095238095238	4.62985714285714e-09	0.921448979591837	1	0.442	0.442
Serratia_marcescens	0.247111465344759	0.304	0.21596651232808	0.295	0	0	0.00398	0.867	0.00471	0.0452	0.379	0.408	0.00557181818181818	1	0.0130272277227723	0.0758812121212121	0.927627906976744	0.475139240506329	0.082	0.138
Shigella_flexneri	0.155097471186497	0.334	0.471803161788527	0.591	0.325938382966128	0.351	0.0017	0.000798	0.249	0.47	0.0665	0.00134	0.002695625	0.00650135294117647	0.29475641025641	0.51255905511811	0.800891304347826	0.00276	0.096	0.328
Streptococcus_oligofermentans	0.137344079092651	0.243	0.227956535008596	0.341	0	0	0.0166	0.22	0.113	0.0131	0.68	0.79	0.0194237113402062	0.654191489361702	0.151946601941748	0.0270798507462687	0.968115	0.845116279069767	0.057	0.079
Pseudomonas_stutzeri	0.239873962457029	0.279	0.265584082835943	0.329	0	0	6.49e-08	0.901	0.00436	0.00709	0.699	0.000324	2.497e-07	1	0.0126092708333333	0.016230826446281	0.968115	0.000784421052631579	0.199	0.444
Streptococcus_dysgalactiae	0.147784652741944	0.25	0.621945925129968	0.634	0	0	9.95e-11	8.85e-09	0.262	2.24e-07	0.78	0.0112	9.0346e-10	1.36191666666667e-07	0.308556962025316	1.26628571428571e-06	0.972797619047619	0.0189644171779141	0.274	0.395
Lactobacillus_rhamnosus	0.159775152307421	0.308	0.101097212430902	0.21	0	0	0.0233	0.579	0.0815	0.47	0.374	0.012	0.026578391959799	1	0.115771794871795	0.51255905511811	0.927627906976744	0.0199518072289157	0.052	0.34
Peptoclostridium_difficile	1.66758808479733	0.432	1.66345854372253	0.539	0.109138279236139	0.247	<2e-16	0.999	1.89e-15	1.32e-14	0.262	0.000256	NA	1	4.02715384615385e-14	3.878e-13	0.927627906976744	0.000654222222222222	0.629	0.756
Alistipes_finegoldii	2.68227308345052	0.695	2.20718410126288	0.751	0.512502997078518	0.533	<2e-16	0.0048	8.55e-15	4.04e-12	0.955	6.31e-10	NA	0.0316571428571429	1.31575e-13	4.14474074074074e-11	0.99740671641791	9.67533333333333e-09	0.577	0.818
Thermanaerovibrio_acidaminovorans	0.131884085734068	0.225	0.165524925424506	0.283	0	0	4.62e-05	0.766	0.0798	0.0533	0.155	3.53e-05	9.89377358490566e-05	1	0.113941237113402	0.0853416184971098	0.921448979591837	0.000118814634146341	0.126	0.404
Streptococcus_pseudopneumoniae	0.146647279586759	0.234	0.472078996738804	0.73	0	0	7.63e-05	0.000259	0.32	0.000298	0.534	1	0.00015464375	0.00224196875	0.366280991735537	0.000927483146067416	0.961852760736196	1	0.131	0.131
Clostridium_tetani	0.155085252258538	0.253	0.174337899089277	0.301	0	0	0.0139	0.931	0.0574	0.0689	0.207	0.1	0.0165198952879581	1	0.0903397727272727	0.103163783783784	0.927627906976744	0.131428571428571	0.066	0.18
Streptococcus_oralis	0.289433731465283	0.429	0.827049911167625	0.865	0.0280178735391477	0.112	1.82e-06	1.33e-05	0.159	9.75e-06	0.767	0.51	5.29666666666667e-06	0.000136448148148148	0.201109589041096	3.80387323943662e-05	0.972797619047619	0.569878542510121	0.175	0.21
Gordonibacter_pamelaeae	1.24827281830841	0.608	1.02248920548241	0.587	0.113636970421404	0.332	<2e-16	0.163	5.54e-11	4.27e-06	0.00773	3.46e-09	NA	0.55741975308642	3.93482051282051e-10	1.81967692307692e-05	0.713736666666667	4.152e-08	0.441	0.749
Thermomonospora_curvata	0.113972778005932	0.182	0.149822872636505	0.286	0	0	0.00586	0.675	0.0862	0.0446	0.487	0.017	0.00782482352941176	1	0.120732828282828	0.075330487804878	0.961852760736196	0.027121387283237	0.069	0.216
Eggerthella_sp._YY7918	0.732322888120279	0.523	0.481771961742092	0.553	0.117765373468783	0.256	1.63e-10	0.059	4.53e-05	0.0616	0.653	1.44e-07	1.37040740740741e-09	0.267617741935484	0.000187285074626866	0.0958606741573034	0.968115	1.04030769230769e-06	0.247	0.592
Ruminococcus_champanellensis	1.16517987306087	0.55	1.0634435922592	0.689	0.0501713787930516	0.201	<2e-16	0.67	2.99e-11	1.24e-07	0.836	2.06e-10	NA	1	2.23845945945946e-10	7.46695652173913e-07	0.972797619047619	4.37353846153846e-09	0.4	0.743
Eubacterium_limosum	1.13919327731585	0.511	1.19131388407785	0.482	0.0769805627656952	0.308	<2e-16	0.872	9.25e-13	6.81e-11	0.344	0.000134	NA	1	7.11736111111111e-12	5.89490625e-10	0.927627906976744	0.000381278350515464	0.398	0.615
Selenomonas_sputigena	0.483074090520808	0.34	0.478271840317741	0.469	0	0	<2e-16	0.998	3.34e-06	8.17e-05	0.28	1.05e-10	NA	1	1.68214545454545e-05	0.000269415476190476	0.927627906976744	2.415e-09	0.384	0.732
Chromobacterium_violaceum	0.119404922158451	0.196	0.183188375462973	0.258	0.183312868833332	0.336	0.897	0.386	0.546	1	0.0408	0.00255	0.900969026548673	0.90781512605042	0.600166666666667	1	0.752788235294118	0.0048875	0.025	0.212
Escherichia_fergusonii	0.207468154411489	0.433	0.434841788636648	0.678	0.103415875821932	0.296	0.0029	0.0716	0.7	0.0732	0.195	2.22e-06	0.00416645569620253	0.314812698412698	0.742911877394636	0.108429946524064	0.927627906976744	9.32545454545454e-06	0.062	0.425
Methylocystis_sp._SC2	0.0633788171477075	0.148	0.185979132364713	0.365	0.340766676040553	0.423	0.000267	0.0553	0.000149	0.114	0.825	0.433	0.000500900826446281	0.258533333333333	0.000573236111111111	0.15789	0.972797619047619	0.500033472803347	0.116	0.152
Campylobacter_jejuni	0.886677964981734	0.535	1.02699226889598	0.742	0.127047089641798	0.356	5.21e-10	0.481	5.62e-06	3.74e-06	0.257	1.62e-06	3.81506451612903e-09	1	2.68403448275862e-05	1.61871875e-05	0.927627906976744	7.09714285714286e-06	0.223	0.515
Bacteroides_thetaiotaomicron	3.02216604410363	0.536	2.81405626257723	0.714	0.607549850384253	0.694	<2e-16	0.234	1.67e-15	6.55e-15	0.989	0.0532	NA	0.679649484536082	4.02715384615385e-14	3.878e-13	0.999	0.0752984615384615	0.634	0.696
Clostridium_perfringens	0.197375273436681	0.357	0.180501453864104	0.268	0.0867351011592335	0.24	0.261	0.969	0.431	0.638	0.336	0.00645	0.268085972850679	1	0.483348178137652	0.669416666666667	0.927627906976744	0.0114115384615385	0.019	0.339
Desulfovibrio_desulfuricans	0.508120686730061	0.451	0.604464941156152	0.547	0.0843882570475399	0.338	5.9e-14	0.595	0.00252	0.00133	0.627	2.27e-12	1.22167272727273e-12	1	0.00784314606741573	0.00364762376237624	0.968115	2.4196e-10	0.265	0.683
.Ruminococcus._obeum	2.27966451066604	0.457	2.24222704429409	0.67	0.36618950501632	0.631	<2e-16	0.94	1.67e-15	1.1e-14	0.145	0.0412	NA	1	4.02715384615385e-14	3.878e-13	0.921448979591837	0.0595350785340314	0.608	0.67
Bacteroides_xylanisolvens	3.11807366006956	0.572	2.61381625142784	0.721	0.663769504830018	0.607	<2e-16	0.000496	1.67e-15	2.81e-14	0.928	0.000709	NA	0.00416339393939394	4.02715384615385e-14	4.41815e-13	0.99740671641791	0.0015408188976378	0.623	0.74
Bibersteinia_trehalosi	0.182451284480876	0.274	0.13764828335936	0.303	0	0	0.00502	0.71	0.0313	0.226	0.276	0.00529	0.00682359281437126	1	0.0585817567567568	0.279473214285714	0.927627906976744	0.00948077922077922	0.075	0.302
Salmonella_enterica	0.358032902907814	0.518	0.623472283641184	0.654	0.114119474500866	0.317	5.65e-06	0.0547	0.208	0.00752	0.695	4.97e-09	1.50888235294118e-05	0.258533333333333	0.251598253275109	0.0170740983606557	0.968115	5.7155e-08	0.104	0.538
Erysipelothrix_rhusiopathiae	0.259945288708664	0.331	0.363657361635404	0.406	0.0501713787930516	0.201	1.25e-05	0.323	0.0572	0.00968	0.366	9.85e-06	2.98684210526316e-05	0.828435185185185	0.0903397727272727	0.0207857364341085	0.927627906976744	3.94e-05	0.123	0.456
Bacillus_subtilis	0.150707727673308	0.225	0.0784364939216988	0.207	0	0	0.001	0.244	0.0229	0.458	0.407	0.07	0.00162142857142857	0.682707070707071	0.0459659420289855	0.503436507936508	0.927627906976744	0.0961194029850746	0.101	0.253
Pseudomonas_fluorescens	0.174952559541439	0.266	0.196242971378931	0.268	0	0	5.6e-06	0.918	0.0293	0.0372	0.182	0.000171	1.50888235294118e-05	1	0.0561641379310345	0.0648075471698113	0.927627906976744	0.000462705882352941	0.152	0.421
Asticcacaulis_excentricus	0.117321954006887	0.218	0.0856237111414911	0.183	0	0	0.00824	0.739	0.0777	0.36	0.304	0.0625	0.0106884571428571	1	0.112685340314136	0.412066115702479	0.927627906976744	0.0866834170854271	0.073	0.213
Bacteroides_vulgatus	3.8257432047592	0.516	3.61653737295653	0.786	1.73514284031091	0.706	<2e-16	0.238	1.89e-15	3.06e-14	0.546	6.98e-07	NA	0.679649484536082	4.02715384615385e-14	4.41815e-13	0.961852760736196	3.6348679245283e-06	0.592	0.76
Planctomyces_brasiliensis	0.202996085224208	0.262	0.0926140144848683	0.187	0	0	4.94e-05	0.074	0.00452	0.418	0.275	0.0205	0.000103831481481481	0.32028125	0.0127759183673469	0.465004016064257	0.927627906976744	0.0321477272727273	0.144	0.299
Chlorobium_phaeovibrioides	0.197240887757977	0.25	0.155571412436637	0.284	0	0	1.69e-05	0.706	0.00907	0.109	0.869	0.00114	3.91459183673469e-05	1	0.0220385087719298	0.153263959390863	0.972797619047619	0.00238363636363636	0.141	0.383
Corynebacterium_callunae	0.206689425959793	0.265	0.11423864615168	0.218	0	0	1.06e-05	0.179	0.00534	0.292	0.518	0.000124	2.64417582417582e-05	0.582988372093023	0.0139545283018868	0.34565811965812	0.961852760736196	0.0003565	0.151	0.413
Verminephrobacter_eiseniae	0.0703801117734447	0.14	0.183680266264753	0.321	0.960153246842729	0.192	<2e-16	0.0197	1.67e-15	2.11e-15	0.802	1	NA	0.116104255319149	4.02715384615385e-14	1.94823333333333e-13	0.972797619047619	1	0.671	0.671
Bacteroides_helcogenes	2.33424846296249	0.618	1.99571278029742	0.757	0.618110394705505	0.466	<2e-16	0.037	2.98e-14	4.58e-10	0.884	1.34e-06	NA	0.193377358490566	2.735375e-13	3.73135294117647e-09	0.972797619047619	6.26847457627119e-06	0.51	0.711
Enterobacter_cloacae	0.383553814039135	0.494	0.588364081371661	0.784	0.0473600063346425	0.189	1.12e-05	0.181	0.0568	0.00474	0.0645	0.000164	2.73376344086022e-05	0.582988372093023	0.0903397727272727	0.0113187931034483	0.800891304347826	0.00045264	0.141	0.402
Klebsiella_oxytoca	0.323067752112368	0.565	0.423402740476946	0.5	0	0	6.43e-06	0.643	0.0599	0.0288	0.639	2.92e-10	1.67771264367816e-05	1	0.0937418079096045	0.0528317880794702	0.968115	5.33025e-09	0.079	0.655
Acidovorax_sp._KKS102	0.123280217550451	0.197	0.0876166500198144	0.203	0	0	0.0512	0.65	0.0425	0.3	0.449	1	0.0553447619047619	1	0.0731211180124224	0.350323529411765	0.944694029850746	1	0.045	0.045
Desulfovibrio_alaskensis	0.219508084604639	0.296	0.177432945391017	0.271	0	0	6.01e-05	0.756	0.0102	0.104	0.755	0.0233	0.000124024545454545	1	0.0243568965517241	0.146979591836735	0.972797619047619	0.0359262569832402	0.132	0.304
Streptococcus_mutans	0.147601434477614	0.213	0.104702085553353	0.224	0	0	0.0277	0.59	0.0222	0.234	0.767	1	0.0311282178217822	1	0.0448861313868613	0.286805309734513	0.972797619047619	1	0.05	0.05
.Clostridium._saccharolyticum	2.10926629996102	0.499	2.12590814901708	0.668	0.241894641738844	0.506	<2e-16	0.988	1.89e-15	1.5e-14	0.286	0.000272	NA	1	4.02715384615385e-14	3.878e-13	0.927627906976744	0.000688733944954128	0.611	0.742
Bacillus_thuringiensis	0.15383406198873	0.316	0.546591949346269	0.775	0.124661167721156	0.285	4.78e-05	0.000164	0.967	0.00765	0.292	0.00187	0.000101407476635514	0.00151426666666667	0.977054545454546	0.0172280487804878	0.927627906976744	0.00371309352517986	0.122	0.302
Mycobacterium_canettii	0.203781272193152	0.246	0.199178754782107	0.276	0.101899689826957	0.234	0.952	0.996	0.293	0.436	0.696	0.00129	0.952	1	0.339585774058577	0.481163346613546	0.968115	0.00267699248120301	0.001	0.27
Streptococcus_pyogenes	0.713160439851716	0.443	0.847682887686409	0.649	0.050066526876103	0.2	5.64e-10	0.382	2.07e-06	9.23e-07	0.391	0.00065	4.000875e-09	0.90781512605042	1.06183333333333e-05	4.73464814814815e-06	0.927627906976744	0.00144624	0.248	0.444
Prevotella_denticola	0.683343714257777	0.57	1.15413685827265	0.887	0.200925947272519	0.456	5.94e-12	0.00205	0.0152	1.27e-05	0.431	6.74e-10	7.09673684210526e-11	0.0145602564102564	0.0350866666666667	4.75391891891892e-05	0.927627906976744	9.79073684210526e-09	0.227	0.603
Streptomyces_coelicolor	0.108080289607003	0.18	0.081701196337015	0.185	0	0	0.0191	0.753	0.0538	0.285	0.851	0.213	0.0220086294416244	1	0.0871261627906977	0.340280172413793	0.972797619047619	0.26362331838565	0.057	0.143
Paracoccus_denitrificans	0.150482593045355	0.259	0.0936997350137509	0.199	0	0	0.000386	0.497	0.0487	0.412	0.786	0.00634	0.000689937007874016	1	0.0817569696969697	0.462040485829959	0.972797619047619	0.0112892903225806	0.11	0.298
Bifidobacterium_dentium	0.471224147350973	0.564	0.414717879533208	0.524	0	0	7.16e-07	0.871	0.00326	0.0347	0.741	1.54e-07	2.39017647058824e-06	1	0.0099232967032967	0.0616147435897436	0.972797619047619	1.0626e-06	0.156	0.537
Cronobacter_sakazakii	0.190735725877989	0.332	0.0712864001661354	0.168	0	0	8.92e-05	0.133	0.0404	0.711	0.617	0.000833	0.000177617543859649	0.504671232876712	0.0699425	0.737629213483146	0.968115	0.00179615625	0.115	0.473
Prevotella_melaninogenica	1.22587456758266	0.659	1.41961933619535	0.899	0.232678660545289	0.501	1.38e-11	0.4	1.5e-06	7.71e-07	0.341	3.72e-07	1.49171428571429e-10	0.923333333333333	7.83962264150943e-06	4.02956603773585e-06	0.927627906976744	2.09534693877551e-06	0.25	0.562
Fretibacterium_fastidiosum	0.301256019453228	0.294	0.261436865960847	0.373	0.0501713787930516	0.201	4.7e-08	0.813	0.00724	0.0713	0.851	1.59e-06	1.93981818181818e-07	1	0.0180673873873874	0.106183333333333	0.972797619047619	7.09714285714286e-06	0.197	0.502
Propionibacterium_acnes	0.191791812118989	0.302	0.169743441959032	0.297	0.0366564076557087	0.147	0.00405	0.931	0.113	0.301	0.0427	0.0418	0.00557181818181818	1	0.151946601941748	0.350323529411765	0.752788235294118	0.0600875	0.098	0.231
.Clostridium._cellulolyticum	0.134327392644014	0.196	0.0592207176385588	0.167	0	0	0.00564	0.128	0.0171	0.545	0.321	0.696	0.00757562130177515	0.492444444444444	0.0368623076923077	0.580634615384615	0.927627906976744	0.759272727272727	0.079	0.108
Thermus_scotoductus	0.0831600403046534	0.171	0.243757708649452	0.346	0.0501713787930516	0.201	0.00193	0.00202	0.839	0.0138	0.0436	0.653	0.00298034013605442	0.0145602564102564	0.867175373134328	0.0281073529411765	0.752788235294118	0.71803984063745	0.109	0.132
Sinorhizobium_fredii	0.129315582855878	0.212	0.124369174093148	0.269	0	0	0.000296	0.993	0.0648	0.151	0.0555	0.000288	0.000546276422764228	1	0.09972	0.200129186602871	0.78114	0.000716108108108108	0.118	0.361
Streptococcus_mitis	0.343283618313255	0.364	0.773828277785394	0.772	0.0769805627656952	0.308	1.51e-06	9.41e-05	0.0908	1.46e-05	0.408	0.0562	4.51013157894737e-06	0.000930917857142857	0.125758	5.39226666666667e-05	0.927627906976744	0.0787370558375634	0.171	0.273
Paludibacter_propionicigenes	0.561862419888639	0.388	0.393093894502881	0.453	0	0	5.92e-14	0.101	6.37e-07	0.00368	0.735	9.58e-07	1.22167272727273e-12	0.411426470588235	3.52898e-06	0.00894175438596491	0.972797619047619	4.72157142857143e-06	0.337	0.608
Filifactor_alocis	0.325757310321793	0.305	0.58586522958596	0.523	0.0352537561027599	0.141	1.27e-06	0.00166	0.00607	3.34e-06	0.143	0.161	3.94917808219178e-06	0.0124275675675676	0.0157139252336449	1.49222580645161e-05	0.921448979591837	0.204774193548387	0.181	0.269
Pseudomonas_putida	0.230953648252304	0.283	0.36178794813705	0.308	0.806636705642567	0.331	8.46e-07	0.0974	6.88e-11	1.04e-05	0.26	0.0169	2.70481690140845e-06	0.402683582089552	4.7644e-10	3.94630136986301e-05	0.927627906976744	0.0271186046511628	0.185	0.362
.Eubacterium._eligens	1.9540525045581	0.696	1.83212657917289	0.779	0.15043617005554	0.448	<2e-16	0.69	2.96e-14	5.55e-12	0.534	8.19e-05	NA	1	2.735375e-13	5.49053571428571e-11	0.961852760736196	0.000243058064516129	0.427	0.637
Desulfovibrio_salexigens	0.145094185040798	0.215	0.11663167801052	0.238	0	0	0.000481	0.799	0.029	0.178	0.612	9.51e-05	0.000833488549618321	1	0.0561641379310345	0.22933023255814	0.968115	0.000276290526315789	0.092	0.403
Haemophilus_influenzae	0.22399096310057	0.406	0.175917411784199	0.379	0.0442495621236677	0.177	0.201	0.829	0.196	0.52	0.82	0.0161	0.209298165137615	1	0.238122807017544	0.556138996138996	0.972797619047619	0.0261388235294118	0.022	0.241
Kocuria_rhizophila	0.118044684875784	0.189	0.169428605365772	0.258	0	0	0.0025	0.432	0.0647	0.0164	0.0905	0.0965	0.00368506493506494	0.971733870967742	0.09972	0.0329188405797101	0.847294117647059	0.128048076923077	0.094	0.201
Lactococcus_lactis	0.574174962751121	0.556	0.286922708841225	0.51	0	0	3.73e-05	0.0283	0.000193	0.184	0.577	0.0268	8.2204854368932e-05	0.156782	0.000703434210526316	0.234875576036866	0.963694610778443	0.0410933333333333	0.138	0.38
Alteromonas_macleodii	4.83418115182276	0.161	4.79155687443297	0.271	5.06445323010081	0.009	<2e-16	0.512	1.52e-05	1.04e-05	0.247	6.19e-10	NA	1	6.47753846153846e-05	3.94630136986301e-05	0.927627906976744	9.67533333333333e-09	0.349	0.671
Azospirillum_lipoferum	0.249536857123095	0.313	0.239130466233001	0.294	0	0	1.82e-09	0.985	0.00524	0.0267	0.146	2.66e-06	1.1804e-08	1	0.013823619047619	0.0496369127516779	0.921448979591837	1.09576119402985e-05	0.225	0.566
Neisseria_meningitidis	0.157902840400308	0.221	0.104812429206405	0.231	0.104721259191083	0.233	0.359	0.515	0.656	1	0.938	0.446	0.365439461883408	1	0.707050583657588	1	0.99740671641791	0.508661157024793	0.015	0.064
Gluconobacter_oxydans	0.124245819887176	0.223	0.109890824418694	0.225	0	0	0.0131	0.946	0.0788	0.226	0.55	0.0536	0.0159876344086022	1	0.113685416666667	0.279473214285714	0.961852760736196	0.0754775510204082	0.062	0.19
Desulfovibrio_africanus	0.178973266771197	0.254	0.113640802158665	0.244	0	0	7.15e-07	0.408	0.0165	0.284	0.388	1.02e-05	2.39017647058824e-06	0.93401652892562	0.0368588709677419	0.340280172413793	0.927627906976744	4.02171428571429e-05	0.18	0.458
Bacteroides_salanitronis	2.10176965606358	0.561	1.96336918825882	0.702	0.275876050155719	0.502	<2e-16	0.515	9.66e-15	3.09e-14	0.844	2.23e-06	NA	1	1.40832631578947e-13	4.41815e-13	0.972797619047619	9.32545454545454e-06	0.572	0.747
Geobacillus_thermoleovorans	0.273443816674533	0.349	1.12876841861441	0.541	0.312615576326287	0.394	1.34e-15	2.94e-14	0.929	3.3e-09	0.375	1	1.01393333333333e-13	7.756e-13	0.949568265682657	2.40552631578947e-08	0.927627906976744	1	0.421	0.421
Brevibacillus_brevis	0.129034969632461	0.227	0.0994917073381142	0.163	0	0	0.0118	0.77	0.0472	0.255	0.0247	0.243	0.0147175824175824	1	0.0802110429447853	0.309802631578947	0.752788235294118	0.296761061946903	0.092	0.17
Ethanoligenens_harbinense	0.748287149975629	0.416	0.75446807351058	0.541	0.0667594681662236	0.267	<2e-16	0.998	9.3e-08	3.41e-06	0.258	1.28e-09	NA	1	5.366875e-07	1.49931746031746e-05	0.927627906976744	1.7664e-08	0.386	0.708
Parvibaculum_lavamentivorans	0.0985635967933561	0.171	0.134949271933697	0.283	0	0	0.00703	0.643	0.134	0.063	0.315	0.0382	0.00922433526011561	1	0.176752380952381	0.0971770491803279	0.927627906976744	0.0563807486631016	0.07	0.213
Streptococcus_thermophilus	1.04872804335358	0.767	0.80805494493374	0.709	0	0	8.16e-06	0.26	6.63e-07	0.00123	0.304	0.000297	2.10490909090909e-05	0.7202	3.601e-06	0.0034071	0.927627906976744	0.00072541592920354	0.149	0.426
Clostridium_kluyveri	0.346786181568145	0.354	0.414434688610229	0.438	0	0	2.04e-09	0.646	0.00114	0.000803	0.901	1.12e-06	1.28633333333333e-08	1	0.00380457831325301	0.00226970408163265	0.982586614173228	5.42315789473684e-06	0.201	0.546
Haliscomenobacter_hydrossis	0.387131211726416	0.363	0.247025616906373	0.381	0	0	6.06e-08	0.147	0.000181	0.0639	0.786	4.02e-05	2.41089655172414e-07	0.528818181818182	0.000677527027027027	0.0971770491803279	0.972797619047619	0.000129013953488372	0.205	0.469
Acidaminococcus_intestini	0.488643364167208	0.706	0.530371388898844	0.926	0.181618498714589	0.328	6.65e-08	0.961	0.263	0.28	0.255	<2e-16	2.51591666666667e-07	1	0.308556962025316	0.337217391304348	0.927627906976744	NA	0.121	0.704
Achromobacter_xylosoxidans	0.161382252416757	0.238	0.234706368800604	0.312	0	0	4.52e-05	0.338	0.039	0.00687	0.793	0.00214	9.77180952380952e-05	0.843477477477477	0.068373417721519	0.015991512605042	0.972797619047619	0.00421885714285714	0.122	0.329
Enterococcus_faecium	1.29060224357928	0.492	1.19349168318409	0.572	0.0501713787930516	0.201	<2e-16	0.623	3.08e-14	2.38e-11	0.999	1.99e-08	NA	1	2.735375e-13	2.19753333333333e-10	0.999	1.96157142857143e-07	0.463	0.752
Lactobacillus_delbrueckii	0.180256561724729	0.261	0.14747802616994	0.26	0	0	0.0135	0.81	0.021	0.142	0.99	0.267	0.0163877005347594	1	0.0430888888888889	0.190019323671498	0.999	0.32321052631579	0.061	0.159
Desulfococcus_oleovorans	0.149904487846703	0.212	0.167970644624013	0.248	0.0501713787930516	0.201	0.01	0.921	0.211	0.201	0.432	0.00113	0.0128248587570621	1	0.253017316017316	0.254232876712329	0.927627906976744	0.00238363636363636	0.062	0.291
Akkermansia_muciniphila	1.85962450889462	1.218	1.61482646806439	1.282	0.632661966377829	0.716	6.16e-08	0.6	0.000538	0.0246	0.0564	1.25e-11	2.41089655172414e-07	1	0.001862825	0.0463551020408163	0.78114	4.3125e-10	0.164	0.626
Thermus_thermophilus	0.415421850516233	0.427	1.42919478591984	0.579	0.634825158629702	0.465	3.94e-16	2.81e-14	0.186	5.53e-07	0.0973	0.256	7.11645e-14	7.756e-13	0.228986666666667	3.06362e-06	0.847294117647059	0.311259911894273	0.436	0.479
Dyadobacter_fermentans	0.120536725347518	0.219	0.102964646828832	0.281	0.0351516110313809	0.141	0.0599	0.93	0.342	0.604	0.452	0.00528	0.0644421800947867	1	0.388254098360656	0.638580152671756	0.944694029850746	0.00948077922077922	0.042	0.224
Coriobacterium_glomerans	0.512464022050658	0.489	0.596633729296642	0.525	0.0352537561027599	0.141	5.72e-12	0.685	0.000785	0.000673	0.82	6.65e-07	7.09673684210526e-11	1	0.00268450617283951	0.00194188541666667	0.972797619047619	3.52961538461538e-06	0.262	0.606
Proteus_mirabilis	0.0955679090937324	0.265	0.451945417661125	0.71	0.444804231901472	0.387	0.000149	0.00019	0.00471	0.998	0.679	0.0651	0.00028908547008547	0.00169774193548387	0.0130272277227723	1	0.968115	0.089838	0.126	0.217
Acetobacterium_woodii	0.142675498980405	0.2	0.14228685185775	0.247	0	0	0.00666	1	0.0243	0.0632	0.79	0.0769	0.00884105263157895	1	0.0484251798561151	0.0971770491803279	0.972797619047619	0.104553694581281	0.068	0.193
Clostridium_botulinum	0.419806837785599	0.382	0.485870490715877	0.307	0.0501713787930516	0.201	4.33e-06	0.653	0.000408	0.000336	0.0368	0.0131	1.21346913580247e-05	1	0.00143058227848101	0.00102276923076923	0.752788235294118	0.0216502994011976	0.164	0.399
Veillonella_parvula	0.737944952256567	0.596	0.512042280116105	0.601	0.0514736936843547	0.206	1.84e-05	0.157	4.73e-05	0.0293	0.553	0.000566	4.2189898989899e-05	0.550493670886076	0.000192677941176471	0.0532274509803922	0.961852760736196	0.0013087	0.142	0.41
Prevotella_sp._oral_taxon_299	0.562900502686099	0.536	1.02987286846682	0.903	0.142281641328233	0.438	2.55e-09	0.0016	0.0334	2.94e-05	0.481	1.02e-08	1.48423076923077e-08	0.0123111111111111	0.0604692810457516	0.000105763636363636	0.961852760736196	1.08276923076923e-07	0.183	0.54
Porphyromonas_gingivalis	0.647408350460512	0.422	0.751466193076505	0.58	0.0632168527347005	0.179	7.58e-11	0.514	7.22e-06	5.47e-06	0.522	7.5e-05	7.16941666666667e-10	1	3.27859016393443e-05	2.22822058823529e-05	0.961852760736196	0.000227472527472527	0.261	0.503
Geobacter_lovleyi	0.197546103361588	0.266	0.142125728210795	0.233	0	0	0.000302	0.544	0.00928	0.158	0.401	0.0285	0.000552854838709677	1	0.0223526956521739	0.206443396226415	0.927627906976744	0.0431344262295082	0.116	0.263
Cryptobacterium_curtum	0.185378522524418	0.267	0.176928719294429	0.247	0	0	8.44e-06	0.986	0.0178	0.064	0.859	3.26e-05	2.15267415730337e-05	1	0.0373530303030303	0.0971770491803279	0.972797619047619	0.00011385	0.139	0.445
Tannerella_forsythia	1.30926106976956	0.463	1.01644977276863	0.65	0.164754846754253	0.397	<2e-16	0.019	1.08e-13	6.9e-07	0.427	3.73e-08	NA	0.114413043478261	8.79882352941176e-13	3.67557692307692e-06	0.927627906976744	3.32090322580645e-07	0.476	0.724
Coprococcus_catus	1.95008493122615	0.482	2.064501979326	0.678	0.222995162818216	0.494	<2e-16	0.569	4.11e-15	1.54e-14	0.321	0.00792	NA	1	6.69688235294118e-14	3.878e-13	0.927627906976744	0.0137479245283019	0.571	0.675
Streptococcus_parasanguinis	1.0917061180249	0.761	0.873807771807373	0.804	0.102589836570873	0.41	4.85e-07	0.359	6.57e-06	0.00337	0.667	1.41e-07	1.74753968253968e-06	0.887883928571429	3.03315e-05	0.00826097345132743	0.968115	1.04030769230769e-06	0.156	0.54
Bifidobacterium_adolescentis	0.815714210031214	0.969	0.592717523726793	0.757	0.050066526876103	0.2	1.22e-05	0.466	0.00446	0.125	0.411	1.12e-13	2.94617021276596e-05	1	0.0127362886597938	0.171410891089109	0.927627906976744	3.0912e-11	0.091	0.702
Prevotella_intermedia	0.703958148758823	0.513	1.14239825527755	0.814	0.0667594681662236	0.267	4.79e-13	0.00122	0.000157	3.76e-08	0.882	2.43e-07	6.7958125e-12	0.00965542857142857	0.000595739726027397	2.36709090909091e-07	0.972797619047619	1.4904e-06	0.271	0.571
Tistrella_mobilis	0.103670784621492	0.191	0.183586764900134	0.319	0	0	0.00263	0.191	0.173	0.0187	0.959	0.0205	0.00382698717948718	0.597573033707865	0.216837104072398	0.0369992857142857	0.99740671641791	0.0321477272727273	0.075	0.216
Streptococcus_pasteurianus	0.364966072649476	0.361	0.475223025218914	0.549	0	0	0.000459	0.378	0.00172	0.000386	0.245	0.685	0.000807697674418605	0.90781512605042	0.00547632183908046	0.00114969892473118	0.927627906976744	0.750238095238095	0.112	0.138
Variovorax_paradoxus	0.191810712950737	0.274	0.427522027413537	0.525	0	0	3.92e-08	0.00271	0.0775	0.000148	0.565	5.87e-05	1.67727777777778e-07	0.0183090243902439	0.112685340314136	0.000471218390804598	0.961852760736196	0.00018203595505618	0.186	0.429
Eggerthella_lenta	1.51169327710288	0.635	1.42535716070267	0.766	0.280341123193017	0.452	<2e-16	0.805	1.56e-10	2.12e-07	0.0205	8.33e-08	NA	1	1.02885714285714e-09	1.22341666666667e-06	0.752788235294118	6.38633333333333e-07	0.363	0.677
Streptococcus_sp._I.G2	0.347625010769384	0.435	0.303605778629165	0.44	0.0501713787930516	0.201	0.0293	0.875	0.0247	0.133	0.384	8.55e-05	0.032764039408867	1	0.0488707142857143	0.18148275862069	0.927627906976744	0.000251042553191489	0.045	0.389
Heliobacterium_modesticaldum	0.25744252103366	0.311	0.289573597746986	0.378	0	0	5.46e-07	0.878	0.00672	0.00915	0.352	7.04e-05	1.93659375e-06	1	0.0170774311926606	0.0201154761904762	0.927627906976744	0.000215893333333333	0.176	0.42
Streptococcus_gordonii	0.276676643128731	0.391	0.384816744740073	0.495	0.0853229898244325	0.237	0.035	0.421	0.184	0.0486	0.819	0.0112	0.0383816425120773	0.955877049180328	0.227535714285714	0.0801321428571428	0.972797619047619	0.0189644171779141	0.04	0.244
.Ruminococcus._torques	2.37416728973629	0.446	2.37112514494189	0.745	0.396063936108425	0.708	<2e-16	1	1.67e-15	1.03e-14	0.199	0.000148	NA	1	4.02715384615385e-14	3.878e-13	0.927627906976744	0.000416816326530612	0.616	0.734
Rickettsia_africae	0.158051044602177	0.21	0.177242375191574	0.245	0.308241930669063	0.429	0.00288	0.932	0.0704	0.221	0.769	0.0231	0.00416407643312102	1	0.105438709677419	0.275752252252252	0.972797619047619	0.0358179775280899	0.079	0.252
Desulfurivibrio_alkaliphilus	0.20688905165119	0.282	0.0914182689829899	0.203	0	0	5.43e-06	0.0867	0.00797	0.483	0.611	0.000493	1.48507228915663e-05	0.363877272727273	0.0195370796460177	0.52262109375	0.968115	0.0011531186440678	0.161	0.403
Mycoplasma_hyopneumoniae	0.869986675730541	0.423	1.11931523874786	0.5	1.69695994316424	0.219	<2e-16	0.0186	8.62e-11	7.91e-05	0.84	3.8e-05	NA	0.114413043478261	5.82375609756098e-10	0.000263984337349398	0.972797619047619	0.000124857142857143	0.464	0.67
Faecalitalea_cylindroides	1.62936683184319	0.457	1.55081903799914	0.615	0.314458178277715	0.456	<2e-16	0.736	2.81e-14	1.13e-12	0.241	5.08e-05	NA	1	2.735375e-13	1.20388461538462e-11	0.927627906976744	0.000159954545454545	0.505	0.694
Streptococcus_salivarius	1.23771059472898	0.836	1.01142154800521	0.832	0.149949842905515	0.44	1.04e-05	0.39	4.67e-06	0.00238	0.577	3.49e-05	2.62311111111111e-05	0.90781512605042	2.26945614035088e-05	0.00599327272727273	0.963694610778443	0.000118814634146341	0.132	0.468
Desulfovibrio_gigas	0.406989062456153	0.346	0.340643069951311	0.415	0	0	3.71e-09	0.64	6.47e-05	0.00542	0.871	0.00144	2.00516666666667e-08	1	0.00025973768115942	0.0128319658119658	0.972797619047619	0.00292235294117647	0.244	0.449
Propionibacterium_freudenreichii	0.250009189783184	0.412	0.117159803317124	0.236	0	0	0.000936	0.202	0.0302	0.556	0.719	0.00366	0.00152857553956835	0.614879120879121	0.0569074829931973	0.59008429118774	0.972797619047619	0.0067344	0.092	0.381
Treponema_primitia	0.149595038977617	0.194	0.219456265054281	0.263	0	0	0.00177	0.236	0.0171	0.00179	0.668	0.444	0.00277096551724138	0.679649484536082	0.0368623076923077	0.00463392523364486	0.968115	0.50848132780083	0.087	0.132
Bifidobacterium_thermophilum	0.292160223510365	0.372	0.326179314246441	0.388	0.0501713787930516	0.201	1.1e-05	0.899	0.038	0.0429	0.671	0.000241	2.71413043478261e-05	1	0.0670445859872612	0.0729036809815951	0.968115	0.000621644859813084	0.141	0.399
Geobacter_sp._M18	0.169913700368971	0.278	0.263615373232438	0.386	0	0	1.52e-05	0.285	0.0769	0.0114	0.492	0.000162	3.59416666666667e-05	0.766456310679612	0.112685340314136	0.0241053435114504	0.961852760736196	0.000451636363636364	0.132	0.37
Geobacillus_sp._C56.T3	0.117797445377604	0.243	0.824719860076005	0.494	0.190832995869242	0.349	<2e-16	2.63e-14	0.668	6.86e-09	0.103	0.507	NA	7.756e-13	0.714424710424711	4.75055e-08	0.847294117647059	0.568829268292683	0.445	0.468
Aeromonas_hydrophila	0.0959794791403941	0.192	0.167169349524859	0.238	0	0	0.00183	0.198	0.156	0.0172	0.551	0.0314	0.00284527397260274	0.6094	0.198220183486239	0.0342762589928058	0.961852760736196	0.0468454054054054	0.081	0.228
Desulfovibrio_vulgaris	0.622035302562464	0.428	0.558669173963173	0.542	0.0501713787930516	0.201	<2e-16	0.776	9.09e-06	0.000839	0.659	8.28e-12	NA	1	3.99671428571429e-05	0.00234750505050505	0.968115	3.77725714285714e-10	0.347	0.708
Ralstonia_solanacearum	0.156226147956785	0.233	0.198333243233696	0.29	0	0	9.95e-05	0.678	0.0379	0.0208	0.945	0.000212	0.000196404347826087	1	0.0670445859872612	0.0402909090909091	0.99740671641791	0.000552	0.11	0.377
Enterococcus_faecalis	0.620025783173332	0.383	0.549494407753339	0.513	0	0	1.18e-11	0.678	9.02e-08	4.68e-05	0.287	0.000693	1.3393e-10	1	5.31604255319149e-07	0.000162045	0.927627906976744	0.001518	0.3	0.516
Candidatus_Carsonella_ruddii	0.342741539700003	0.294	0.714323743930452	0.407	1.14846799886787	0.432	4.38e-15	2.5e-06	3.76e-14	0.000193	0.797	0.331	1.72844285714286e-13	3.14772727272727e-05	3.15612121212121e-13	0.000607511363636364	0.972797619047619	0.392085836909871	0.416	0.46
Clavibacter_michiganensis	0.133201582192124	0.223	0.0323325898224186	0.119	0	0	8.72e-05	0.0432	0.0319	0.856	0.333	0.0294	0.000175171681415929	0.217570909090909	0.059278	0.878192592592593	0.927627906976744	0.0441	0.137	0.28
Allochromatium_vinosum	0.123131049895068	0.186	0.128729990051295	0.263	0	0	0.0105	0.99	0.0525	0.0912	0.794	0.29	0.0133904494382022	1	0.0855441176470588	0.130218556701031	0.972797619047619	0.346493506493506	0.064	0.146
Geobacillus_sp._Y4.1MC1	0.0877444818954576	0.198	0.465249812275772	0.464	0	0	8.94e-10	8.69e-10	0.423	1.87e-07	0.0317	0.75	6.14963636363636e-09	1.50445625e-08	0.47630487804878	1.10210638297872e-06	0.752788235294118	0.81496062992126	0.287	0.302
Butyrivibrio_fibrisolvens	0.524867366670885	0.373	0.676097163024991	0.481	0.0501713787930516	0.201	4.46e-06	0.16	2.85e-05	2e-06	0.67	1	1.23465853658537e-05	0.554	0.000119613636363636	9.38983050847458e-06	0.968115	1	0.167	0.167
Cellulosilyticum_lentocellum	0.368180889336317	0.325	0.449513083433501	0.455	0	0	2.61e-08	0.495	0.000226	0.000103	0.0462	0.00142	1.18494e-07	1	0.000813012987012987	0.000331755813953488	0.752788235294118	0.00290311111111111	0.221	0.421
.Clostridium._sticklandii	0.243446768130714	0.265	0.23241006658134	0.292	0	0	0.0022	0.977	0.0014	0.0109	0.0321	0.859	0.00335167785234899	1	0.00456235294117647	0.0232253846153846	0.752788235294118	0.898045454545454	0.112	0.124
Bacillus_coagulans	0.146367652805323	0.216	0.180059005688323	0.245	0	0	0.017	0.737	0.0298	0.0199	0.986	0.786	0.0197897435897436	1	0.0565383561643836	0.038819014084507	0.999	0.844108949416342	0.056	0.076
Lachnoclostridium_phytofermentans	0.542680759779025	0.357	0.565254339739597	0.493	0	0	3.99e-08	0.956	7.09e-07	8.96e-06	0.996	0.1	1.67727777777778e-07	1	3.77678846153846e-06	3.5456e-05	0.999	0.131428571428571	0.221	0.32
Dickeya_dadantii	0.174443490053439	0.246	0.212632685890324	0.324	0.295135010301852	0.356	0.528	0.796	0.241	0.609	0.811	0.383	0.535071428571429	1	0.286510729613734	0.64141825095057	0.972797619047619	0.447915254237288	0.01	0.068
Runella_slithyformis	0.168757020622666	0.225	0.0949618021191193	0.224	0	0	0.000275	0.241	0.0106	0.332	0.69	0.0359	0.000511680327868852	0.68119387755102	0.0250957264957265	0.384786610878661	0.968115	0.0532709677419355	0.115	0.278
.Eubacterium._siraeum	2.11505331907824	0.77	2.11042753952881	0.932	0.546309127567283	0.63	<2e-16	1	4.89e-11	1.14e-08	0.755	8.07e-08	NA	1	3.56455263157895e-10	7.51857142857143e-08	0.972797619047619	6.36377142857143e-07	0.395	0.691
Pusillimonas_sp._T7.7	0.14322008097268	0.228	0.152919520523518	0.334	0	0	0.000167	0.981	0.0746	0.111	0.628	2.95e-05	0.000321262711864407	1	0.110503743315508	0.154507537688442	0.968115	0.000104384615384615	0.107	0.37
Escherichia_coli	1.63837949142201	1.009	2.67569940151993	1.125	1.56399873245408	0.579	3.16e-08	9.33e-06	0.959	0.00148	0.163	2.68e-10	1.40650980392157e-07	9.94003846153846e-05	0.976095238095238	0.00398019417475728	0.921448979591837	5.28342857142857e-09	0.134	0.61
Streptococcus_agalactiae	0.105394639880762	0.21	0.561380475787236	0.679	0.0594991026761032	0.238	4.79e-08	5.37e-08	0.882	4.3e-05	0.983	0.0213	1.94166071428571e-07	7.43745e-07	0.908230483271376	0.000150772151898734	0.999	0.0332135593220339	0.211	0.326
Erwinia_billingiae	0.255935651467191	0.269	0.19279347564962	0.308	0	0	0.000813	0.501	0.00119	0.0531	0.335	0.466	0.00134708759124088	1	0.00392416666666667	0.0853416184971098	0.927627906976744	0.527114754098361	0.105	0.163
Thermaerobacter_marianensis	0.231390498979977	0.272	0.246673171012921	0.368	0	0	2.21e-06	0.965	0.00718	0.0153	0.457	0.00114	6.35025316455696e-06	1	0.0180673873873874	0.0309350364963504	0.944694029850746	0.00238363636363636	0.165	0.382
Desulfotomaculum_ruminis	0.0964414130576182	0.18	0.194656358932341	0.272	0	0	0.00249	0.0492	0.156	0.00458	0.962	0.314	0.00368506493506494	0.239094736842105	0.198220183486239	0.0110318260869565	0.99740671641791	0.373551724137931	0.08	0.141
Acinetobacter_baumannii	0.450930708982728	0.484	1.43496398905627	0.676	0.471673265258951	0.416	1.98e-13	3.47e-14	0.988	4.83e-08	0.0173	0.443	3.32392857142857e-12	7.94776923076923e-13	0.991579710144928	2.97313333333333e-07	0.752788235294118	0.50848132780083	0.379	0.415
Odoribacter_splanchnicus	2.56979751290421	0.524	2.32173097590398	0.83	0.508192548587097	0.636	<2e-16	0.141	2.33e-15	3.16e-14	0.455	3.3e-05	NA	0.513907894736842	4.61007142857143e-14	4.41815e-13	0.944694029850746	0.00011385	0.602	0.743
Faecalibacterium_prausnitzii	3.13404856569183	0.617	3.18048679779973	0.737	1.17842009056265	0.704	<2e-16	0.941	1.68e-14	3.08e-14	0.958	0.000569	NA	1	2.11527272727273e-13	4.41815e-13	0.99740671641791	0.0013087	0.555	0.71
Streptococcus_equi	0.0989148665765	0.185	0.421895859113748	0.472	0.0917479272171624	0.258	7.82e-07	2.63e-07	0.995	0.000371	0.0126	0.822	2.53591428571429e-06	3.46909523809524e-06	0.995	0.00111703260869565	0.752788235294118	0.869241379310345	0.217	0.227
Mycobacterium_tuberculosis	0.182499468588574	0.206	0.112242861251668	0.222	0.339320375676946	0.432	0.0139	0.369	0.0468	0.00939	0.218	1	0.0165198952879581	0.899035087719298	0.0800222222222222	0.020320546875	0.927627906976744	1	0.069	0.069
Desulfatibacillum_alkenivorans	0.169697057902727	0.264	0.121306155664675	0.23	0.0501713787930516	0.201	1.64e-05	0.645	0.189	0.643	0.824	1.18e-05	3.8379381443299e-05	1	0.230629955947137	0.672116981132076	0.972797619047619	4.58704225352113e-05	0.139	0.442
Thiobacillus_denitrificans	0.135482032833448	0.233	0.136866264581292	0.295	0	0	0.0115	1	0.0827	0.151	0.143	0.00655	0.0144226519337017	1	0.116877040816327	0.200129186602871	0.921448979591837	0.0115146496815287	0.07	0.247
Paenibacillus_terrae	0.150766130974665	0.212	0.113565356630601	0.211	0	0	0.0144	0.662	0.0165	0.171	0.586	0.569	0.017025	1	0.0368588709677419	0.222380281690141	0.966202380952381	0.630698795180723	0.062	0.101
Bacillus_cereus	0.169181324404792	0.371	0.706025798257358	0.871	0.0853229898244325	0.237	1.59e-08	4.13e-06	0.806	0.000318	0.103	2.87e-05	8.20295454545455e-08	4.76670833333333e-05	0.836187265917603	0.000978733333333333	0.847294117647059	0.000102872727272727	0.199	0.438
Prevotella_dentalis	1.04565231074456	0.596	1.18203412005716	0.801	0.212728710959652	0.5	<2e-16	0.575	8.67e-06	8.57e-06	0.551	2.63e-12	NA	1	3.87353225806452e-05	3.44042028985507e-05	0.961852760736196	2.4196e-10	0.314	0.72
Thioflavicoccus_mobilis	0.203747261278219	0.271	0.0964671443563594	0.21	0	0	3.98e-10	0.103	0.00651	0.418	0.0893	3.91e-05	3.11537931034483e-09	0.413492753623188	0.0166969444444444	0.465004016064257	0.847294117647059	0.00012696	0.266	0.556
Fusobacterium_nucleatum	0.137588451180347	0.31	0.321471920405318	0.53	0.0442495621236677	0.177	0.0777	0.0424	0.589	0.0353	0.194	0.00062	0.0828070422535211	0.217496296296296	0.642334645669291	0.0620620253164557	0.927627906976744	0.00139121951219512	0.038	0.287
Singulisphaera_acidiphila	0.105489917594514	0.187	0.122713058944572	0.304	0	0	0.00532	0.919	0.14	0.14	0.155	0.0445	0.00718833333333333	1	0.182065727699531	0.189170731707317	0.921448979591837	0.0636373056994819	0.081	0.216
Olsenella_uli	0.619447772102993	0.436	0.699078417144397	0.547	0.0501713787930516	0.201	5.33e-15	0.679	1.36e-05	2.04e-05	0.683	1.59e-07	1.72844285714286e-13	1	5.88625e-05	7.43526315789474e-05	0.968115	1.07034146341463e-06	0.326	0.641
Vibrio_nigripulchritudo	0.120029076543961	0.196	0.10217199822621	0.218	0.0501713787930516	0.201	0.134	0.91	0.404	0.689	0.743	0.0029	0.142140186915888	1	0.456767346938776	0.717492481203007	0.972797619047619	0.00540810810810811	0.027	0.269
Geobacillus_sp._WCH70	0.2861679485053	0.364	1.19666207878852	0.528	0.363476891200418	0.449	<2e-16	2.41e-14	0.754	1.96e-09	0.00639	0.851	NA	7.756e-13	0.791128787878788	1.50811111111111e-08	0.713736666666667	0.895163498098859	0.463	0.47
Pelotomaculum_thermopropionicum	0.120247737721036	0.229	0.143166665172697	0.229	0	0	0.0128	0.874	0.101	0.0908	0.18	0.112	0.0157059459459459	1	0.137817733990148	0.130218556701031	0.927627906976744	0.145811320754717	0.07	0.175
Desulfovibrio_aespoeensis	0.186332506079603	0.273	0.16299332197179	0.279	0.050066526876103	0.2	0.00223	0.913	0.146	0.373	0.594	0.00884	0.00337473333333333	1	0.188981308411215	0.42000406504065	0.967870588235294	0.015249	0.086	0.264
Geobacillus_thermodenitrificans	0.398911006869235	0.427	1.34140338936681	0.521	0.450622729430183	0.489	4.9e-15	3.06e-14	0.905	1.06e-08	0.0967	1	1.72844285714286e-13	7.756e-13	0.928462962962963	7.16146341463415e-08	0.847294117647059	1	0.413	0.413
Symbiobacterium_thermophilum	0.258318758877651	0.31	0.280184181831156	0.334	0	0	2.2e-08	0.938	0.00475	0.00924	0.975	2.74e-05	1.03308163265306e-07	1	0.0130272277227723	0.0201533858267717	0.999	9.95052631578947e-05	0.205	0.484
Aeromonas_salmonicida	0.216493474223328	0.233	0.227813585245495	0.367	0	0	0.00168	0.976	0.00516	0.0129	0.214	0.181	0.0026856338028169	1	0.0137434615384615	0.0268669172932331	0.927627906976744	0.228109589041096	0.096	0.176
Streptococcus_constellatus	0.107747025455041	0.247	0.528464873453267	0.576	0	0	3.97e-08	4.72e-08	0.442	2.58e-06	0.448	0.148	1.67727777777778e-07	6.88126315789474e-07	0.493685483870968	1.1715737704918e-05	0.944694029850746	0.189111111111111	0.22	0.294
Bifidobacterium_bifidum	0.901760478357281	0.528	0.907743758172353	0.573	0.0501713787930516	0.201	2.76e-14	0.998	2.12e-08	1.1e-06	0.104	7.11e-09	6.96133333333333e-13	1	1.30497777777778e-07	5.54e-06	0.847294117647059	7.84944e-08	0.299	0.661
Clostridium_sp._SY8519	1.0767715978056	0.387	1.03052004263337	0.563	0.0501713787930516	0.201	<2e-16	0.859	3.16e-14	1.19e-11	0.145	0.00179	NA	1	2.735375e-13	1.13665517241379e-10	0.921448979591837	0.00358	0.468	0.624
Lactobacillus_kefiranofaciens	0.106417304646097	0.197	0.222070685530701	0.371	0	0	9e-04	0.056	0.21	0.00778	0.896	0.0149	0.0014804347826087	0.258533333333333	0.252913043478261	0.0173795161290323	0.98099604743083	0.0243337278106509	0.086	0.245
Lawsonia_intracellularis	0.446811855387233	0.306	0.785913919094168	0.405	1.2391075712558	0.178	3.95e-13	5.65e-06	3.08e-14	3.57e-05	0.772	0.0028	5.97766666666667e-12	6.2602e-05	2.735375e-13	0.000126780769230769	0.972797619047619	0.00532965517241379	0.362	0.504
Pelobacter_propionicus	0.206553428388243	0.281	0.2605894261484	0.328	0	0	7.54e-07	0.633	0.0173	0.00877	0.983	0.000202	2.48055072463768e-06	1	0.0368623076923077	0.01943432	0.999	0.000530971428571429	0.168	0.43
Porphyromonas_asaccharolytica	0.492833155959719	0.385	1.62841378313179	1.004	0.308814567316482	0.487	<2e-16	3.08e-14	0.458	4.07e-11	0.965	0.000188	NA	7.756e-13	0.509502008032129	3.63674193548387e-10	0.99740671641791	0.000498923076923077	0.409	0.553
Slackia_heliotrinireducens	0.533588017180163	0.449	0.477444567821255	0.465	0.0514736936843547	0.206	2.21e-11	0.818	0.000188	0.00596	0.718	8.05e-07	2.28031818181818e-10	1	0.000694346666666667	0.0139908474576271	0.972797619047619	4.03963636363636e-06	0.268	0.58
Enterobacter_aerogenes	0.211348803043526	0.435	0.266691760750178	0.394	0.0501713787930516	0.201	0.00384	0.803	0.313	0.214	0.422	1.61e-05	0.005448	1	0.359755186721992	0.268226244343891	0.927627906976744	6.17166666666667e-05	0.064	0.401
Desulfovibrio_magneticus	0.269327376531192	0.31	0.27537611636983	0.366	0	0	2.14e-08	0.995	0.00399	0.0133	0.961	1.39e-06	1.03308163265306e-07	1	0.0117577659574468	0.0272896296296296	0.99740671641791	6.394e-06	0.198	0.514
Geobacter_uraniireducens	0.115596095792905	0.188	0.122073333610363	0.237	0.0514736936843547	0.206	0.232	0.988	0.463	0.501	0.501	0.284	0.239381818181818	1	0.513004	0.537895348837209	0.961852760736196	0.342288209606987	0.023	0.095
Roseburia_intestinalis	2.4814398669216	0.612	2.28479277644841	0.638	0.434696946035229	0.594	<2e-16	0.298	3e-15	2.94e-14	0.379	0.0406	NA	0.793711538461538	5.54e-14	4.41815e-13	0.927627906976744	0.0591221052631579	0.551	0.643
Desulfarculus_baarsii	0.224088197510459	0.286	0.182744321639796	0.333	0.168826088002821	0.309	0.00469	0.794	0.771	0.988	0.303	1.6e-06	0.00641343373493976	1	0.80591320754717	0.998817518248175	0.927627906976744	7.09714285714286e-06	0.073	0.392
Treponema_succinifaciens	0.59536421037015	0.38	0.6071930012693	0.449	0	0	2.89e-15	0.988	8.25e-08	2.43e-06	0.651	3.39e-08	1.640075e-13	1	4.9679347826087e-07	1.12185e-05	0.968115	3.1188e-07	0.314	0.664
Paenibacillus_sp._Y412MC10	0.119091074504721	0.199	0.165578880312268	0.282	0	0	0.0124	0.55	0.0882	0.0323	0.39	0.188	0.0153814207650273	1	0.122770854271357	0.0577232258064516	0.927627906976744	0.23372972972973	0.063	0.144
Burkholderia_mallei	0.110083199100836	0.17	0.199988187078788	0.342	0.0473600063346425	0.189	0.0381	0.128	0.526	0.0642	0.0998	0.465	0.0415802884615385	0.492444444444444	0.580486055776892	0.0971770491803279	0.847294117647059	0.527114754098361	0.061	0.105
Desulfotomaculum_kuznetsovii	0.234921308713845	0.262	0.209992529612774	0.314	0	0	3.6e-09	0.895	0.00294	0.0294	0.996	2.04e-06	1.99317073170732e-08	1	0.00904866666666667	0.0532274509803922	0.999	8.7975e-06	0.218	0.539
Caldanaerobacter_subterraneus	0.1460357285681	0.244	0.287956439524727	0.331	0.859286840650259	0.389	1.05e-13	0.0492	2.94e-14	3.41e-09	0.0711	0.469	1.98625e-12	0.239094736842105	2.735375e-13	2.42197435897436e-08	0.8206125	0.528342857142857	0.386	0.416
.Clostridium._clariflavum	0.153843121422138	0.236	0.132451069731288	0.256	0	0	0.0136	0.9	0.0356	0.156	0.787	0.131	0.0164212765957447	1	0.0640337662337662	0.204796208530806	0.972797619047619	0.168953271028037	0.06	0.183
Oceanimonas_sp._GK1	0.117699629920314	0.223	0.239833395076877	0.373	0	0	0.000114	0.0599	0.188	0.00707	0.537	0.0042	0.000223086206896552	0.267617741935484	0.230424778761062	0.016230826446281	0.961852760736196	0.00767682119205298	0.11	0.299
Streptococcus_intermedius	0.125128478966103	0.235	0.586553295353433	0.563	0.050066526876103	0.2	2.23e-09	1.29e-09	0.661	1.12e-06	0.0802	0.425	1.33213157894737e-08	2.10194117647059e-08	0.709678294573643	5.54e-06	0.847294117647059	0.492857142857143	0.269	0.305
Geobacter_metallireducens	0.141302046928011	0.226	0.0880930456689948	0.187	0	0	0.00245	0.455	0.033	0.366	0.854	0.08	0.00368311258278146	1	0.0604692810457516	0.413804081632653	0.972797619047619	0.108235294117647	0.086	0.2
Oscillibacter_valericigenes	1.42895352387945	0.461	1.47011978934954	0.671	0.155727281383381	0.343	<2e-16	0.922	2.99e-14	1.7e-13	0.353	3.09e-10	NA	1	2.735375e-13	2.04739130434783e-12	0.927627906976744	5.33025e-09	0.556	0.793
Bifidobacterium_breve	0.537607306345739	0.513	0.7642616432801	0.917	0.103841938436426	0.224	1.43e-06	0.18	0.0208	0.00156	0.923	5.82e-07	4.32813333333333e-06	0.582988372093023	0.0429970149253731	0.004155	0.99740671641791	3.14964705882353e-06	0.144	0.438
Bacteroides_fragilis	3.20074088098199	0.498	3.01683249330939	0.505	0.847876327386512	0.617	<2e-16	0.222	1.67e-15	1.67e-15	0.923	2.36e-08	NA	0.654191489361702	4.02715384615385e-14	1.94823333333333e-13	0.99740671641791	2.24606896551724e-07	0.691	0.846
Bifidobacterium_asteroides	0.164119464353542	0.258	0.136115910935519	0.258	0	0	0.000742	0.854	0.0366	0.181	0.497	0.0115	0.00123848529411765	1	0.0654077419354839	0.232115740740741	0.961852760736196	0.0193536585365854	0.099	0.305
Pseudomonas_aeruginosa	0.327479056756166	0.34	0.527469478657685	0.408	0.394864330182421	0.468	0.146	0.0318	0.774	0.483	0.0633	0.0142	0.153435185185185	0.172717647058824	0.806007518796993	0.52262109375	0.800891304347826	0.0233285714285714	0.045	0.199
Coprococcus_sp._ART55.1	1.5302064977785	0.656	1.42662745542815	0.732	0.0905747575779299	0.277	<2e-16	0.734	2.92e-13	2.23e-09	0.699	8.01e-08	NA	1	2.31097142857143e-12	1.66948648648649e-08	0.968115	6.36377142857143e-07	0.377	0.728
Bifidobacterium_longum	1.4658937693854	0.779	1.24054241712829	0.681	0.110529490905171	0.244	8.1e-15	0.315	3.73e-10	5.35e-06	0.283	2.09e-07	2.298375e-13	0.820644859813084	2.40281395348837e-09	2.21186567164179e-05	0.927627906976744	1.37342857142857e-06	0.333	0.646
Megasphaera_elsdenii	0.470935845767439	0.558	0.526695482810705	0.661	0.0667594681662236	0.267	2.15e-08	0.887	0.0218	0.0255	0.415	2.43e-09	1.03308163265306e-07	1	0.0444014705882353	0.0477263513513514	0.927627906976744	3.19371428571429e-08	0.174	0.573
Deinococcus_proteolyticus	0.123055018229728	0.176	0.122738820159367	0.234	0	0	0.00171	1	0.0321	0.0779	0.157	0.00242	0.002695625	1	0.059278	0.114778191489362	0.921448979591837	0.00467076923076923	0.091	0.313
Lactobacillus_ruminis	0.341079296663691	0.428	0.357665141488623	0.406	0.123355784352005	0.338	0.000324	0.981	0.13	0.173	0.237	0.000167	0.000588384	1	0.172296650717703	0.223929906542056	0.927627906976744	0.000456356435643564	0.107	0.38
Emticicia_oligotrophica	0.159237422803652	0.259	0.102126554107225	0.207	0.0632716296419076	0.174	0.0272	0.515	0.309	0.866	0.417	0.0107	0.030718407960199	1	0.3566375	0.885173431734317	0.927627906976744	0.0183428571428571	0.055	0.239
Alkaliphilus_oremlandii	0.150891462134357	0.221	0.161584140654325	0.259	0.050066526876103	0.2	0.138	0.973	0.226	0.26	0.179	0.286	0.145702325581395	1	0.269836206896552	0.314497816593886	0.927627906976744	0.3432	0.038	0.117
Unclassified	3.66108170446728	0.214	3.68482054210105	0.332	2.47150088384296	0.229	<2e-16	0.892	1.67e-15	1.67e-15	0.885	2.4e-07	NA	1	4.02715384615385e-14	1.94823333333333e-13	0.972797619047619	1.4904e-06	0.762	0.875
Citrobacter_rodentium	0.147689554050748	0.243	0.246345871972638	0.375	0.0867351011592335	0.24	0.0495	0.216	0.688	0.155	0.697	0.0407	0.0537631578947368	0.650347826086957	0.732984615384615	0.204452380952381	0.968115	0.0591221052631579	0.039	0.171
Haliangium_ochraceum	0.172332634311126	0.296	0.209852983537448	0.317	0.050066526876103	0.2	1.63e-06	0.82	0.27	0.192	0.563	1.47e-07	4.80532467532468e-06	1	0.314243697478992	0.243963302752294	0.961852760736196	1.04030769230769e-06	0.151	0.502
Selenomonas_ruminantium	0.309664608066588	0.3	0.438021530678299	0.426	0	0	1.61e-10	0.139	0.00102	5.07e-05	0.265	3.83e-07	1.37040740740741e-09	0.513907894736842	0.00344560975609756	0.000173381481481481	0.927627906976744	2.11416e-06	0.223	0.56
Myxococcus_stipitatus	0.12004152129339	0.219	0.109208233211698	0.199	0	0	5.69e-05	0.966	0.0757	0.203	0.351	0.000428	0.000118498165137615	1	0.11153670212766	0.255595454545455	0.927627906976744	0.00100964102564103	0.129	0.383
Alicyclobacillus_acidocaldarius	0.137260313637083	0.213	0.268878684227711	0.326	0	0	3.11e-05	0.022	0.0705	0.00076	0.281	0.00219	6.92127450980392e-05	0.126958333333333	0.105438709677419	0.00217030927835052	0.927627906976744	0.00425661971830986	0.128	0.312
Prosthecochloris_aestuarii	0.207999395960985	0.297	0.122873389927961	0.295	0	0	1.25e-06	0.334	0.0181	0.344	0.181	3.17e-07	3.94097222222222e-06	0.841072727272727	0.037696992481203	0.397033333333333	0.927627906976744	1.82275e-06	0.167	0.503
Histophilus_somni	0.307493167085305	0.309	0.526434556230399	0.404	0.379467094933615	0.415	0.0343	0.00868	0.712	0.354	0.101	0.354	0.0377966019417476	0.0559153488372093	0.752763358778626	0.406879668049792	0.847294117647059	0.41576170212766	0.062	0.133
Granulicella_tundricola	0.156458099287497	0.262	0.205062930982824	0.391	0	0	2.94e-05	0.695	0.0976	0.0531	0.704	4.09e-08	6.60772277227723e-05	1	0.133837623762376	0.0853416184971098	0.970189054726368	3.527625e-07	0.112	0.46
Streptococcus_sanguinis	0.259306022422213	0.343	0.250991996282623	0.409	0	0	0.0107	0.993	0.0145	0.0512	0.408	0.0276	0.0135692737430168	1	0.0337521008403361	0.0834258823529412	0.927627906976744	0.0420861878453039	0.064	0.222
Desulfomicrobium_baculatum	0.180062418313784	0.268	0.22581947010834	0.263	0.0501713787930516	0.201	0.000449	0.69	0.156	0.0826	0.154	1.99e-05	0.0007962734375	1	0.198220183486239	0.119791623036649	0.921448979591837	7.52383561643836e-05	0.1	0.373
Geobacillus_sp._JF8	0.373922201548103	0.403	1.33565739337129	0.547	0.647627438806055	0.449	6.27e-16	2.76e-14	0.0556	4.53e-06	0.114	0.853	7.11645e-14	7.756e-13	0.0890242774566474	1.90122727272727e-05	0.902228571428571	0.895163498098859	0.433	0.441
Ferrimonas_balearica	0.160372466365425	0.237	0.213146595833419	0.297	0.0319317746779573	0.128	0.00261	0.565	0.123	0.047	0.733	0.00288	0.00382238709677419	1	0.163802884615385	0.0779580838323353	0.972797619047619	0.00540734693877551	0.075	0.271
Mobiluncus_curtisii	0.372328299808802	0.291	0.868933938077047	0.866	0	0	4.26e-10	2.95e-06	0.00766	2.67e-08	0.635	0.0286	3.2234e-09	3.55282608695652e-05	0.0189448214285714	1.71997674418605e-07	0.968115	0.0431344262295082	0.259	0.37
Desulfurispirillum_indicum	0.101668369992943	0.201	0.230455378442459	0.288	0	0	5.95e-06	0.0127	0.171	0.00168	0.0534	0.000616	1.57052325581395e-05	0.0799522727272727	0.215304545454545	0.00439018867924528	0.78114	0.00139121951219512	0.153	0.359
Alistipes_shahii	2.95269772624936	0.523	2.4255899942406	0.749	0.544418510124327	0.584	<2e-16	0.000122	1.67e-15	2.65e-14	0.531	3.05e-09	NA	0.00116531034482759	4.02715384615385e-14	4.41815e-13	0.961852760736196	3.82636363636364e-08	0.703	0.861
Dehalococcoides_mccartyi	0.187083817495215	0.275	0.270642235555227	0.426	0	0	0.00205	0.39	0.0541	0.0118	0.421	0.000413	0.00314425675675676	0.90781512605042	0.0871261627906977	0.0247621212121212	0.927627906976744	0.000982655172413793	0.075	0.315
Polaribacter_sp._MED152	0.153132446304074	0.246	0.187053588387017	0.287	0	0	7.47e-05	0.79	0.0523	0.039	0.407	0.00061	0.000152764864864865	1	0.0855441176470588	0.06751875	0.927627906976744	0.00139121951219512	0.119	0.356
Thioalkalivibrio_sulfidiphilus	0.135690060170719	0.209	0.182760803146903	0.326	0	0	0.00249	0.596	0.0708	0.0296	0.858	0.0184	0.00368506493506494	1	0.105438709677419	0.0532415584415584	0.972797619047619	0.0291862068965517	0.078	0.23
Thermobacillus_composti	0.210146029627428	0.279	0.192756986959304	0.296	0	0	1.42e-06	0.951	0.0116	0.0595	0.406	5.1e-05	4.32813333333333e-06	1	0.0272305084745763	0.0931158192090395	0.927627906976744	0.000159954545454545	0.168	0.434
Clostridium_cellulovorans	0.173122870767049	0.254	0.0977481536237375	0.198	0	0	0.0139	0.276	0.0157	0.364	0.244	0.548	0.0165198952879581	0.749529411764706	0.0356467213114754	0.413804081632653	0.927627906976744	0.609870967741935	0.069	0.118
Azospira_oryzae	0.128575579327633	0.207	0.12660931707149	0.225	0	0	0.00948	0.999	0.0481	0.111	0.608	0.0574	0.0122270454545455	1	0.0812420731707317	0.154507537688442	0.968115	0.0800121212121212	0.065	0.218
Rothia_mucilaginosa	0.348357746953128	0.465	0.347768930512832	0.589	0	0	0.000466	1	0.0177	0.0495	0.298	2.21e-05	0.000813707692307692	1	0.0373530303030303	0.0811331360946746	0.927627906976744	8.2427027027027e-05	0.097	0.38
Flavobacterium_psychrophilum	0.0782652026337631	0.192	0.585443801207039	0.513	1.61209956122329	0.16	<2e-16	1.58e-13	1.67e-15	8.55e-15	0.261	0.188	NA	3.12614285714286e-12	4.02715384615385e-14	3.878e-13	0.927627906976744	0.23372972972973	0.753	0.773
Prevotella_ruminicola	0.699735376101202	0.62	0.897230006996365	0.779	0.12839901703564	0.514	2.76e-10	0.329	0.00369	0.00063	0.464	7.14e-12	2.23757142857143e-09	0.83608256880734	0.0109906451612903	0.00183694736842105	0.952059259259259	3.77725714285714e-10	0.188	0.64
Ruminococcus_albus	0.719892775034457	0.478	0.535204658092439	0.615	0	0	3.03e-11	0.179	4.79e-07	0.00163	0.55	1.19e-06	2.99047826086957e-10	0.582988372093023	2.70781632653061e-06	0.00430009523809524	0.961852760736196	5.66275862068966e-06	0.268	0.597
Catenulispora_acidiphila	0.116723478267962	0.214	0.152939848369344	0.311	0	0	0.0174	0.733	0.136	0.0803	0.372	0.179	0.0201520408163265	1	0.177698113207547	0.11768835978836	0.927627906976744	0.226623853211009	0.06	0.157
Streptococcus_sp._I.P16	0.314843175115472	0.46	0.212467277888745	0.377	0	0	0.0295	0.492	0.0168	0.243	0.496	7.98e-07	0.0328259803921569	1	0.0368623076923077	0.29652422907489	0.961852760736196	4.03963636363636e-06	0.04	0.475
Atopobium_parvulum	0.267421017592381	0.279	0.328541945050741	0.465	0	0	2e-04	0.63	0.005	0.0028	0.667	0.0941	0.000378333333333333	1	0.0135003883495146	0.00698738738738739	0.968115	0.125466666666667	0.112	0.226
Adlercreutzia_equolifaciens	1.60543179055626	0.853	1.25961482816721	0.736	0.171719934413412	0.316	<2e-16	0.107	1.35e-09	6.89e-05	0.541	1.3e-08	NA	0.423414285714286	8.49886363636364e-09	0.00023274756097561	0.961852760736196	1.32888888888889e-07	0.367	0.72
