Taxa	stoolMeans	swabMeans	tissueMeans	Origin p-value	OriginSwabStool p-value	OriginTissueStool p-value	OriginTissueSwab p-value	Time p-value	Individual p-value	Origin (adj p-value)	OriginSwabStool (adj p-value)	OriginTissueStool (adj p-value)	OriginTissueSwab (adj p-value)	Time (adj p-value)	Individual (adj p-value)
Bacilli	2.39485726834818	2.99929377188074	1.72012363056449	9.98017288539594e-13	3.2940458161157e-07	5.85573926692451e-06	8.04134536736001e-13	0.381007185816575	0.0902647708768139	5.86335157017012e-12	7.59487864180712e-06	2.29473075666805e-05	6.29905387109867e-12	0.835238765504047	0.114660654897574
Thermomicrobia	0.140054563363802	0.0673821298340439	0	0.026882712465264	0.248634702176068	0.0407732697867745	0.569371912982897	0.108187399791578	0.0152649731930894	0.052645311911142	0.874115329643388	0.0833192904338436	0.637154283576099	0.835238765504047	0.0217410224265213
Chthonomonadetes	0.0134696673114518	0.0289469399669966	0	0.552218488662483	0.691391691803848	0.837976107563976	0.548448710321097	0.277909687217691	0.42395950931234	0.564223238416016	0.999830036605492	0.856192979467541	0.628709497197355	0.835238765504047	0.510860638792371
Thermotogae	0.135137977749377	0.116287792192527	0.0238152894117063	0.214161395803457	0.925071658961752	0.185567055922544	0.420301982779915	0.322046031817871	0.000703927024198873	0.251639640069062	0.999830036605492	0.249190046524559	0.550481435335131	0.835238765504047	0.00174129316512353
Fusobacteriia	0.357480403305451	0.516040480899755	0.0442495621236677	0.00108559186415243	0.153834854462325	0.0112771570243088	0.000668114678857301	0.0701939750824668	0.00429694256896345	0.00300134221265671	0.657294378157209	0.0278961252706585	0.00241549153125332	0.835238765504047	0.00807825202965129
Solibacteres	0.0833346493461246	0.0587323415640638	0	0.135190471095313	0.743521069172012	0.121964169598552	0.45672918315742	0.136836802711137	0.911300240449224	0.171728436256208	0.999830036605492	0.184913418423611	0.550481435335131	0.835238765504047	0.97343434775258
Ignavibacteria	0.0918758585538533	0.0489139674965936	0	0.112431372599215	0.489002736256638	0.13063874382765	0.647958458926712	0.495159947530564	0.0826311076309924	0.155419838593032	0.999830036605492	0.190574002822683	0.692137444762624	0.835238765504047	0.107879501629351
Caldisericia	0.0089009288888475	0.0123489501932742	0	0.764434251908055	0.952622903864014	0.815658353837189	0.748530298552957	0.632911187320311	0.999960935528135	0.764434251908055	0.999830036605492	0.856192979467541	0.781798311821977	0.835238765504047	0.999990270309477
Elusimicrobia	0.0268374984557101	0	0	0.181354449855523	0.260374779042711	0.425823701871034	1	0.357349202756429	0.999990270309477	0.224306819558147	0.874115329643388	0.476516999712823	1	0.835238765504047	0.999990270309477
Deltaproteobacteria	1.48372565488543	1.52471647707111	1.35423905616217	0.440500370408566	0.897914068480073	0.509733287088116	0.422461936123379	0.627122607697376	2.22968528194899e-14	0.460078164648946	0.999830036605492	0.557150337049801	0.550481435335131	0.835238765504047	1.04795208251603e-12
Clostridia	3.85591965849045	3.79735688215637	2.10254592813553	1.20220653901024e-26	0.834767170078747	1.66533453693773e-15	1.27675647831893e-14	0.997405642092284	0.00226295942817514	1.88345691111604e-25	0.999830036605492	2.60902410786912e-14	2.00025181603299e-13	0.997405642092284	0.0050647187202015
Chloroflexia	0.183105664606421	0.119870350108885	0	0.0178042259824292	0.44887428638284	0.0166989201016635	0.263180709814949	0.553106539390603	0.00906366055387132	0.0363825487467032	0.999830036605492	0.0392424622389093	0.39901591488073	0.835238765504047	0.0141997348677317
Deinococci	0.838522270721998	1.60590117876655	0.652453947511019	3.50140357907446e-14	3.10196313080269e-13	0.25143732708509	2.62763255598486e-10	0.22029739552549	0.0506407442153604	2.35094240309285e-13	1.45792267147726e-11	0.328265399249979	1.54373412664111e-09	0.835238765504047	0.0680032850891983
Mollicutes	1.09104485441839	1.42534643470402	2.03853552847785	1.95404398296019e-24	4.84779487774922e-07	2.99760216648792e-15	4.71814365354817e-10	0.592709049902394	0.999834255950658	2.29600167997822e-23	7.59487864180712e-06	3.52218254562331e-14	2.4639194635196e-09	0.835238765504047	0.999990270309477
Flavobacteriia	1.25666004019781	1.49028502567173	1.73747502019877	2.65289377418797e-08	0.00167442190877054	1.57159621982927e-07	0.0320555625342317	0.660127532519188	0.00629377768018362	1.03905006155696e-07	0.0196744574280538	7.38650223319759e-07	0.0717434018623281	0.835238765504047	0.0109558352210604
Synergistia	0.399809717212446	0.396231045413419	0.0501713787930516	0.00174040805512248	0.998815044225214	0.00128073385896532	0.00738140101569285	0.883922154460532	7.47172315036483e-08	0.00389519898051221	0.999830036605492	0.00354085243361001	0.0192736582076424	0.903137853470544	4.69422382435587e-07
Opitutae	0.187403222330422	0.129017894589094	0.0501713787930516	0.124568266162795	0.556595223667069	0.133807278577629	0.607176541838498	0.442649385925167	0.00899593096160905	0.16263079193476	0.999830036605492	0.190574002822683	0.663658080614172	0.835238765504047	0.0141997348677317
Spirochaetia	0.94067452399648	1.12699278518084	0.87624699262598	0.0636127825238821	0.0824906120918796	0.824457953538854	0.120446302347993	0.69307046499272	2.36183724263347e-07	0.0996600259540819	0.430784307590927	0.856192979467541	0.226439048414227	0.835238765504047	1.11006350403773e-06
Anaerolineae	0.0472570649991007	0.0477351954496004	0	0.376065459052931	0.999830036605492	0.354874287422772	0.456782467618513	0.343902360887139	0.23714816839763	0.40170628580654	0.999830036605492	0.406807109972445	0.550481435335131	0.835238765504047	0.293314839860227
Nitrospira	0.065486413032568	0.127284542910306	0	0.0603528861225379	0.222353038006797	0.342858679490514	0.0533794996791381	0.881556981159337	0.000141449938305743	0.0978132981985959	0.870882732193288	0.402858948401354	0.114038022041795	0.903137853470544	0.000443209806691327
Dictyoglomia	0.0471821190756038	0.0122238649330132	0	0.199453069187617	0.378230811571303	0.327623326806514	0.945524786501923	0.821900250920235	0.543871514030831	0.240366519277385	0.999830036605492	0.399344752380834	0.966079673165009	0.89835608821514	0.608618122844025
Acidobacteriia	0.392680114910984	0.363108595092894	0	0.00057148702404824	0.925396168838327	0.000352275827861459	0.00570432379394048	0.811854116939502	1.20876499580323e-09	0.00179065934201782	0.999830036605492	0.00118264027924918	0.0157707775479531	0.89835608821514	1.4202988700688e-08
Actinobacteria	2.59981192717284	2.48604994226694	1.0416302943759	3.95505725016403e-19	0.584720799958296	2.16493489801906e-14	8.04911692853238e-14	0.143538166980715	0.000110896611302703	3.71775381515419e-18	0.999830036605492	2.03503880413791e-13	9.45771239102555e-13	0.835238765504047	0.000372295766516218
Chlamydiia	0.171833208766378	0.118247335261628	0	0.11816438802374	0.704655519387095	0.107992098603089	0.453257195063832	0.789869208357785	0.043808222104119	0.158677892489023	0.999830036605492	0.169187621144839	0.550481435335131	0.89835608821514	0.060558424673341
Negativicutes	1.51046864009431	1.41811657403143	0.267309070653432	1.75940630776274e-09	0.79977891468116	7.86354203974327e-10	7.49012594614129e-07	0.470851789775812	1.27678628997228e-08	8.26920964648486e-09	0.999830036605492	5.14443003474252e-09	3.52035919468641e-06	0.835238765504047	1.00014926047829e-07
Fibrobacteria	0.100536310684077	0.110122697573074	0	0.104381379757814	0.967086111421005	0.10360819055266	0.133168894381306	0.245664489209131	0.0056708171722773	0.148664389352037	0.999830036605492	0.167916722619828	0.240728385996976	0.835238765504047	0.0102510925806551
Dehalococcoidia	0.198409876302894	0.357902456737845	0	0.00132570700900477	0.0453285973123999	0.0486242596649127	0.000925599450464887	0.611681713454779	0.000174481566286591	0.00325082640348749	0.304349153383257	0.0914136081700358	0.00310736958370355	0.835238765504047	0.00051253960096686
Alphaproteobacteria	1.43499851383996	1.56532557607006	1.417451806278	0.317114811299296	0.311910384173599	0.986594170974583	0.494998438280785	0.495430208823047	4.48231486251358e-14	0.346613863513184	0.977319203743942	0.986594170974583	0.581623164979923	0.835238765504047	1.05334399269069e-12
Gloeobacteria	0.128399790638779	0.113820306960726	0	0.0896576138092139	0.946301853615251	0.0722819403442952	0.213556086134323	0.671287413126465	0.00674701436684622	0.131684620282283	0.999830036605492	0.121330399863638	0.358469144582613	0.835238765504047	0.011325345544349
Erysipelotrichia	1.64202430080606	1.57569945634243	0.319243477490286	4.43093964676068e-17	0.805556023123731	2.80886425230165e-14	7.34856619999391e-13	0.316029477166573	6.05983392802248e-05	3.47090272329587e-16	0.999830036605492	2.20027699763629e-13	6.29905387109867e-12	0.835238765504047	0.000219086303551582
Phycisphaerae	0.137786830952694	0.1070191239523	0	0.0853666481578613	0.806356983220753	0.0704420149471627	0.300700660870542	0.860078641075205	0.00333723704203916	0.129426853658693	0.999830036605492	0.121330399863638	0.429885433297882	0.903137853470544	0.00681957134677568
Chrysiogenetes	0.101668369992943	0.230455378442459	0	0.00138333038446276	0.0126883558115745	0.171159733063588	0.00167680697739658	0.0927928873022123	0.000616104600276323	0.00325082640348749	0.1192705446288	0.23660316041143	0.00525399519584263	0.835238765504047	0.00160871756738818
Epsilonproteobacteria	1.23631456979802	1.45996455156993	0.249820369518342	5.49154088567154e-11	0.131599304878337	8.75647665488088e-10	1.2362011414524e-10	0.358578112218264	5.34270882305225e-07	2.86780468473958e-10	0.618516732928184	5.14443003474252e-09	8.30020766403753e-10	0.835238765504047	2.09256095569547e-06
Betaproteobacteria	1.41983060705472	1.43269864304214	1.1355248284104	0.0579047846047655	0.990187854176005	0.0527256770966219	0.0915788892369802	0.563774637388229	7.33669416694873e-09	0.097197317015142	0.999830036605492	0.0953118009054319	0.17934199142242	0.835238765504047	6.8964925169318e-08
Gemmatimonadetes	0.0664425181735002	0.0831953019584084	0	0.268859738116711	0.888994110750365	0.315133840308799	0.262972495635629	0.224035062010878	0.00353459080322934	0.308205065645986	0.999830036605492	0.399344752380834	0.39901591488073	0.835238765504047	0.00692190698965745
Bacteroidia	4.32089349938983	4.07286368918928	2.08827184615601	1.31627025668507e-38	0.0270277844053348	1.66533453693773e-15	1.66533453693773e-15	0.818932400691196	0.00222498198868679	3.0932351032099e-37	0.211717644508456	2.60902410786912e-14	3.91353616180368e-14	0.89835608821514	0.0050647187202015
Planctomycetia	0.362392283870712	0.384221846274642	0.0352537561027599	0.00128772824454547	0.95047998833751	0.0012154971107069	0.00333424258529813	0.678587966771055	2.23441485776861e-07	0.00325082640348749	0.999830036605492	0.00354085243361001	0.00979433759431326	0.835238765504047	1.11006350403773e-06
Cytophagia	0.752419165069793	0.660016885955632	0.390107808122779	0.00367027166213621	0.524741633207001	0.00268643891702325	0.0808383247373103	0.555988156048355	0.00268448382333153	0.00784103491456372	0.999830036605492	0.0070145905055607	0.165191359245808	0.835238765504047	0.0057350336225719
Thermodesulfobacteria	0.189977399001811	0.136624686153274	0.0447182510934897	0.0477932022306285	0.511568626840392	0.0470742934574132	0.396435663654283	0.0381127056562175	0.845955536647388	0.0831955742533163	0.999830036605492	0.0914136081700358	0.548014005639745	0.835238765504047	0.924649074940168
Unclassified	2.89626325013969	2.87487797940845	2.2285124461359	9.18316579061027e-39	0.735065434975625	1.66533453693773e-15	1.66533453693773e-15	0.289809937486518	0.434775011738188	3.0932351032099e-37	0.999830036605492	2.60902410786912e-14	3.91353616180368e-14	0.835238765504047	0.510860638792371
Deferribacteres	0.138435817449517	0.0996628202374029	0	0.0286334928616296	0.617913878779664	0.023754242487157	0.230420756996118	0.530285761133665	0.0121839060389821	0.0538309665798637	0.999830036605492	0.0531642569950656	0.373440537200605	0.835238765504047	0.0184723736720052
Gammaproteobacteria	4.85386158476468	4.84735035319366	5.06548903159803	1.92636783263519e-05	0.98161333022571	1.57019307900352e-05	0.000140588382982587	0.344282616921247	3.53933259038525e-07	6.46709200956098e-05	0.999830036605492	5.67685190101274e-05	0.000550637833348466	0.835238765504047	1.51226028861915e-06
Aquificae	0.151664669345537	0.121194453073046	0	0.0436540528027154	0.799357319875632	0.0339024209358718	0.19640595051569	0.241885521015162	0.0136610668507367	0.0789130954510625	0.999830036605492	0.0724278992720898	0.341891839786571	0.835238765504047	0.0200646919370195
Sphingobacteriia	0.697303205943899	0.580852560735939	0.0352537561027599	2.09024252720142e-08	0.341827263397137	9.03526864437509e-09	4.3664211024308e-05	0.529204956433535	0.000461205839643863	8.93103625258787e-08	0.999830036605492	4.71841806984033e-08	0.000186565265285679	0.835238765504047	0.00127509849783891
Caldilineae	0.0649665348376043	0.0787310859340989	0	0.298921609650719	0.923617038079287	0.331371177507501	0.301834453166598	0.620204506388202	0.466627155821114	0.334507515561519	0.999830036605492	0.399344752380834	0.429885433297882	0.835238765504047	0.534914056672985
Chlorobia	0.619395859629698	0.431678616676056	0.0813746587491984	5.54057631544163e-06	0.0779371568919025	5.8588870383014e-06	0.0169142412057343	0.611722910229037	7.99016821166957e-08	2.00313143712121e-05	0.430784307590927	2.29473075666805e-05	0.0418404914036584	0.835238765504047	4.69422382435587e-07
Verrucomicrobiae	1.85962450889462	1.61482646806439	0.632661966377829	0.000862241226533113	0.600131237524014	0.000538441743432316	0.0245925829573023	0.202067439216098	1.25252562188564e-11	0.00253283360294102	0.999830036605492	0.00168711746275459	0.0577925699496603	0.835238765504047	1.96229014095418e-10
