Taxa	stoolMeans	stoolSDs	swabMeans	swabSDs	Origin p-value	Time p-value	Individual p-value	Origin (adj p-value)	Time (adj p-value)	Individual (adj p-value)	rsquared marginal	rsquared conditional
OTU187248	0.478	0.529	0.731	0.675	9.17e-08	0.355	1.35e-18	1.03926666666667e-06	0.77295566502463	2.26882129277567e-18	0.06	0.6
OTU195512	0.355	0.623	0.271	0.57	0.0459	0.115	1.12e-26	0.105665625	0.617849462365591	2.86150289017341e-26	0.01	0.662
OTU521996	0.27	0.396	0.128	0.295	1.52e-05	0.927	4.39e-14	9.59771428571429e-05	0.984132723112128	6.17955414012739e-14	0.042	0.544
OTU362389	0.116	0.202	0.111	0.189	0.83	0.661	0.00775	0.914862842892768	0.933880877742947	0.00829418886198547	0.001	0.168
OTU186352	0.186	0.237	0.14	0.208	0.108	0.576	0.0107	0.197256198347107	0.909257142857143	0.01136875	0.011	0.167
OTU644946	0.388	0.38	1.76	0.839	1.85e-36	0.327	0.0654	8.177e-34	0.748880829015544	0.0673818181818182	0.53	0.584
OTU523934	0.149	0.319	0.154	0.282	0.945	0.737	2.44e-16	0.966114678899083	0.955290322580645	3.75777003484321e-16	0	0.551
OTU195207	0.311	0.564	0.226	0.449	0.0631	0.902	1.96e-22	0.131557547169811	0.979567567567568	3.78305676855895e-22	0.006	0.624
OTU199543	0.176	0.267	0.121	0.222	0.0171	0.612	3.55e-14	0.0475358490566038	0.927013422818792	5.01309904153355e-14	0.014	0.524
OTU521515	0.2	0.343	0.231	0.365	0.515	0.787	3.33e-23	0.683573573573574	0.961928374655648	6.9427358490566e-23	0.001	0.65
OTU176469	0.22	0.337	0.312	0.463	0.0153	0.907	1.96e-11	0.043912987012987	0.982583333333333	2.55551622418879e-11	0.016	0.44
OTU364179	1.097	1.077	0.926	0.897	0.00245	0.674	3.91e-50	0.00949912280701754	0.933880877742947	6.17221428571429e-49	0.007	0.84
OTU198011	0.86	0.602	0.848	0.575	0.856	0.703	3.34e-21	0.927121951219512	0.952404761904762	6.17690376569038e-21	0	0.615
OTU198542	0.276	0.372	0.211	0.351	0.115	0.517	1.94e-09	0.206626016260163	0.899661417322835	2.35571428571429e-09	0.008	0.383
OTU335577	1.449	0.515	1.398	0.571	0.537	0.838	1.96e-10	0.700159292035398	0.974384039900249	2.50381502890173e-10	0.001	0.436
OTU197675	0.407	0.519	0.377	0.469	0.652	0.33	5.6e-23	0.796088397790055	0.751855670103093	1.13022831050228e-22	0.002	0.627
OTU288810	0.408	0.644	0.449	0.718	0.617	0.454	3.04e-41	0.768208450704225	0.868692640692641	1.86622222222222e-40	0.001	0.793
OTU365717	0.088	0.17	0.104	0.193	0.324	0.651	1.15e-07	0.482181818181818	0.933880877742947	1.33763157894737e-07	0.004	0.344
OTU189960	0.228	0.458	0.222	0.449	0.738	0.0807	1.08e-54	0.848502590673575	0.617849462365591	2.4752e-53	0.002	0.851
OTU192952	0.393	0.476	0.324	0.41	0.0605	0.711	3.73e-20	0.12981067961165	0.952404761904762	6.56836653386454e-20	0.007	0.601
OTU178852	0.282	0.382	0.185	0.259	0.00775	0.453	2.64e-05	0.0243570212765957	0.868692640692641	2.94666666666667e-05	0.026	0.287
OTU193174	0.307	0.398	0.385	0.422	0.0429	0.218	7.34e-16	0.100326984126984	0.698231884057971	1.10349659863946e-15	0.013	0.521
OTU725048	0.223	0.386	0.555	0.69	2.44e-07	0.277	2.95e-07	2.50809302325581e-06	0.73755421686747	3.41335078534031e-07	0.087	0.38
OTU291510	0.309	0.479	0.188	0.378	0.0154	0.13	0.000226	0.0439148387096774	0.617849462365591	0.000247870967741935	0.029	0.248
OTU351357	0.334	0.459	0.206	0.313	0.00113	0.867	9.97e-10	0.0049946	0.974384039900249	1.22070360110803e-09	0.029	0.426
OTU4331760	0.305	0.481	0.103	0.227	6.61e-08	0.128	1.2e-13	7.68847368421053e-07	0.617849462365591	1.67318611987382e-13	0.078	0.514
OTU193364	0.361	0.407	0.575	0.514	1.64e-06	0.323	9.51e-16	1.394e-05	0.748177083333333	1.42007432432432e-15	0.055	0.545
OTU192228	0.209	0.433	0.254	0.534	0.584	0.573	4.4e-57	0.746034682080925	0.907763440860215	1.144e-55	0	0.885
OTU193367	0.349	0.373	0.327	0.387	0.598	0.583	4.3e-06	0.752153409090909	0.912113074204947	4.87333333333333e-06	0.002	0.291
OTU194863	0.507	0.522	0.458	0.484	0.0973	0.984	5.43e-26	0.184767381974249	0.988472727272727	1.326e-25	0.004	0.67
OTU181239	0.426	0.816	0.29	0.603	0.00816	0.11	2.2e-59	0.0253994366197183	0.617849462365591	9.724e-58	0.005	0.882
OTU191218	0.191	0.319	0.1	0.202	0.00378	0.912	0.00065	0.0134738709677419	0.984132723112128	0.000707635467980295	0.03	0.252
OTU367417	0.172	0.292	0.202	0.331	0.0716	0.185	7.16e-28	0.1432	0.68371875	1.99038993710692e-27	0.007	0.685
OTU204099	0.44	0.547	0.409	0.553	0.0624	0.258	1.65e-50	0.1311336492891	0.7154875	2.805e-49	0.004	0.841
OTU183886	0.382	0.495	0.304	0.394	0.0487	0.969	9.47e-21	0.108714141414141	0.984132723112128	1.72252674897119e-20	0.007	0.602
OTU204093	0.35	0.337	0.387	0.325	0.294	0.0126	3.02e-10	0.445027397260274	0.542454545454545	3.8247564469914e-10	0.021	0.413
OTU199228	0.715	0.776	0.557	0.635	0.00238	0.859	1.6e-38	0.00930938053097345	0.974384039900249	8.32e-38	0.01	0.778
OTU210542	0.411	0.578	0.326	0.534	0.0845	0.12	2.92e-24	0.164533039647577	0.617849462365591	6.55147208121827e-24	0.009	0.635
OTU199555	0.607	0.66	0.684	0.725	0.154	0.0846	5.58e-29	0.2618	0.617849462365591	1.67779591836735e-28	0.007	0.696
OTU192437	0.442	0.662	0.547	0.745	0.0471	0.513	2.55e-48	0.10676	0.899661417322835	3.315e-47	0.003	0.835
OTU188725	1.14	0.669	0.719	0.54	8.55e-13	0.0877	1.36e-17	1.71777272727273e-11	0.617849462365591	2.21815498154982e-17	0.118	0.603
OTU294022	0.828	0.766	0.787	0.718	0.635	0.117	7.88e-44	0.782094444444445	0.617849462365591	6.57162264150943e-43	0.002	0.806
OTU332185	0.954	0.692	0.729	0.7	5.65e-05	0.869	6.46e-23	0.000320166666666667	0.974384039900249	1.28618018018018e-22	0.029	0.642
OTU321005	0.71	0.702	0.659	0.655	0.258	0.462	1.62e-31	0.40295406360424	0.869080168776371	5.46595419847328e-31	0.002	0.721
OTU365634	1.021	0.656	0.527	0.549	1.59e-15	0.3	3.37e-18	5.01985714285714e-14	0.748177083333333	5.64219696969697e-18	0.139	0.626
OTU14274	0.008	0.049	0.542	0.605	1.5e-16	0.795	0.774	5.525e-15	0.963704918032787	0.774	0.278	0.29
OTU197069	0.252	0.469	0.171	0.315	0.0224	0.877	3.09e-24	0.0589333333333333	0.974384039900249	6.89787878787879e-24	0.009	0.633
OTU194654	0.294	0.535	0.38	0.642	0.113	0.341	1.18e-40	0.203861224489796	0.763454545454545	6.95413333333333e-40	0.003	0.797
OTU338621	0.275	0.538	0.305	0.482	0.668	0.478	1.27e-27	0.812357142857143	0.884	3.46506172839506e-27	0.001	0.665
OTU192308	0.329	0.501	0.272	0.455	0.297	0.218	4.83e-18	0.446494915254237	0.698231884057971	8.02578947368421e-18	0.005	0.561
OTU192302	0.176	0.281	0.206	0.327	0.649	0.103	6.27e-16	0.794620498614959	0.617849462365591	9.45849829351536e-16	0.006	0.545
OTU197505	0.302	0.364	0.282	0.318	0.417	0.948	3.59e-10	0.585123809523809	0.984132723112128	4.49512747875354e-10	0.002	0.421
OTU196252	0.281	0.482	0.246	0.434	0.382	0.731	1.3e-32	0.549980456026059	0.954407079646018	4.5968e-32	0.001	0.721
OTU187262	0.301	0.562	0.205	0.44	0.016	0.189	1.1e-31	0.0453333333333333	0.68371875	3.74e-31	0.01	0.715
OTU355307	1.187	0.944	1.079	0.878	0.023	0.426	3.64e-43	0.0598	0.848162162162162	2.55377777777778e-42	0.005	0.806
OTU575844	0.754	0.559	0.694	0.5	0.329	0.893	2.62e-28	0.486347826086957	0.976995049504951	7.47122580645161e-28	0.001	0.685
OTU189559	0.376	0.624	0.425	0.7	0.104	0.189	9.7e-43	0.193142857142857	0.68371875	6.596e-42	0.004	0.801
OTU192111	0.497	0.979	0.465	0.84	0.156	0.621	8.06e-92	0.263175572519084	0.927013422818792	3.56252e-89	0	0.954
OTU339992	0.175	0.323	0.133	0.275	0.066	0.957	1.88e-17	0.135055555555556	0.984132723112128	3.04380952380952e-17	0.007	0.553
OTU191332	0.43	0.608	0.33	0.536	0.0163	0.561	3.42e-26	0.0458891719745223	0.906258992805755	8.4923595505618e-26	0.01	0.672
OTU304108	0.357	0.496	0.29	0.443	0.127	0.272	2.52e-23	0.225437751004016	0.728630303030303	5.32937799043062e-23	0.006	0.626
OTU367176	0.308	0.398	0.226	0.325	0.0065	0.0231	4.43e-17	0.0216015037593985	0.551447619047619	7.01813620071685e-17	0.027	0.555
OTU90487	0.475	0.79	0.518	0.785	0.922	0.0563	4.99e-47	0.95938785046729	0.559226086956522	5.65533333333333e-46	0.003	0.824
OTU199761	0.596	0.601	0.612	0.593	0.946	0.545	6.75e-29	0.966114678899083	0.906258992805755	2.01587837837838e-28	0.001	0.69
OTU362078	0.169	0.333	0.216	0.445	0.131	0.897	2.96e-27	0.231608	0.978948148148148	7.78761904761905e-27	0.004	0.668
OTU198783	0.43	0.598	0.392	0.549	0.187	0.873	4.52e-39	0.308410447761194	0.974384039900249	2.46646913580247e-38	0.002	0.777
OTU184864	0.304	0.483	0.291	0.438	0.911	0.721	4.86e-31	0.95938785046729	0.952404761904762	1.61512781954887e-30	0	0.711
OTU187460	0.576	0.516	0.856	0.666	5.35e-08	0.937	7.82e-22	6.56861111111111e-07	0.984132723112128	1.47082553191489e-21	0.056	0.636
OTU317677	0.254	0.372	0.274	0.385	0.542	0.944	2.19e-32	0.7046	0.984132723112128	7.68238095238095e-32	0	0.738
OTU584463	0.274	0.568	0.245	0.525	0.375	0.156	7.62e-27	0.541666666666667	0.648542056074766	1.9812e-26	0.004	0.679
OTU517170	0.393	0.552	0.552	0.72	0.00404	0.751	1.15e-36	0.01428544	0.959369942196532	5.35052631578947e-36	0.009	0.768
OTU194667	1.345	0.948	1.147	0.867	0.00719	0.113	1.51e-43	0.0231969343065693	0.617849462365591	1.15072413793103e-42	0.009	0.804
OTU178012	0.14	0.328	0.401	0.829	7.91e-06	0.837	3.52e-16	5.54955555555556e-05	0.974384039900249	5.38352941176471e-16	0.047	0.53
OTU524841	0.838	0.752	0.87	0.745	0.445	0.242	1.7e-28	0.612741433021807	0.711298013245033	4.97615894039735e-28	0.003	0.688
OTU178478	0.35	0.617	0.26	0.464	0.0034	0.805	2.3e-44	0.0126285714285714	0.965232432432433	2.0332e-43	0.007	0.822
OTU319455	0.11	0.204	0.09	0.17	0.35	0.198	0.0117	0.512251655629139	0.68371875	0.0124014388489209	0.01	0.167
OTU188706	0.686	1.003	0.891	1.054	0.00377	0.104	9.99e-53	0.0134738709677419	0.617849462365591	2.00708181818182e-51	0.007	0.858
OTU369602	0.31	0.599	0.282	0.539	0.399	0.503	1.15e-42	0.57073786407767	0.899661417322835	7.70151515151515e-42	0.001	0.81
OTU185396	0.156	0.278	0.11	0.221	0.0917	0.0219	1.4e-15	0.176993013100437	0.551447619047619	2.08350168350168e-15	0.018	0.531
OTU177478	0.351	0.505	0.118	0.234	1.1e-07	0.00181	2.23e-13	1.2155e-06	0.259675	3.07059190031153e-13	0.09	0.53
OTU182735	0.343	0.47	0.251	0.395	0.000622	0.0519	1.41e-20	0.00286379166666667	0.559226086956522	2.53341463414634e-20	0.027	0.637
OTU196134	0.892	0.552	1.061	0.594	0.00171	0.0727	8.89e-17	0.00699833333333333	0.617849462365591	1.38358450704225e-16	0.028	0.554
OTU337161	0.618	0.57	0.665	0.651	0.205	0.272	2.84e-26	0.330693430656934	0.728630303030303	7.09197740112994e-26	0.005	0.663
OTU183954	0.231	0.286	0.186	0.265	0.192	0.259	0.00134	0.314311111111111	0.7154875	0.00145166666666667	0.011	0.214
OTU581782	0.137	0.354	0.4	0.637	3.52e-06	0.0337	3.13e-10	2.68248275862069e-05	0.556592592592593	3.95274285714286e-10	0.072	0.446
OTU177055	0.211	0.409	0.204	0.383	0.81	0.148	2.77e-20	0.909802030456853	0.647683168316832	4.93685483870968e-20	0.004	0.576
OTU513445	0.674	0.812	0.814	1.001	0.00991	0.56	2.83e-45	0.0300680272108844	0.906258992805755	2.60595833333333e-44	0.006	0.808
OTU191783	0.307	0.483	0.306	0.494	0.674	0.663	4.13e-43	0.812942779291553	0.933880877742947	2.85228125e-42	0	0.81
OTU302503	0.914	0.474	0.913	0.608	0.849	0.293	2.83e-10	0.924181818181818	0.748177083333333	3.59442528735632e-10	0.003	0.417
OTU176057	0.235	0.341	0.427	0.507	3.2e-06	0.383	3.21e-13	2.48140350877193e-05	0.802303317535545	4.40627329192547e-13	0.056	0.499
OTU195495	0.47	0.556	0.445	0.479	0.599	0.836	4.9e-24	0.752153409090909	0.974384039900249	1.06689655172414e-23	0.001	0.648
OTU585227	0.749	0.548	0.876	0.564	0.0626	0.501	2.68e-15	0.1311336492891	0.899661417322835	3.93541528239203e-15	0.009	0.524
OTU199156	0.231	0.355	0.226	0.347	0.737	0.624	2.22e-27	0.848502590673575	0.927013422818792	5.98317073170732e-27	0.001	0.67
OTU516792	0.365	0.426	0.364	0.408	0.962	0.439	7.35e-12	0.970785388127854	0.85479295154185	9.66875e-12	0.002	0.449
OTU198190	1.454	0.878	1.489	0.816	0.898	0.512	1.79e-46	0.956424096385542	0.899661417322835	1.79813636363636e-45	0	0.817
OTU198198	0.203	0.267	0.184	0.254	0.485	0.625	1.07e-08	0.653567073170732	0.927013422818792	1.26793565683646e-08	0.002	0.368
OTU198511	0.618	0.72	0.683	0.692	0.105	0.133	6.14e-33	0.193375	0.6188	2.26156666666667e-32	0.006	0.728
OTU341024	0.131	0.295	0.164	0.323	0.203	0.41	4.8e-23	0.329875	0.829506849315069	9.77695852534562e-23	0.004	0.614
OTU197649	0.382	0.582	0.31	0.479	0.0459	0.0759	8.84e-23	0.105665625	0.617849462365591	1.72888495575221e-22	0.012	0.637
OTU178242	0.186	0.331	0.278	0.434	0.0248	0.157	3.35e-19	0.063251724137931	0.648542056074766	5.73914728682171e-19	0.014	0.594
OTU198423	0.707	0.738	0.7	0.702	0.636	0.0315	1.27e-36	0.782094444444445	0.556592592592593	5.84729166666667e-36	0.005	0.764
OTU187409	0.24	0.303	0.211	0.33	0.375	0.597	4.06e-10	0.541666666666667	0.919421602787456	5.06926553672316e-10	0.003	0.395
OTU178064	0.244	0.469	0.177	0.41	0.0237	0.547	7.17e-33	0.061259649122807	0.906258992805755	2.61912396694215e-32	0.006	0.764
OTU302352	0.208	0.352	0.206	0.36	0.863	0.147	3.12e-23	0.928092457420925	0.647683168316832	6.5357345971564e-23	0.004	0.618
OTU335827	0.222	0.287	0.182	0.24	0.204	0.259	2.29e-05	0.330285714285714	0.7154875	2.5689847715736e-05	0.01	0.275
OTU314406	0.382	0.752	0.361	0.693	0.428	0.774	8.62e-61	0.596769716088328	0.961928374655648	4.23337777777778e-59	0	0.882
OTU508875	0.261	0.397	0.362	0.486	0.0166	0.873	6.87e-12	0.0464379746835443	0.974384039900249	9.0914371257485e-12	0.015	0.449
OTU361972	0.226	0.334	0.158	0.228	0.0283	0.315	5.82e-08	0.0706700564971751	0.748177083333333	6.80539682539683e-08	0.017	0.364
OTU190975	0.455	0.6	0.307	0.421	1.36e-05	0.324	4.62e-24	8.84e-05	0.748177083333333	1.01091089108911e-23	0.034	0.661
OTU529233	0.165	0.266	0.22	0.454	0.266	0.779	0.121	0.412533333333333	0.961928374655648	0.123800925925926	0.005	0.104
OTU370217	0.408	0.719	0.484	0.778	0.491	0.592	7.26e-31	0.659641337386018	0.918	2.39471641791045e-30	0.001	0.719
OTU192210	0.616	0.691	0.332	0.514	6.02e-07	0.325	6.79e-18	5.43028571428572e-06	0.748177083333333	1.11568029739777e-17	0.056	0.576
OTU358944	0.561	0.536	0.555	0.569	0.84	0.0477	9.18e-34	0.921290322580645	0.559226086956522	3.52831304347826e-33	0.005	0.73
OTU110192	0.242	0.429	0.161	0.346	0.00135	0.151	1.96e-25	0.00568285714285714	0.647980582524272	4.63272727272727e-25	0.02	0.665
OTU198990	0.387	0.531	0.369	0.514	0.826	0.563	2.1e-34	0.914862842892768	0.906258992805755	8.51559633027523e-34	0	0.745
OTU195674	0.657	0.787	0.624	0.67	0.143	0.567	1.76e-40	0.247866666666667	0.906258992805755	1.01028571428571e-39	0.002	0.792
OTU292260	0.264	0.304	0.149	0.241	5.34e-05	0.121	3.41e-11	0.00030652987012987	0.617849462365591	4.42e-11	0.05	0.455
OTU518372	1.474	0.816	1.489	0.811	0.953	0.198	1.88e-39	0.966114678899083	0.68371875	1.05184810126582e-38	0.002	0.78
OTU192046	0.293	0.562	0.208	0.465	0.03	0.553	7.23e-39	0.0740782122905028	0.906258992805755	3.85019277108434e-38	0.005	0.785
OTU544859	0.369	0.418	0.309	0.373	0.0516	0.735	4.89e-18	0.114036	0.955290322580645	8.09505617977528e-18	0.008	0.561
OTU362501	1.037	0.694	0.876	0.721	0.000633	0.834	4.58e-23	0.00288439175257732	0.974384039900249	9.41562790697674e-23	0.02	0.649
OTU192462	0.317	0.463	0.313	0.422	0.928	0.711	1.72e-27	0.95938785046729	0.952404761904762	4.6640490797546e-27	0	0.664
OTU321811	1.49	0.87	1.404	0.825	0.0459	0.386	1.47e-40	0.105665625	0.80477358490566	8.54921052631579e-40	0.005	0.783
OTU528357	1.337	0.723	0.886	0.668	1.07e-10	0.101	6.73e-13	1.97058333333333e-09	0.617849462365591	9.06908536585366e-13	0.109	0.538
OTU357020	0.771	0.77	0.685	0.65	0.026	0.181	1.55e-37	0.0656685714285714	0.68371875	7.52857142857143e-37	0.007	0.77
OTU300855	0.138	0.282	0.177	0.328	0.405	0.689	3.63e-16	0.575166666666667	0.946753086419753	5.53262068965517e-16	0.002	0.539
OTU186652	0.35	0.427	0.422	0.47	0.0642	0.0203	2.04e-19	0.133222535211268	0.551447619047619	3.5221875e-19	0.018	0.585
OTU353782	0.217	0.284	0.237	0.285	0.766	0.936	3.93e-13	0.87260824742268	0.984132723112128	5.3448e-13	0	0.467
OTU322433	0.494	0.608	0.367	0.536	0.00852	0.745	4.69e-30	0.0261516666666667	0.959369942196532	1.47019858156028e-29	0.01	0.707
OTU198439	0.174	0.277	0.195	0.328	0.478	0.103	7.51e-21	0.648085889570552	0.617849462365591	1.37166115702479e-20	0.006	0.597
OTU174487	0.163	0.233	0.264	0.362	0.00997	0.837	0.0104	0.0300680272108844	0.974384039900249	0.0110766265060241	0.026	0.178
OTU182886	0.414	0.558	0.275	0.434	0.000587	0.749	5.83e-23	0.00278982795698925	0.959369942196532	1.1713e-22	0.021	0.639
OTU183579	0.381	0.702	0.302	0.635	0.14	0.89	1.85e-43	0.243622047244095	0.976129032258064	1.31887096774194e-42	0.002	0.8
OTU4467810	0.482	0.386	1.852	0.841	5.49e-36	0.167	0.0994	1.21329e-33	0.664990990990991	0.101936890951276	0.528	0.577
OTU178843	0.571	0.563	0.373	0.413	1.16e-05	0.127	4.35e-15	7.65253731343284e-05	0.617849462365591	6.30393442622951e-15	0.05	0.531
OTU299568	0.382	0.584	0.414	0.596	0.436	0.0852	2.04e-34	0.606012578616352	0.617849462365591	8.34888888888889e-34	0.005	0.735
OTU561537	0.529	0.589	0.386	0.539	0.00269	0.745	9.64e-23	0.0103389565217391	0.959369942196532	1.87703964757709e-22	0.016	0.634
OTU520413	0.934	0.789	1.001	0.784	0.107	0.433	5.12e-41	0.196240663900415	0.854401785714286	3.10005479452055e-40	0.003	0.79
OTU197334	0.461	0.69	0.367	0.577	0.0807	0.18	4.37e-22	0.158530666666667	0.68371875	8.25444444444444e-22	0.009	0.619
OTU319275	0.587	0.642	0.626	0.671	0.685	0.123	1.63e-43	0.822744565217391	0.617849462365591	1.2211186440678e-42	0.002	0.8
OTU198980	0.727	0.861	0.691	0.876	0.529	0.862	1.28e-33	0.697202380952381	0.974384039900249	4.79457627118644e-33	0.001	0.736
OTU354334	0.145	0.24	0.161	0.257	0.568	0.0183	1.8e-09	0.731941690962099	0.551447619047619	2.19173553719008e-09	0.017	0.404
OTU544996	0.336	0.368	0.289	0.316	0.0684	0.17	8.17e-15	0.138049315068493	0.670892857142857	1.1762671009772e-14	0.012	0.505
OTU289261	0.163	0.327	0.382	0.591	3.09e-05	0.493	1.12e-06	0.000184564864864865	0.896628571428571	1.27917312661499e-06	0.057	0.353
OTU186891	0.293	0.576	0.24	0.459	0.121	0.755	4.11e-46	0.216526315789474	0.961255014326648	3.94917391304348e-45	0.002	0.832
OTU310071	0.23	0.384	0.18	0.346	0.213	0.779	2.41e-27	0.341108695652174	0.961928374655648	6.3785628742515e-27	0.003	0.671
OTU42372	0.476	0.677	0.482	0.669	0.86	0.758	3.91e-30	0.927121951219512	0.961255014326648	1.23444285714286e-29	0	0.698
OTU184725	0.832	0.88	0.608	0.699	0.000167	0.252	7.9e-47	0.000878738095238095	0.7154875	8.31380952380952e-46	0.013	0.825
OTU197402	0.204	0.384	0.184	0.325	0.669	0.322	1.03e-10	0.812357142857143	0.748177083333333	1.32343023255814e-10	0.003	0.43
OTU199753	0.289	0.487	0.216	0.389	0.00755	0.058	3.85e-30	0.024181884057971	0.559226086956522	1.22424460431655e-29	0.014	0.722
OTU191108	0.192	0.378	0.136	0.273	0.0522	0.218	3.87e-18	0.114788059701493	0.698231884057971	6.4548679245283e-18	0.011	0.55
OTU586271	0.402	0.512	0.257	0.376	0.00373	0.0456	3.15e-10	0.0134738709677419	0.559226086956522	3.96666666666667e-10	0.033	0.438
OTU300152	0.08	0.181	0.157	0.245	0.00148	0.545	4.08e-11	0.00611364485981308	0.906258992805755	5.27298245614035e-11	0.028	0.447
OTU591635	0.341	0.547	0.375	0.586	0.177	0.594	1.13e-30	0.296340909090909	0.918	3.64569343065693e-30	0.003	0.707
OTU198245	0.183	0.348	0.147	0.295	0.0601	0.323	8.7e-23	0.129581463414634	0.748177083333333	1.71669642857143e-22	0.008	0.63
OTU368203	0.79	0.66	0.654	0.563	0.0347	0.148	6.39e-24	0.0838109289617486	0.647683168316832	1.37105825242718e-23	0.011	0.642
OTU353791	0.456	0.608	0.372	0.533	0.0249	0.234	4.72e-47	0.063251724137931	0.70841095890411	5.4901052631579e-46	0.005	0.832
OTU194534	0.327	0.311	0.352	0.322	0.576	0.616	6.14e-11	0.740093023255814	0.927013422818792	7.91218658892128e-11	0.001	0.438
OTU197624	0.324	0.512	0.354	0.525	0.564	0.12	2.27e-26	0.728912280701754	0.617849462365591	5.73337142857143e-26	0.004	0.66
OTU189997	0.261	0.39	0.326	0.391	0.183	0.428	1.43e-08	0.305230188679245	0.848322869955157	1.68549333333333e-08	0.007	0.378
OTU195120	0.785	0.618	0.733	0.582	0.845	0.0509	3.58e-24	0.924181818181818	0.559226086956522	7.9118e-24	0.006	0.645
OTU319687	0.329	0.423	0.209	0.313	0.00359	0.314	5.11e-14	0.0131138842975207	0.748177083333333	7.14753164556962e-14	0.023	0.494
OTU193188	0.136	0.21	0.103	0.2	0.0787	0.137	1.98e-15	0.155291964285714	0.630770833333333	2.93677852348993e-15	0.012	0.52
OTU174497	0.19	0.36	0.225	0.42	0.417	0.394	7.72e-23	0.585123809523809	0.817596244131455	1.53015246636771e-22	0.002	0.622
OTU361170	0.735	0.621	0.762	0.614	0.528	0.624	1.06e-29	0.697202380952381	0.927013422818792	3.29943661971831e-29	0.001	0.695
OTU356052	0.36	0.377	0.313	0.35	0.344	0.661	3.47e-19	0.505142857142857	0.933880877742947	5.899e-19	0.002	0.578
OTU550814	0.124	0.218	0.134	0.217	0.674	0.704	1.08e-06	0.812942779291553	0.952404761904762	1.23668393782383e-06	0.001	0.313
OTU197343	0.832	0.721	0.676	0.625	0.0182	0.0577	5.95e-36	0.0493521472392638	0.559226086956522	2.57833333333333e-35	0.01	0.766
OTU196212	0.323	0.404	0.505	0.684	0.00416	0.0467	1.93e-07	0.0145930158730159	0.559226086956522	2.23900262467192e-07	0.036	0.374
OTU342827	0.812	0.635	0.816	0.606	0.891	0.958	2.48e-21	0.951260869565217	0.984132723112128	4.6251476793249e-21	0	0.603
OTU306499	0.639	0.679	0.652	0.708	0.506	0.0262	5.17e-29	0.67568580060423	0.551447619047619	1.56516438356164e-28	0.008	0.687
OTU182255	0.178	0.238	0.169	0.228	0.815	0.155	2.49e-10	0.911974683544304	0.648542056074766	3.17170028818444e-10	0.006	0.417
OTU198272	0.525	0.466	0.488	0.465	0.504	0.668	1.76e-12	0.675054545454545	0.933880877742947	2.35021148036254e-12	0.002	0.462
OTU350052	0.22	0.358	0.257	0.407	0.135	0.207	2.84e-15	0.236785714285714	0.687924812030075	4.15655629139073e-15	0.009	0.51
OTU186888	0.165	0.254	0.268	0.352	0.00658	0.288	8.08e-06	0.0217041791044776	0.748177083333333	9.13391304347826e-06	0.028	0.313
OTU199091	0.62	0.598	0.567	0.563	0.277	0.865	9.5e-19	0.426599303135889	0.974384039900249	1.60267175572519e-18	0.002	0.57
OTU592616	0.449	0.531	0.452	0.485	0.713	0.297	3.48e-15	0.842746666666667	0.748177083333333	5.07643564356436e-15	0.003	0.512
OTU509773	0.266	0.38	0.25	0.559	0.735	0.544	0.000454	0.848502590673575	0.906258992805755	0.000495476543209877	0.002	0.221
OTU185604	0.94	0.794	0.985	0.761	0.762	0.197	6.8e-47	0.870294573643411	0.68371875	7.33073170731707e-46	0.001	0.82
OTU211907	0.261	0.417	0.399	0.493	0.00143	0.217	1e-30	0.00596283018867925	0.698231884057971	3.25e-30	0.016	0.717
OTU197435	0.476	0.683	0.409	0.625	0.0463	0.000107	5.26e-48	0.106034196891192	0.047294	6.64262857142857e-47	0.016	0.83
OTU570507	0.143	0.28	0.149	0.289	0.715	0.554	4.41e-24	0.842746666666667	0.906258992805755	9.69761194029851e-24	0.001	0.62
OTU346738	0.242	0.392	0.213	0.367	0.326	0.034	1.06e-20	0.483530201342282	0.556592592592593	1.91232653061225e-20	0.01	0.604
OTU173920	0.209	0.268	0.222	0.266	0.725	0.644	0.0318	0.848502590673575	0.933880877742947	0.033072	0.001	0.134
OTU547730	0.44	0.636	0.555	0.712	0.00517	0.694	1.61e-35	0.0177142635658915	0.946753086419753	6.77733333333333e-35	0.01	0.747
OTU354461	0.235	0.353	0.297	0.403	0.232	0.303	5.58e-17	0.366228571428571	0.748177083333333	8.80842857142857e-17	0.005	0.547
OTU197504	0.63	0.889	0.591	0.804	0.515	0.0887	4.96e-36	0.683573573573574	0.617849462365591	2.19232e-35	0.004	0.76
OTU191608	0.661	0.684	0.555	0.615	0.0295	0.258	1.92e-37	0.073252808988764	0.7154875	9.22434782608696e-37	0.007	0.766
OTU198521	0.709	0.65	0.699	0.671	0.83	0.000815	8.75e-32	0.914862842892768	0.180115	3.04527559055118e-31	0.015	0.722
OTU196581	0.678	0.613	0.621	0.565	0.151	0.224	1.05e-26	0.25868992248062	0.702184397163121	2.69825581395349e-26	0.005	0.676
OTU341322	0.316	0.546	0.128	0.255	4.11e-05	0.0818	3.55e-14	0.000239028947368421	0.617849462365591	5.01309904153355e-14	0.046	0.523
OTU1139897	0.581	0.604	0.72	0.706	0.01	0.884	2.18e-28	0.0300680272108844	0.974384039900249	6.25688311688312e-28	0.01	0.683
OTU189877	0.787	0.778	0.626	0.687	0.00303	0.314	1.48e-37	0.0114466666666667	0.748177083333333	7.26844444444445e-37	0.011	0.773
OTU195719	0.236	0.409	0.207	0.378	0.537	0.603	2e-23	0.700159292035398	0.922235294117647	4.25e-23	0.001	0.639
OTU526131	0.058	0.153	0.551	0.679	2.62e-13	0.837	0.0198	5.51447619047619e-12	0.974384039900249	0.0208371428571429	0.202	0.314
OTU186521	0.16	0.268	0.354	0.537	2.72e-05	0.106	1.96e-09	0.000164690410958904	0.617849462365591	2.37347945205479e-09	0.058	0.415
OTU183006	0.251	0.296	0.165	0.22	0.00648	0.29	0.00303	0.0216015037593985	0.748177083333333	0.00327447432762836	0.032	0.215
OTU369555	0.557	0.876	0.462	0.699	0.0813	0.465	1.7e-25	0.159002654867257	0.869080168776371	4.03978494623656e-25	0.006	0.644
OTU206887	0.313	0.52	0.303	0.473	0.992	0.541	1.19e-27	0.992	0.906258992805755	3.26695652173913e-27	0.001	0.683
OTU197992	0.309	0.393	0.324	0.405	0.734	0.878	7.55e-17	0.848502590673575	0.974384039900249	1.18336879432624e-16	0	0.537
OTU196577	0.142	0.261	0.293	0.47	0.000203	0.488	7.73e-10	0.0010556	0.895004149377593	9.49072222222222e-10	0.041	0.417
OTU311278	0.258	0.444	0.178	0.368	0.126	0.953	2.05e-20	0.224564516129032	0.984132723112128	3.66842105263158e-20	0.004	0.612
OTU4381303	0.203	0.252	0.271	0.394	0.101	0.224	0.0288	0.189965957446809	0.702184397163121	0.030022641509434	0.017	0.146
OTU554303	0.314	0.34	0.604	0.558	2.23e-08	0.046	7.44e-09	3.0801875e-07	0.559226086956522	8.84e-09	0.102	0.435
OTU199283	0.269	0.618	0.245	0.564	0.741	0.982	5.67e-75	0.848502590673575	0.988472727272727	1.25307e-72	0	0.92
OTU193679	0.367	0.472	0.394	0.463	0.724	0.643	6.44e-27	0.848502590673575	0.933880877742947	1.68430769230769e-26	0.001	0.671
OTU581079	0.964	0.565	1.117	0.636	0.00321	0.118	5.31e-16	0.0120238983050847	0.617849462365591	8.0377397260274e-16	0.025	0.543
OTU362846	0.958	0.849	0.808	0.806	0.0413	0.866	8.88e-27	0.0970989361702128	0.974384039900249	2.29529824561404e-26	0.006	0.674
OTU212532	0.232	0.328	0.183	0.323	0.173	0.512	2.37e-05	0.290745247148289	0.899661417322835	2.652e-05	0.008	0.281
OTU194371	0.886	0.544	0.931	0.574	0.474	0.652	5.08e-14	0.64464	0.933880877742947	7.12812698412698e-14	0.002	0.485
OTU305288	0.299	0.52	0.148	0.326	0.00118	0.751	2.16e-14	0.00506368932038835	0.959369942196532	3.08970873786408e-14	0.024	0.543
OTU198646	0.362	0.522	0.346	0.55	0.915	0.202	1.03e-32	0.95938785046729	0.6868	3.70130081300813e-32	0.002	0.731
OTU364274	1.496	0.52	1.478	0.593	0.951	0.99	3.52e-14	0.966114678899083	0.992244897959184	5.00270096463022e-14	0	0.518
OTU197603	0.769	0.676	0.652	0.566	0.0178	0.848	2.46e-22	0.0491725	0.974384039900249	4.70701298701299e-22	0.01	0.629
OTU184036	0.334	0.462	0.339	0.443	0.821	0.0135	4.05e-36	0.914862842892768	0.542454545454545	1.80818181818182e-35	0.007	0.759
OTU213885	0.694	0.421	0.649	0.388	0.252	0.0632	5.38e-08	0.394978723404255	0.570991836734694	6.32436170212766e-08	0.014	0.363
OTU192093	0.258	0.45	0.284	0.466	0.784	0.464	1.05e-28	0.886260869565217	0.869080168776371	3.094e-28	0.001	0.682
OTU212400	0.548	0.686	0.298	0.416	2.91e-08	0.0751	4.09e-28	3.89763636363636e-07	0.617849462365591	1.15145222929936e-27	0.052	0.703
OTU370099	0.649	0.873	0.622	0.801	0.811	0.0493	1.89e-50	0.909802030456853	0.559226086956522	3.094e-49	0.003	0.838
OTU197364	0.219	0.415	0.152	0.292	0.0337	0.642	6.34e-23	0.0818428571428571	0.933880877742947	1.268e-22	0.009	0.623
OTU354908	0.409	0.583	0.397	0.486	0.989	0.41	5.35e-21	0.991242630385487	0.829506849315069	9.85291666666667e-21	0.001	0.605
OTU360553	0.209	0.407	0.23	0.408	0.48	0.0314	8.81e-23	0.648807339449541	0.556592592592593	1.72888495575221e-22	0.009	0.622
OTU186969	0.33	0.46	0.263	0.369	0.111	0.0804	5.76e-18	0.201073770491803	0.617849462365591	9.49970149253731e-18	0.012	0.568
OTU580629	2.52	0.829	2.5	0.901	0.859	0.57	1.26e-47	0.927121951219512	0.906258992805755	1.547e-46	0	0.821
OTU338407	0.275	0.444	0.224	0.415	0.00543	0.672	7.2e-42	0.018462	0.933880877742947	4.68e-41	0.008	0.794
OTU193668	0.652	0.495	0.683	0.547	0.7	0.403	1.41e-12	0.836216216216216	0.828493023255814	1.89428571428571e-12	0.002	0.46
OTU357582	0.417	0.796	0.39	0.756	0.387	0.732	1.69e-52	0.55537012987013	0.954407079646018	3.24773913043478e-51	0.001	0.847
OTU197943	0.437	0.69	0.428	0.664	0.928	0.89	3.65e-25	0.95938785046729	0.976129032258064	8.49105263157895e-25	0	0.648
OTU562376	0.62	0.515	0.564	0.458	0.232	0.916	7.81e-26	0.366228571428571	0.984132723112128	1.87609782608696e-25	0.002	0.654
OTU186841	0.415	0.66	0.388	0.638	0.149	0.165	1.33e-61	0.256256809338521	0.663	8.398e-60	0.002	0.891
OTU195757	0.755	0.577	0.706	0.535	0.372	0.669	2.39e-25	0.540868421052632	0.933880877742947	5.61904255319149e-25	0.002	0.649
OTU199414	0.426	0.58	0.454	0.605	0.675	0.97	4.06e-44	0.812942779291553	0.984132723112128	3.51866666666667e-43	0	0.813
OTU297503	0.372	0.596	0.325	0.554	0.184	0.622	5.05e-44	0.305744360902256	0.927013422818792	4.2925e-43	0.002	0.811
OTU176775	1.13	1.134	0.895	0.91	6.94e-06	0.806	7.88e-58	5.02865573770492e-05	0.965232432432433	2.17685e-56	0.013	0.875
OTU199413	0.728	0.616	0.376	0.46	1.94e-09	0.813	6.23e-10	2.9568275862069e-08	0.968587601078167	7.71333333333333e-10	0.099	0.476
OTU331571	0.313	0.566	0.294	0.567	0.586	0.0124	2.97e-67	0.74643227665706	0.542454545454545	2.62548e-65	0.003	0.911
OTU531888	0.464	0.489	0.578	0.556	0.000744	0.0877	4.54e-37	0.00333955555555556	0.617849462365591	2.15772043010753e-36	0.017	0.763
OTU189899	0.515	0.604	0.573	0.661	0.426	0.0686	1.57e-49	0.595860759493671	0.604066666666667	2.31313333333333e-48	0.003	0.841
OTU213394	0.212	0.397	0.197	0.349	0.793	0.457	6.37e-26	0.894147959183674	0.869080168776371	1.53854644808743e-25	0.001	0.642
OTU291596	0.292	0.392	0.27	0.381	0.984	0.311	2.55e-17	0.990481818181818	0.748177083333333	4.08369565217391e-17	0.002	0.55
OTU361853	0.457	0.788	0.303	0.55	0.0139	0.768	4.45e-23	0.0404197368421053	0.961928374655648	9.1911214953271e-23	0.011	0.634
OTU181174	0.202	0.309	0.118	0.204	0.00118	0.485	5.44e-08	0.00506368932038835	0.893208333333333	6.37793103448276e-08	0.032	0.388
OTU188213	0.529	0.599	0.424	0.54	0.0483	0.36	1.3e-29	0.108368527918782	0.778351219512195	3.99027777777778e-29	0.007	0.704
OTU183799	0.352	0.55	0.284	0.429	0.109	0.584	2.61e-23	0.198263374485597	0.912113074204947	5.49342857142857e-23	0.005	0.637
OTU360636	0.293	0.719	0.326	0.635	0.882	0.926	1.59e-22	0.943932203389831	0.984132723112128	3.08236842105263e-22	0	0.616
OTU193279	0.689	0.594	0.263	0.337	1.88e-14	0.649	1.63e-09	5.1935e-13	0.933880877742947	1.99022099447514e-09	0.169	0.493
OTU359044	0.471	0.483	0.486	0.514	0.728	0.315	2.13e-22	0.848502590673575	0.748177083333333	4.09330434782609e-22	0.002	0.615
OTU192015	0.457	0.725	0.424	0.655	0.259	0.454	7.37e-36	0.403091549295775	0.868692640692641	3.13225e-35	0.002	0.773
OTU528715	1.843	0.769	1.858	0.852	0.959	0.492	2.73e-39	0.969972540045767	0.896628571428571	1.508325e-38	0	0.785
OTU4308591	0.287	0.596	0.33	0.738	0.929	0.341	1.53e-58	0.95938785046729	0.763454545454545	5.202e-57	0.001	0.875
OTU211935	1.088	0.794	0.864	0.688	0.000614	0.786	8.67e-18	0.00285671578947368	0.961928374655648	1.41931111111111e-17	0.025	0.573
OTU192255	0.312	0.645	0.345	0.667	0.594	0.304	2.23e-63	0.7514	0.748177083333333	1.64276666666667e-61	0.001	0.891
OTU205148	0.499	0.654	0.412	0.635	0.0325	0.234	4.05e-33	0.0796088397790055	0.70841095890411	1.50428571428571e-32	0.007	0.738
OTU4356832	0.2	0.404	0.136	0.316	0.0742	0.268	8.06e-07	0.147069058295964	0.726723926380368	9.2532987012987e-07	0.014	0.347
OTU194395	0.779	0.998	0.732	0.944	0.0526	0.129	9.76e-70	0.115095049504951	0.617849462365591	1.43797333333333e-67	0.003	0.91
OTU527751	0.479	0.594	0.405	0.504	0.185	0.187	6.25e-21	0.30625468164794	0.68371875	1.14626556016597e-20	0.007	0.599
OTU182165	0.146	0.256	0.233	0.36	0.0201	0.363	3.25e-10	0.0538436363636364	0.778864077669903	4.08096590909091e-10	0.017	0.416
OTU553080	0.422	0.76	0.316	0.577	0.014	0.226	1.96e-34	0.0404444444444444	0.702902777777778	8.09644859813084e-34	0.009	0.742
OTU195093	0.457	0.518	0.452	0.541	0.837	0.346	4.13e-25	0.920283582089552	0.767452736318408	9.55738219895288e-25	0.002	0.651
OTU370075	0.161	0.27	0.09	0.184	0.0116	0.322	0.00808	0.0344107382550336	0.748177083333333	0.00862647342995169	0.028	0.196
OTU179425	0.367	0.544	0.268	0.502	0.0596	0.165	3.01e-21	0.129133333333333	0.663	5.59e-21	0.01	0.616
OTU196711	0.348	0.582	0.264	0.446	0.192	0.206	2.69e-34	0.314311111111111	0.687924812030075	1.08089090909091e-33	0.004	0.756
OTU265871	0.378	0.594	0.52	0.699	2.47e-05	0.349	6.14e-59	0.000153766197183099	0.767452736318408	2.46716363636364e-57	0.012	0.875
OTU819181	0.6	0.685	0.624	0.668	0.282	0.788	1.66e-43	0.431294117647059	0.961928374655648	1.22286666666667e-42	0.001	0.811
OTU195946	0.209	0.341	0.158	0.255	0.102	0.717	7.19e-10	0.191033898305085	0.952404761904762	8.87703910614525e-10	0.008	0.398
OTU548032	0.33	0.333	0.378	0.308	0.198	0.722	9.65e-06	0.322937269372694	0.952404761904762	1.08808673469388e-05	0.006	0.285
OTU214036	0.461	0.543	0.217	0.313	4.55e-11	0.495	4.22e-22	8.74391304347826e-10	0.896628571428571	8.00532188841202e-22	0.084	0.645
OTU577027	0.486	0.905	0.528	0.89	0.953	0.19	1.12e-54	0.966114678899083	0.68371875	2.4752e-53	0.001	0.863
OTU4301298	0.341	0.687	0.35	0.689	0.714	0.15	9.32e-59	0.842746666666667	0.647980582524272	3.43286666666667e-57	0.001	0.883
OTU197924	0.294	0.355	0.15	0.23	1.16e-05	0.284	2.88e-09	7.65253731343284e-05	0.748177083333333	3.45913043478261e-09	0.059	0.415
OTU259772	0.276	0.469	0.108	0.256	1.01e-05	0.956	4.46e-10	6.868e-05	0.984132723112128	5.55301408450704e-10	0.053	0.454
OTU215855	0.353	0.583	0.362	0.601	0.532	0.808	3.23e-56	0.697756676557864	0.965232432432433	7.93144444444444e-55	0	0.866
OTU348027	2.391	0.757	2.052	0.721	8.57e-10	0.665	8.39e-34	1.40294074074074e-08	0.933880877742947	3.28175221238938e-33	0.052	0.743
OTU329623	0.391	0.489	0.65	0.667	1.99e-08	0.255	5.1e-25	2.83735483870968e-07	0.7154875	1.1740625e-24	0.055	0.677
OTU525215	0.179	0.251	0.154	0.24	0.219	0.521	1.08e-08	0.348194244604317	0.903066666666667	1.27636363636364e-08	0.006	0.377
OTU198916	0.417	0.55	0.312	0.453	0.00584	0.229	2.53e-40	0.019704427480916	0.702902777777778	1.43366666666667e-39	0.009	0.783
OTU297057	1.015	1.022	0.924	0.873	0.0512	0.0518	7.25e-45	0.113720603015075	0.559226086956522	6.53979591836735e-44	0.007	0.818
OTU210647	0.229	0.5	0.197	0.447	0.467	0.591	1.09e-33	0.639052631578947	0.918	4.15327586206897e-33	0.001	0.741
OTU192893	0.318	0.555	0.265	0.499	0.297	0.092	6.52e-46	0.446494915254237	0.617849462365591	6.13157446808511e-45	0.003	0.828
OTU522025	0.686	0.563	0.406	0.549	3.51e-07	0.475	4.16e-15	3.4476e-06	0.882142857142857	6.04842105263158e-15	0.059	0.558
OTU197725	0.123	0.222	0.123	0.24	0.929	0.425	1.78e-11	0.95938785046729	0.848162162162162	2.32769230769231e-11	0.002	0.436
OTU196632	0.371	0.544	0.159	0.322	6.46e-08	0.926	1.8e-21	7.68847368421053e-07	0.984132723112128	3.37118644067797e-21	0.056	0.627
OTU588277	0.567	0.695	0.422	0.585	0.00227	0.00375	3.98e-26	0.00895839285714286	0.3315	9.77311111111111e-26	0.027	0.679
OTU365118	0.517	0.676	0.41	0.551	0.0132	0.779	2.45e-26	0.0386384105960265	0.961928374655648	6.15284090909091e-26	0.01	0.673
OTU548021	0.329	0.438	0.424	0.474	0.0195	0.67	4.24e-23	0.0525548780487805	0.933880877742947	8.79849765258216e-23	0.01	0.637
OTU303274	0.284	0.468	0.193	0.385	0.00714	0.0396	3.99e-19	0.0231969343065693	0.559226086956522	6.75701149425287e-19	0.022	0.596
OTU350398	0.648	0.789	0.696	0.784	0.286	0.0416	1.17e-43	0.435903448275862	0.559226086956522	9.23464285714286e-43	0.005	0.808
OTU318348	0.772	0.716	0.871	0.787	0.000469	0.823	8.18e-50	0.002278	0.974384039900249	1.24674482758621e-48	0.01	0.841
OTU189651	0.08	0.158	0.111	0.194	0.155	0.161	0.0372	0.262490421455939	0.658907407407407	0.0385971830985916	0.016	0.142
OTU772282	0.9	0.811	0.679	0.643	2.01e-06	0.0923	1.51e-48	1.61530909090909e-05	0.617849462365591	2.02248484848485e-47	0.021	0.835
OTU536535	0.564	0.704	0.743	0.813	0.00053	0.966	9.67e-44	0.00254630434782609	0.984132723112128	7.77116363636364e-43	0.011	0.805
OTU176108	1.467	0.972	1.231	0.885	2.01e-06	0.114	5.33e-47	1.61530909090909e-05	0.617849462365591	5.88965e-46	0.022	0.825
OTU199448	1.047	0.857	0.717	0.664	1.38e-07	0.938	2.96e-25	1.45228571428571e-06	0.984132723112128	6.92232804232804e-25	0.047	0.672
OTU293508	0.489	0.54	0.388	0.47	0.103	0.195	5.09e-16	0.192092827004219	0.68371875	7.73120274914089e-16	0.01	0.535
OTU196957	0.095	0.187	0.108	0.183	0.616	0.435	0.000109	0.768208450704225	0.854533333333333	0.000120445	0.003	0.242
OTU572476	0.634	0.45	0.416	0.389	5.06e-06	0.545	4.83e-07	3.72753333333333e-05	0.906258992805755	5.55953125e-07	0.067	0.369
OTU210965	0.253	0.454	0.186	0.355	0.0181	0.541	6.28e-26	0.0493521472392638	0.906258992805755	1.52514285714286e-25	0.01	0.662
OTU194353	0.188	0.364	0.175	0.403	0.609	0.872	9.95e-31	0.762543909348442	0.974384039900249	3.25e-30	0	0.692
OTU191421	0.28	0.433	0.09	0.188	3.8e-08	0.527	5.6e-10	4.94e-07	0.906258992805755	6.95280898876405e-10	0.085	0.462
OTU535375	1.603	0.859	1.417	0.763	0.000132	0.787	1.94e-36	0.000720296296296296	0.961928374655648	8.74979591836735e-36	0.018	0.756
OTU341221	0.293	0.511	0.358	0.572	0.0273	0.515	1.33e-43	0.0685602272727273	0.899661417322835	1.03133333333333e-42	0.005	0.804
OTU348642	0.261	0.401	0.127	0.242	1.41e-05	0.217	2.77e-22	9.03217391304348e-05	0.698231884057971	5.2773275862069e-22	0.038	0.627
OTU548587	0.303	0.359	0.464	0.504	0.000316	0.197	1.68e-12	0.00158718181818182	0.68371875	2.25018181818182e-12	0.037	0.48
OTU548233	0.476	0.532	0.245	0.355	1.97e-06	0.95	7.66e-10	1.61530909090909e-05	0.984132723112128	9.43097493036212e-10	0.063	0.444
OTU336528	1.253	0.764	1.1	0.711	0.00774	0.402	9.37e-25	0.0243570212765957	0.828493023255814	2.13481443298969e-24	0.013	0.662
OTU194615	0.32	0.346	0.323	0.364	0.916	0.439	1.22e-06	0.95938785046729	0.85479295154185	1.38979381443299e-06	0.002	0.324
OTU357963	1.913	0.877	1.72	0.917	0.0109	0.962	6.4e-28	0.0325527027027027	0.984132723112128	1.79037974683544e-27	0.009	0.697
OTU193240	0.315	0.338	0.18	0.237	0.000298	0.309	0.00507	0.00151397701149425	0.748177083333333	0.00545240875912409	0.053	0.215
OTU192347	0.346	0.798	0.306	0.643	0.948	0.205	5.71e-41	0.966114678899083	0.687924812030075	3.41056756756757e-40	0.001	0.808
OTU403701	0.706	1.02	0.547	0.816	0.0213	0.972	1.82e-43	0.0563748502994012	0.984132723112128	1.31875409836066e-42	0.005	0.802
OTU213487	1.186	0.817	0.91	0.76	0.00115	0.826	2.3e-16	0.00503267326732673	0.974384039900249	3.55454545454545e-16	0.023	0.549
OTU193372	0.323	0.421	0.374	0.45	0.0482	0.0582	1.08e-23	0.108368527918782	0.559226086956522	2.30608695652174e-23	0.013	0.641
OTU184570	0.713	0.665	0.425	0.47	4.56e-08	0.368	6.16e-17	5.75862857142857e-07	0.785777777777778	9.6893950177936e-17	0.068	0.57
OTU173986	0.344	0.539	0.462	0.631	0.00353	0.129	1.05e-41	0.0130021666666667	0.617849462365591	6.72608695652174e-41	0.011	0.793
OTU194831	0.516	0.517	0.471	0.46	0.272	0.825	1.04e-31	0.420363636363636	0.974384039900249	3.59125e-31	0.002	0.715
OTU187265	0.657	0.644	0.609	0.606	0.582	0.248	7.42e-25	0.745634782608696	0.7154875	1.69929533678756e-24	0.003	0.659
OTU359120	0.817	0.641	0.708	0.555	0.00425	0.133	5.29e-36	0.01467578125	0.6188	2.3150297029703e-35	0.012	0.764
OTU198930	0.233	0.445	0.248	0.453	0.916	0.602	5.89e-20	0.95938785046729	0.922235294117647	1.02900395256917e-19	0.001	0.604
OTU199716	1.194	1.163	1.254	1.172	0.692	0.106	3.68e-69	0.82889972899729	0.617849462365591	4.0664e-67	0.001	0.911
OTU174036	1.093	0.653	1.077	0.615	0.37	0.961	3e-28	0.53973597359736	0.984132723112128	8.5e-28	0.001	0.685
OTU199421	0.945	0.718	0.72	0.645	0.000599	0.228	1.84e-13	0.00281657446808511	0.702902777777778	2.5415e-13	0.032	0.498
OTU2130193	0.045	0.152	0.717	0.644	1.09e-21	0.13	0.169	9.6356e-20	0.617849462365591	0.172115207373272	0.348	0.404
OTU179866	0.205	0.342	0.2	0.395	0.741	0.965	2.11e-28	0.848502590673575	0.984132723112128	6.09555555555555e-28	0	0.678
OTU358639	0.395	0.62	0.369	0.605	0.709	0.144	2.13e-38	0.842746666666667	0.647683168316832	1.09472093023256e-37	0.002	0.771
OTU524258	0.802	0.614	0.835	0.613	0.44	0.266	1.14e-29	0.609655172413793	0.725753086419753	3.52363636363636e-29	0.003	0.7
OTU362344	0.581	0.496	0.504	0.479	0.153	0.655	2.2e-15	0.261104247104247	0.933880877742947	3.24133333333333e-15	0.005	0.512
OTU573110	0.534	0.488	0.666	0.559	0.00186	0.693	2.29e-27	0.00754238532110092	0.946753086419753	6.09746987951807e-27	0.015	0.679
OTU1109844	0.158	0.427	0.452	0.666	3.9e-07	0.292	2.56e-11	3.66765957446809e-06	0.748177083333333	3.328e-11	0.073	0.459
OTU189677	0.796	0.744	0.501	0.581	9.9e-07	0.105	5.28e-23	8.58e-06	0.617849462365591	1.07053211009174e-22	0.048	0.643
OTU199698	0.257	0.309	0.2	0.278	0.0958	0.308	7.85e-12	0.183305627705628	0.748177083333333	1.02958456973294e-11	0.01	0.446
OTU198618	0.311	0.541	0.299	0.561	0.337	0.514	3.86e-54	0.496513333333333	0.899661417322835	8.12438095238095e-53	0.001	0.865
OTU535549	0.764	0.858	0.935	1.071	0.000138	0.964	8.09e-49	0.000743853658536585	0.984132723112128	1.15347741935484e-47	0.012	0.835
OTU199455	0.802	0.588	0.824	0.597	0.53	0.692	1.58e-24	0.697202380952381	0.946753086419753	3.5630612244898e-24	0.001	0.641
OTU199279	0.116	0.193	0.091	0.173	0.282	0.662	0.0215	0.431294117647059	0.933880877742947	0.0225724465558195	0.005	0.144
OTU198324	0.484	0.699	0.477	0.673	0.637	0.665	2.25e-38	0.782094444444445	0.933880877742947	1.14310344827586e-37	0	0.768
OTU363232	0.584	0.674	0.516	0.614	0.0666	0.0248	1.59e-36	0.135655299539171	0.551447619047619	7.24515463917526e-36	0.01	0.76
OTU14288	0.011	0.07	0.5	0.634	8.51e-14	0.568	0.412	2.2126e-12	0.906258992805755	0.415762557077626	0.227	0.264
OTU361108	0.637	0.727	0.621	0.73	0.986	0.025	1.11e-33	0.990481818181818	0.551447619047619	4.19333333333333e-33	0.006	0.742
OTU194758	0.245	0.478	0.248	0.463	0.771	0.224	8.88e-49	0.876046272493573	0.702184397163121	1.22655e-47	0.001	0.833
OTU322258	0.337	0.461	0.169	0.303	4.34e-06	0.941	3.23e-13	3.2513220338983e-05	0.984132723112128	4.42e-13	0.052	0.512
OTU197050	0.546	0.518	0.624	0.523	0.147	0.57	1.25e-14	0.2538046875	0.906258992805755	1.79383116883117e-14	0.006	0.501
OTU212481	0.597	0.608	0.565	0.54	0.775	0.0569	1.74e-26	0.878333333333333	0.559226086956522	4.42e-26	0.006	0.669
OTU367213	0.561	0.734	0.531	0.71	0.298	0.802	5.3e-61	0.446494915254237	0.965232432432433	2.92825e-59	0.001	0.892
OTU192619	0.1	0.17	0.106	0.206	0.726	0.0519	0.000175	0.848502590673575	0.559226086956522	0.000192412935323383	0.014	0.26
OTU307238	0.425	0.488	0.511	0.555	0.0249	0.543	5.96e-24	0.063251724137931	0.906258992805755	1.28503414634146e-23	0.009	0.653
OTU369017	0.635	0.549	0.413	0.416	3.8e-07	0.238	5.39e-20	3.65130434782609e-06	0.711298013245033	9.45388888888889e-20	0.053	0.614
OTU365484	0.627	0.675	0.473	0.543	0.0012	0.883	9.44e-28	0.0051	0.974384039900249	2.6078e-27	0.016	0.692
OTU197105	0.176	0.294	0.374	0.473	2.67e-05	0.693	3.76e-09	0.000163908333333333	0.946753086419753	4.49167567567568e-09	0.05	0.431
OTU1139524	0.274	0.506	0.294	0.499	0.635	0.265	7.09e-20	0.782094444444445	0.725753086419753	1.22893333333333e-19	0.003	0.582
OTU189698	0.383	0.445	0.363	0.416	0.934	0.613	5.58e-15	0.96230303030303	0.927013422818792	8.06e-15	0.001	0.514
OTU195759	1.323	0.744	1.412	0.725	0.135	0.0786	4.73e-23	0.236785714285714	0.617849462365591	9.67898148148148e-23	0.009	0.631
OTU188749	0.251	0.443	0.267	0.489	0.941	0.0633	1.03e-37	0.966114678899083	0.570991836734694	5.17340909090909e-37	0.004	0.773
OTU198928	0.197	0.383	0.22	0.364	0.824	0.548	9.72e-21	0.914862842892768	0.906258992805755	1.76075409836066e-20	0.001	0.616
OTU181187	0.189	0.362	0.218	0.407	0.591	0.759	1.73e-31	0.750637931034483	0.961255014326648	5.79287878787879e-31	0	0.729
OTU194112	0.42	0.51	0.277	0.365	0.00283	0.0198	6.46e-13	0.010783275862069	0.551447619047619	8.73186544342508e-13	0.034	0.502
OTU304156	0.408	0.594	0.473	0.657	0.0647	0.034	2.75e-41	0.133632710280374	0.556592592592593	1.71197183098592e-40	0.008	0.792
OTU195508	1.114	0.981	1.235	1.028	0.0354	0.51	1.78e-58	0.0850369565217391	0.899661417322835	5.61971428571429e-57	0.003	0.873
OTU193763	0.282	0.466	0.293	0.479	0.827	0.0627	9.15e-34	0.914862842892768	0.570991836734694	3.52831304347826e-33	0.004	0.744
OTU328098	0.331	0.456	0.263	0.37	0.0369	0.994	3.29e-19	0.0881610810810811	0.994	5.65828793774319e-19	0.008	0.59
OTU525698	0.376	0.508	0.379	0.527	0.851	0.114	5.37e-39	0.924181818181818	0.617849462365591	2.89456097560976e-38	0.003	0.785
OTU328659	0.8	0.807	0.764	0.766	0.289	0.243	1.27e-50	0.438962199312715	0.711298013245033	2.24536e-49	0.002	0.843
OTU190639	0.224	0.401	0.208	0.375	0.0554	0.383	7.06e-35	0.120624630541872	0.802303317535545	2.94388679245283e-34	0.005	0.754
OTU357168	0.771	0.503	0.816	0.519	0.406	0.731	1.26e-13	0.575166666666667	0.954407079646018	1.75132075471698e-13	0.002	0.473
OTU179157	0.157	0.249	0.116	0.227	0.0611	0.245	2.6e-09	0.1302625	0.712434210526316	3.13133514986376e-09	0.014	0.393
OTU185588	0.702	0.528	0.755	0.593	0.217	0.146	3.38e-24	0.346259927797834	0.647683168316832	7.50733668341709e-24	0.006	0.643
OTU363400	1.015	0.66	0.965	0.673	0.628	0.763	2.24e-27	0.779707865168539	0.961928374655648	6.00048484848485e-27	0	0.673
OTU327818	0.394	0.638	0.334	0.551	0.0674	0.901	4.79e-34	0.13665504587156	0.979567567567568	1.89033928571429e-33	0.004	0.734
OTU531675	0.813	0.545	0.829	0.574	0.85	0.777	3.93e-13	0.924181818181818	0.961928374655648	5.3448e-13	0	0.473
OTU365455	0.446	0.66	0.345	0.526	0.018	0.00466	4.93e-29	0.0493521472392638	0.343286666666667	1.5028e-28	0.019	0.709
OTU331417	0.325	0.573	0.366	0.578	0.442	0.636	5.14e-42	0.6105125	0.933880877742947	3.39086567164179e-41	0.001	0.795
OTU368264	0.584	0.63	0.531	0.572	0.209	0.381	2.81e-34	0.33592	0.802303317535545	1.11893693693694e-33	0.003	0.737
OTU184745	0.531	0.732	0.479	0.613	0.0923	0.243	1.09e-31	0.17737652173913	0.711298013245033	3.73472868217054e-31	0.005	0.725
OTU560336	0.781	0.832	0.773	0.772	0.473	0.0895	9.18e-44	0.64464	0.617849462365591	7.514e-43	0.003	0.807
OTU529940	0.122	0.194	0.143	0.201	0.448	0.973	2.73e-06	0.614956521739131	0.984132723112128	3.10195372750643e-06	0.002	0.307
OTU609964	0.018	0.077	0.702	0.703	1.77e-19	0.156	0.495	9.77925e-18	0.648542056074766	0.498382687927107	0.324	0.352
OTU216599	0.264	0.447	0.102	0.215	2.45e-06	0.724	7.96e-17	1.93375e-05	0.952404761904762	1.24322261484099e-16	0.05	0.555
OTU520774	0.435	0.604	0.463	0.611	0.406	0.787	1.18e-32	0.575166666666667	0.961928374655648	4.20612903225806e-32	0.001	0.718
OTU319411	1.132	0.769	1.298	0.847	0.000206	0.182	1.74e-41	0.00105874418604651	0.68371875	1.09868571428571e-40	0.015	0.8
OTU196314	0.734	0.663	0.85	0.653	0.000748	0.125	1.35e-37	0.00333955555555556	0.617849462365591	6.70449438202247e-37	0.015	0.771
OTU215963	0.903	0.879	0.686	0.799	7.87e-06	0.584	1.71e-46	5.54955555555556e-05	0.912113074204947	1.75772093023256e-45	0.018	0.824
OTUNew.ReferenceOTU2357	0.158	0.29	0.148	0.274	0.56	0.882	5.55e-13	0.725865102639296	0.974384039900249	7.52484662576687e-13	0.001	0.488
OTUNew.ReferenceOTU1472	0.918	0.746	0.688	0.606	4.72e-07	0.191	1.73e-30	4.34633333333333e-06	0.68371875	5.54101449275362e-30	0.039	0.72
OTUNew.ReferenceOTU1885	0.097	0.196	0.146	0.258	0.0734	0.101	3.27e-07	0.146138738738739	0.617849462365591	3.77373368146214e-07	0.019	0.336
OTUNew.ReferenceOTU1067	0.024	0.086	0.57	0.564	5.48e-20	0.25	0.14	3.46022857142857e-18	0.7154875	0.142909930715935	0.32	0.381
OTUNew.ReferenceOTU1667	0.222	0.389	0.178	0.317	0.0657	0.722	1.14e-25	0.135055555555556	0.952404761904762	2.72367567567568e-25	0.006	0.668
OTUNew.ReferenceOTU2699	0.183	0.335	0.165	0.347	0.0979	0.951	8.09e-29	0.184922222222222	0.984132723112128	2.39985234899329e-28	0.004	0.698
OTUNew.ReferenceOTU1017	0.021	0.082	0.795	0.802	4.77e-21	0.466	0.00721	3.5139e-19	0.869080168776371	0.007735	0.315	0.43
OTUNew.ReferenceOTU3631	0.3	0.303	0.255	0.266	0.235	0.625	0.000159	0.369644128113879	0.927013422818792	0.000175256857855362	0.006	0.245
OTUNew.ReferenceOTU1307	0.425	0.403	0.196	0.241	3.33e-10	0.873	2.49e-09	5.88744e-09	0.974384039900249	3.00704918032787e-09	0.116	0.449
OTUNew.ReferenceOTU2207	0.2	0.28	0.03	0.107	6.24e-10	0.865	0.0169	1.0608e-08	0.974384039900249	0.0178276849642005	0.144	0.28
OTUNew.ReferenceOTU932	0.014	0.063	0.618	0.701	4.37e-17	0.443	0.0834	1.75594545454545e-15	0.858798245614035	0.0857274418604651	0.27	0.347
OTUNew.ReferenceOTU3154	0.236	0.315	0.136	0.205	0.000339	0.335	7.41e-08	0.00168357303370787	0.759333333333333	8.64174142480211e-08	0.042	0.375
OTUNew.ReferenceOTU545	0.241	0.395	0.151	0.295	0.00421	0.796	3.46e-17	0.014652125984252	0.963704918032787	5.52101083032491e-17	0.018	0.548
OTUNew.ReferenceOTU2654	0.326	0.568	0.309	0.544	0.595	0.772	1.89e-28	0.7514	0.961928374655648	5.49592105263158e-28	0.001	0.689
OTUNew.ReferenceOTU1653	0.776	0.58	0.61	0.505	0.00202	0.497	4.1e-12	0.00811672727272727	0.896628571428571	5.44204204204204e-12	0.026	0.453
OTUNew.ReferenceOTU1406	0.142	0.216	0.217	0.291	0.0212	0.635	0.000809	0.0563748502994012	0.933880877742947	0.000878570024570025	0.02	0.234
OTUNew.ReferenceOTU1687	0.31	0.475	0.152	0.292	8.18e-07	0.0218	9.95e-25	7.23112e-06	0.551447619047619	2.25533333333333e-24	0.05	0.665
OTUNew.ReferenceOTU700	0.299	0.566	0.308	0.551	0.875	0.342	3.13e-52	0.93871359223301	0.763454545454545	5.76441666666667e-51	0.001	0.847
OTUNew.ReferenceOTU1357	0.413	0.44	0.346	0.353	0.0412	0.543	2.63e-16	0.0970989361702128	0.906258992805755	4.03631944444444e-16	0.01	0.539
OTUNew.ReferenceOTU2493	0.214	0.33	0.132	0.263	0.00777	0.038	3.46e-19	0.0243570212765957	0.559226086956522	5.899e-19	0.022	0.589
OTUNew.ReferenceOTU966	0.015	0.072	0.585	0.66	2.11e-17	0.2	0.0255	9.3262e-16	0.685271317829457	0.0267085308056872	0.27	0.373
OTUNew.ReferenceOTU3472	0.464	0.571	0.249	0.345	2.95e-07	0.118	1.82e-17	2.96340909090909e-06	0.617849462365591	2.9575e-17	0.06	0.587
OTUNew.ReferenceOTU3504	0.13	0.227	0.084	0.162	0.0866	0.569	0.0646	0.167882456140351	0.906258992805755	0.0667130841121495	0.013	0.122
OTUNew.ReferenceOTU1698	0.052	0.155	0.669	0.851	1.13e-13	0.381	0.00462	2.62873684210526e-12	0.802303317535545	0.00498058536585366	0.203	0.344
OTUNew.ReferenceOTU168	0.125	0.209	0.086	0.17	0.105	0.319	0.0137	0.193375	0.748177083333333	0.0144866028708134	0.014	0.167
OTUNew.ReferenceOTU2476	0.436	0.387	0.327	0.344	0.007	0.706	5.69e-09	0.0229185185185185	0.952404761904762	6.7789218328841e-09	0.022	0.391
OTUNew.ReferenceOTU2586	0.166	0.244	0.076	0.161	0.000141	0.844	0.000302	0.000750867469879518	0.974384039900249	0.000330405940594059	0.051	0.279
OTUNew.ReferenceOTU1109	0.128	0.271	0.426	0.753	9.77e-06	0.349	3.57e-05	6.74740625e-05	0.767452736318408	3.97465994962217e-05	0.069	0.314
OTUNew.ReferenceOTU1360	0.024	0.086	0.488	0.509	3.81e-19	0.0697	0.028	1.87113333333333e-17	0.604066666666667	0.02925768321513	0.301	0.396
OTUNew.ReferenceOTU2608	0.308	0.443	0.374	0.394	0.0707	0.361	1.32e-13	0.142042727272727	0.778351219512195	1.82896551724138e-13	0.01	0.479
OTUNew.ReferenceOTU997	0.211	0.422	0.152	0.33	0.00822	0.798	2.19e-15	0.0254072727272727	0.963704918032787	3.23739130434783e-15	0.015	0.569
OTUNew.ReferenceOTU202	0.189	0.268	0.364	0.422	1.17e-07	0.79	3.89e-17	1.26131707317073e-06	0.961928374655648	6.18482014388489e-17	0.063	0.564
OTUNew.ReferenceOTU1820	0.195	0.295	0.1	0.18	9.85e-05	0.561	1.29e-10	0.000551101265822785	0.906258992805755	1.65269565217391e-10	0.042	0.444
OTUNew.ReferenceOTU1948	0.217	0.371	0.134	0.266	0.000437	0.306	2.82e-20	0.00214615555555556	0.748177083333333	5.00578313253012e-20	0.026	0.606
OTUNew.ReferenceOTU3096	0.195	0.381	0.24	0.408	0.0621	0.0103	8.22e-33	0.1311336492891	0.542454545454545	2.97806557377049e-32	0.013	0.733
OTUNew.ReferenceOTU756	0.006	0.041	0.393	0.506	1.46e-13	0.306	0.701	3.2266e-12	0.748177083333333	0.702589569160998	0.229	0.248
OTUNew.ReferenceOTU1382	0.006	0.041	0.412	0.474	2.01e-16	0.353	0.316	6.834e-15	0.772405940594059	0.320348623853211	0.27	0.313
OTUNew.ReferenceOTU1688	0.315	0.392	0.627	0.651	1.43e-08	0.0231	7.29e-12	2.10686666666667e-07	0.551447619047619	9.61844776119403e-12	0.097	0.494
OTUNew.ReferenceOTU2624	0.235	0.275	1.406	0.787	2.36e-34	0.293	0.0461	3.47706666666667e-32	0.748177083333333	0.0477194379391101	0.502	0.566
OTUNew.ReferenceOTU2938	0.099	0.207	0.21	0.401	0.00213	0.717	1.09e-05	0.00848162162162162	0.952404761904762	1.22590330788804e-05	0.032	0.294
OTUNew.ReferenceOTU2150	0.007	0.054	0.436	0.555	9.05e-14	0.637	0.582	2.22227777777778e-12	0.933880877742947	0.584645454545455	0.229	0.254
OTUNew.ReferenceOTU1712	0.95	0.967	0.967	0.923	0.412	0.181	1.91e-46	0.581801916932907	0.68371875	1.87604444444444e-45	0.002	0.823
OTUNew.ReferenceOTU2365	0.421	0.654	0.381	0.575	0.041	0.463	1.16e-38	0.0970989361702128	0.869080168776371	6.10380952380952e-38	0.005	0.792
OTUNew.ReferenceOTU2367	0.276	0.48	0.254	0.481	0.0469	0.0319	2.22e-58	0.10676	0.556592592592593	6.5416e-57	0.005	0.877
OTUNew.ReferenceOTU2556	0.117	0.2	0.134	0.232	0.918	0.411	2.26e-12	0.95938785046729	0.829506849315069	3.00879518072289e-12	0.002	0.476
OTUNew.ReferenceOTU2395	0.524	0.617	0.534	0.649	0.903	0.853	3.76e-26	0.95938785046729	0.974384039900249	9.28446927374302e-26	0	0.666
OTUNew.ReferenceOTU3060	0.272	0.324	0.348	0.381	0.0226	0.944	7.88e-16	0.0591076923076923	0.984132723112128	1.18066440677966e-15	0.012	0.526
OTUNew.ReferenceOTU801	0.154	0.304	0.155	0.26	0.73	0.00235	6.83e-20	0.848502590673575	0.259675	1.18852755905512e-19	0.018	0.608
OTUNew.ReferenceOTU2081	0.315	0.544	0.249	0.473	0.137	0.406	5.39e-37	0.239343873517787	0.829506849315069	2.53444680851064e-36	0.003	0.751
OTUNew.ReferenceOTU1860	0.034	0.103	0.989	0.696	3.6e-31	0.847	0.33	3.978e-29	0.974384039900249	0.333775743707094	0.48	0.511
OTUNew.ReferenceOTU1869	0.152	0.239	0.114	0.214	0.0974	0.536	5.35e-05	0.184767381974249	0.906258992805755	5.94145728643216e-05	0.011	0.276
OTUNew.ReferenceOTU3358	0.317	0.519	0.307	0.51	0.71	0.984	3.2e-47	0.842746666666667	0.988472727272727	3.8227027027027e-46	0	0.829
OTUNew.ReferenceOTU659	0.159	0.333	0.186	0.317	0.305	0.00949	1.03e-16	0.455439189189189	0.542454545454545	1.59740350877193e-16	0.017	0.532
OTUNew.ReferenceOTU2411	0.329	0.366	0.334	0.485	0.914	0.967	2.89e-09	0.95938785046729	0.984132723112128	3.46173441734417e-09	0	0.38
OTUNew.ReferenceOTU2961	0.2	0.415	0.132	0.276	0.0132	0.715	2.07e-17	0.0386384105960265	0.952404761904762	3.32705454545455e-17	0.014	0.541
OTUNew.ReferenceOTU3587	0.32	0.677	0.259	0.538	0.0326	0.0391	4.97e-24	0.0796088397790055	0.559226086956522	1.07683333333333e-23	0.015	0.65
OTUNew.ReferenceOTU89	0.023	0.089	0.595	0.722	1.06e-14	0.18	0.217	3.12346666666667e-13	0.68371875	0.220491954022988	0.241	0.297
OTUNew.ReferenceOTU1056	0.239	0.292	0.065	0.15	1.74e-09	0.416	9.63e-05	2.74671428571429e-08	0.835781818181818	0.000106678195488722	0.127	0.34
OTUNew.ReferenceOTU1509	0.272	0.553	0.367	0.681	0.0613	0.881	6.34e-36	0.1302625	0.974384039900249	2.72066019417476e-35	0.004	0.755
OTUNew.ReferenceOTU1013	0.333	0.352	0.207	0.293	4.08e-05	0.243	2.06e-17	0.000239028947368421	0.711298013245033	3.32306569343066e-17	0.039	0.562
OTUNew.ReferenceOTU2400	0.285	0.458	0.291	0.424	0.928	0.0551	3.32e-14	0.95938785046729	0.559226086956522	4.73367741935484e-14	0.009	0.486
OTUNew.ReferenceOTU2405	0.171	0.298	0.093	0.212	0.000128	0.958	3.14e-20	0.0007072	0.984132723112128	5.55152e-20	0.028	0.618
