Taxa	stoolMeans	swabMeans	tissueMeans	Origin p-value	OriginSwabStool p-value	OriginTissueStool p-value	OriginTissueSwab p-value	Time p-value	Individual p-value	Origin (adj p-value)	OriginSwabStool (adj p-value)	OriginTissueStool (adj p-value)	OriginTissueSwab (adj p-value)	Time (adj p-value)	Individual (adj p-value)
Eubacteriaceae	2.95954966300549	2.7664906565827	0.720078137286896	1.19361375192452e-23	0.36411333857627	2.33146835171283e-15	2.96429547574917e-14	0.638187792474947	1.00684931854045e-06	2.87793537964024e-22	0.999987044159195	5.62142924801871e-14	6.06676325338123e-13	0.98413710812345	6.62079703403869e-06
Desulfohalobiaceae	0.0454288049964206	0.0274471605165025	0	0.295688353107475	0.738772072129109	0.298952646396545	0.719666271112008	0.65951954473935	2.64406960731047e-05	0.356468736801789	0.999987044159195	0.463376601914645	0.821934635954241	0.98413710812345	0.000102457697283281
Spirochaetaceae	0.850461199007021	1.02488650372523	0.809599077076861	0.0934579171559342	0.101708049326712	0.922120722374373	0.194823881477034	0.859241870105491	1.05348916911401e-08	0.154284910506663	0.633094579679731	0.952858079786852	0.332888049452885	0.99425665600923	1.42879468561088e-07
Rubrobacteraceae	0.0944423052851321	0.131779645506178	0	0.114615244392328	0.665129843677653	0.19697254455517	0.0981841768170912	0.592854062841002	0.109754043706166	0.177653628808109	0.999987044159195	0.350537305863255	0.195467581369805	0.98413710812345	0.160923158677285
Beijerinckiaceae	0.0510908084712278	0.087185759788755	0.285833147662681	0.000114702506472435	0.671322374487041	6.27894808554741e-05	0.00477765976356581	0.812493038219245	0.999890438129623	0.000541096606619967	0.999987044159195	0.000353007646460356	0.0185134315838175	0.99425665600923	0.999992249420043
Comamonadaceae	0.646701297464172	0.857044990511804	0.964008030187136	0.00324586138553973	0.0467329293192018	0.0130247915805659	0.683619147101666	0.858702017877336	4.63825983658861e-07	0.00939135894216163	0.460956621012127	0.0371892075392474	0.804494407190867	0.99425665600923	3.4706978777232e-06
Cyclobacteriaceae	0.103004397462077	0.0648408598574367	0	0.106812226619414	0.607386217537409	0.10550576367819	0.511639726711019	0.407666735184415	0.169514297891064	0.16675002285189	0.999987044159195	0.219949292120882	0.65670772701944	0.98413710812345	0.234296832116948
Bifidobacteriaceae	1.93005174668966	1.83861933722293	0.347531132303426	3.9175161114418e-14	0.799544919051685	4.69624339416441e-14	1.72558412003809e-10	0.323262124223595	9.71742337440077e-06	4.04809998182319e-13	0.999987044159195	5.66158231407599e-13	2.34032346280166e-09	0.98413710812345	4.48655504732972e-05
Xanthomonadaceae	0.45199284103991	0.526058884891388	0.302487882048545	0.198081850920699	0.655953911610338	0.340803115857944	0.170982908649756	0.245145629157049	5.31586264188383e-06	0.276354671202875	0.999987044159195	0.488537137365823	0.304125337516368	0.98413710812345	2.62168680292907e-05
Colwelliaceae	0.00754144612163972	0.0256579390710526	0	0.257593075001674	0.307423338653226	0.877676591335084	0.331352600046324	0.398063622332178	0.999922522920375	0.324986612066066	0.999987044159195	0.941912101123733	0.495886304896913	0.98413710812345	0.999992249420043
Syntrophobacteraceae	0.0673370043756672	0.149525522934599	0	0.0224530866589904	0.0855529177194088	0.347392994605709	0.0236345612075272	0.561758223982508	0.0627591430684919	0.0518331894149033	0.598870424035861	0.488537137365823	0.0666064906757584	0.98413710812345	0.0979765039270701
Prevotellaceae	1.69857977976149	2.00226804876987	0.505838599324267	1.54871773519637e-09	0.124791308640587	2.55387424541453e-08	2.24165297435519e-09	0.615179729421712	1.83341740815208e-09	1.40029895224005e-08	0.660480828658718	2.40952483154328e-07	2.70243719686154e-08	0.98413710812345	3.46300129268053e-08
Desulfarculaceae	0.224088197510459	0.182744321639796	0.168826088002821	0.684790144705827	0.79407791864683	0.771145612434891	0.987855216910708	0.415100913899405	1.60115677597124e-06	0.707616482862688	0.999987044159195	0.872292858984169	1	0.98413710812345	9.65141723293778e-06
Planctomycetaceae	0.362392283870712	0.384221846274642	0.0352537561027599	0.00128772824454547	0.95047998833751	0.0012154971107069	0.00333424258529813	0.678587966771055	2.23441485776861e-07	0.00443550839787885	0.999987044159195	0.00497665798157353	0.0137980097675314	0.98413710812345	1.86487701590688e-06
Lactobacillaceae	0.938606693351554	1.01648359384087	0.133576878951477	5.19856270288514e-08	0.753193768991611	8.01598951660765e-08	3.97990965628203e-07	0.659990047720018	0.000357064357530016	3.76029368842025e-07	0.999987044159195	6.69026817347638e-07	3.32169382851231e-06	0.98413710812345	0.00101951270505281
Micrococcaceae	0.629019938145178	0.64961805078721	0.0501713787930516	6.95186795239409e-05	0.978605462715904	5.79289150056672e-05	0.000380034940838936	0.927573637149524	2.37453687514929e-08	0.000359179844207028	0.999987044159195	0.000339745258276481	0.00206168955405123	0.99425665600923	3.03102648180821e-07
Alcaligenaceae	0.429923217531934	0.400292755884699	0.0501713787930516	0.000758588956313274	0.923160329207944	0.000471492629338433	0.00711885976189397	0.558440634503478	4.75798363353391e-08	0.00288796146526281	0.999987044159195	0.00222421522970521	0.024226824220928	0.98413710812345	5.14012247214648e-07
Staphylococcaceae	0.29115871925441	0.309658735646278	0	0.00140807861178791	0.955524923866015	0.00131176873852712	0.00367453144749652	0.529269955251361	0.0920081145725886	0.00470081628858425	0.999987044159195	0.005175523932007	0.0147661726686434	0.98413710812345	0.13865111709897
Chlamydiaceae	0.0155320929522998	0.030863695262602	0	0.395629633287327	0.59800471717188	0.716293473474668	0.380161997046596	0.85051404009359	0.710891132566975	0.447143908454948	0.999987044159195	0.831206864941193	0.53918400888308	0.99425665600923	0.824937838326383
Simkaniaceae	0.0304761311783805	0	0	0.268162021665739	0.354200041185813	0.51804303999643	1	0.852701108598025	0.999950271184908	0.333386075264722	0.999987044159195	0.644616567442748	1	0.99425665600923	0.999992249420043
Anaeromyxobacteraceae	0.284377831616103	0.344627946246208	0	0.00175741192700171	0.649478563825803	0.00322171341989763	0.00202880795953564	0.453665302122687	2.40980278676035e-05	0.00540046825939415	0.999987044159195	0.0114608493789801	0.00936704951530284	0.98413710812345	9.68383712457399e-05
Herpetosiphonaceae	0.0120383753120144	0.00643171501264715	0	0.628485767439678	0.860586998659765	0.646981239706352	0.911898296806998	0.0977850754546155	0.999898745179873	0.658847398716958	0.999987044159195	0.770606943523056	0.979613516866924	0.982505822237153	0.999992249420043
Pelobacteraceae	0.239354769491731	0.29446014873312	0	0.00689145279193098	0.677686389700671	0.0118332694720517	0.00716650831519106	0.693884689137732	5.08623850218708e-05	0.0186930656981128	0.999987044159195	0.0342375930058028	0.024226824220928	0.98413710812345	0.000183952292495766
Tsukamurellaceae	0.0305853069601065	0	0	0.160203075628349	0.236184336321906	0.400140633099195	1	0.835535344488998	0.999960302854658	0.234892347373998	0.990020212315622	0.539319983742393	1	0.99425665600923	0.999992249420043
Coxiellaceae	0.00867037335083675	0.0299042563331282	0	0.315933852358088	0.365088641530073	0.898461102906023	0.393363790216085	0.668829079106641	0.999984610128902	0.37463194514593	0.999987044159195	0.941912101123733	0.550709306302519	0.98413710812345	0.999992249420043
Piscirickettsiaceae	0.126875603694351	0.112439015169027	0	0.164097319501625	0.959483777221321	0.138915438402903	0.314702737376838	0.465710015297021	1.59656362079677e-06	0.238987371354716	0.999987044159195	0.264426755556402	0.474239541741485	0.98413710812345	9.65141723293778e-06
Kofleriaceae	0.172332634311126	0.209852983537448	0.050066526876103	0.205929905753385	0.820346518340686	0.269567499542842	0.192236057247181	0.648350362718483	1.46545659961601e-07	0.282038364728783	0.999987044159195	0.433304795561456	0.331073209703478	0.98413710812345	1.27201632846669e-06
Glycomycetaceae	0.0636280708929429	0.109283400590718	0	0.12048371486482	0.418781486678259	0.344867825183552	0.101167908621342	0.051691434069469	0.00212206842047888	0.185089443694013	0.999987044159195	0.488537137365823	0.199576692462101	0.982505822237153	0.00517403199150468
Nocardiopsaceae	0.155104841382762	0.153252774526509	0	0.0649428246759964	0.999323359661879	0.0548507476815785	0.120903403663216	0.380087175451613	3.36451775879854e-06	0.117438274622427	0.999987044159195	0.127985077923683	0.23425034459748	0.98413710812345	1.82525088414821e-05
Catenulisporaceae	0.116723478267962	0.152939848369344	0	0.0888473403298088	0.733102597962238	0.13559019333053	0.080326099787654	0.39436967068439	0.178632113328342	0.151207427600084	0.999987044159195	0.262705999577903	0.167603496672317	0.98413710812345	0.243793513158807
Chromobacteriaceae	0.21546920139583	0.307346539306778	0.183312868833332	0.253411301044229	0.288128514519229	0.907187231036223	0.346451325151561	0.0269529604024214	1.03342291823612e-05	0.323472072509398	0.999987044159195	0.941912101123733	0.507972551066816	0.982505822237153	4.67193277619247e-05
Rhodobacteraceae	0.550919385627579	0.615480283906558	0	1.03243484311584e-06	0.719537552600063	1.6836276071075e-06	4.24486573025185e-06	0.398904006777563	1.91502375632103e-09	6.78904124109506e-06	0.999987044159195	1.25981789911147e-05	3.0704528782155e-05	0.98413710812345	3.46300129268053e-08
Vibrionaceae	0.43624989724325	0.474499288201034	0.118236230328426	0.00176697348579256	0.859954604792666	0.00207571680920271	0.00316608750042957	0.791753063592077	0.00010124419969942	0.00540046825939415	0.999987044159195	0.00790229030871909	0.0134713919135925	0.99425665600923	0.000348730021186893
Geodermatophilaceae	0.11708773141115	0.102520839074411	0.0501713787930516	0.465673245425488	0.938987482519693	0.435494274925617	0.685265626271847	0.102219102656489	0.336866681681404	0.505255471286654	0.999987044159195	0.559191440612984	0.804494407190867	0.982505822237153	0.425000406539911
Nocardiaceae	0.312496621269627	0.335828792488142	0	0.00252810035561749	0.945002959830568	0.0024447410193551	0.00564172107140115	0.848086905262347	3.95971323100718e-09	0.0075150380434109	0.999987044159195	0.00884181335333428	0.0206306377214181	0.99425665600923	6.13755550806113e-08
Rhodospirillaceae	0.568949840525649	0.621760475290867	0.0704053671341408	2.28755971606153e-05	0.814031533555026	2.95473180663697e-05	7.39892898476979e-05	0.186470366496113	2.6656694227179e-12	0.000127282168816757	0.999987044159195	0.000183193372011492	0.000445990997137512	0.982505822237153	1.92816754909928e-10
Bacillaceae	1.44241811795509	2.56508939432309	1.64547757938884	4.60714645336886e-20	1.54321000422897e-14	0.247283254187787	1.4393696790016e-08	0.0542897217322067	0.76532787955057	8.33125650317536e-19	3.24035243082221e-12	0.418338744051137	1.41974191065158e-07	0.982505822237153	0.878709787632136
Veillonellaceae	1.20421137263648	1.14985417180691	0.118233161850578	4.19366696405081e-09	0.908483648747152	2.10597328464956e-09	7.96694686777677e-07	0.733940670661934	0.000109486076875824	3.5000989661501e-08	0.999987044159195	2.28498101384478e-08	6.174383822527e-06	0.99425665600923	0.00037122622940709
Sanguibacteraceae	0.0259325390272434	0.091593469426229	0	0.0442620875559719	0.0646976534382097	0.758218689872226	0.0827559819980063	0.820157757539583	0.00322561090434519	0.0889340092559806	0.539976569080442	0.870547384668111	0.16926333236238	0.99425665600923	0.00752642544347211
Coriobacteriaceae	2.25293085657805	1.98611867092586	0.631800007424401	1.78964217594474e-18	0.0774630311419827	2.38697950294409e-14	1.39332989590457e-11	0.0964689145228681	1.24946891792794e-05	2.98732578600006e-17	0.563745434851428	4.31645460115722e-13	2.01568391607528e-10	0.982505822237153	5.31636774883064e-05
Erysipelotrichaceae	1.64202430080606	1.57569945634243	0.319243477490286	4.43093964676068e-17	0.805556023123731	2.80886425230165e-14	7.34856619999391e-13	0.316029477166573	6.05983392802248e-05	6.00946189591918e-16	0.999987044159195	4.32046990776295e-13	1.22664528107591e-11	0.98413710812345	0.000215571141373914
Pseudomonadaceae	0.882155047904936	1.11131995007511	0.938000140349149	0.0207057267063029	0.0149652321479331	0.848388751777293	0.314114814999752	0.150054955393204	8.86280730824557e-08	0.0483133623147069	0.170918704005341	0.929799793614508	0.474239541741485	0.982505822237153	8.01345494120537e-07
Carnobacteriaceae	0.0700309216673769	0.0922717359627284	0	0.171829274706708	0.79150549077216	0.236050728969209	0.158072309967354	0.829926295867824	0.999900353983238	0.246933461002355	0.999987044159195	0.403330773120618	0.285847427190966	0.99425665600923	0.999992249420043
Hydrogenophilaceae	0.135482032833448	0.136866264581292	0	0.093850728971795	0.999576536022779	0.0827338758820447	0.150749346247747	0.186378496108582	0.0065490834035558	0.154284910506663	0.999987044159195	0.181345970367714	0.274895866687068	0.982505822237153	0.0135474935569532
Fibrobacteraceae	0.100536310684077	0.110122697573074	0	0.104381379757814	0.967086111421005	0.10360819055266	0.133168894381306	0.245664489209131	0.0056708171722773	0.166549701525335	0.999987044159195	0.219949292120882	0.246988462228576	0.98413710812345	0.012064385552786
Streptosporangiaceae	0.0799875026723939	0.097919276383523	0	0.224663420175779	0.896832679941791	0.259558369290417	0.224955249649331	0.0976771417114888	0.0045909889989527	0.295466437443297	0.999987044159195	0.426698228303185	0.369812796772006	0.982505822237153	0.0101657613548238
Legionellaceae	0.0187766499941811	0	0	0.441437009003615	0.524513943871454	0.664798091259815	1	0.936938784882552	0.999992249420043	0.483797126029215	0.999987044159195	0.784028183714021	1	0.99425665600923	0.999992249420043
Geobacteraceae	0.597084156172696	0.61357969559667	0.129662946016554	0.000138850538667686	0.980554409965028	0.000115507460122344	0.000671078084323984	0.916365511982493	3.39630724999541e-09	0.000602611337817756	0.999987044159195	0.000582909740617409	0.00346723676900725	0.99425665600923	5.66922056345388e-08
Phycisphaeraceae	0.137786830952694	0.1070191239523	0	0.0853666481578613	0.806356983220753	0.0704420149471627	0.300700660870542	0.860078641075205	0.00333723704203916	0.148196501202047	0.999987044159195	0.159228304620149	0.464525364093275	0.99425665600923	0.00770404721406913
Pseudonocardiaceae	0.283964962704016	0.278085239931371	0.0501713787930516	0.0254855296996546	0.995930609985315	0.0202049687089781	0.0624356284593901	0.988661424751196	1.18320647881306e-05	0.0570140200497427	0.999987044159195	0.0562112591006187	0.139503801854	0.99425665600923	5.13511611804866e-05
Kineosporiaceae	0.039339183939508	0.0441037669521613	0	0.415206754146117	0.979799022858258	0.419046786044629	0.445455641439774	0.914993351745928	0.171063819681064	0.460940332674318	0.999987044159195	0.551110015585966	0.600396734114478	0.99425665600923	0.234942081460703
Waddliaceae	0.0244182095323203	0.0118547620611633	0	0.485704860057381	0.76178592257399	0.52416076904415	0.892964612670797	0.611722582251939	0.420708825204013	0.51920174695789	0.999987044159195	0.645281769123632	0.973735281153582	0.98413710812345	0.518714858348129
Streptococcaceae	2.05321684049202	2.50919850462659	0.51212482149933	6.3747726990374e-18	0.00285176121234432	3.34177130412172e-14	2.94209101525666e-14	0.820345427835196	0.0581076608868208	9.88089768350797e-17	0.0442022987913369	4.53227733121508e-13	6.06676325338123e-13	0.99425665600923	0.0927159000914714
Anaerolineaceae	0.0472570649991007	0.0477351954496004	0	0.376065459052931	0.999830036605492	0.354874287422772	0.456782467618513	0.343902360887139	0.23714816839763	0.431778860394106	0.999987044159195	0.493639233145778	0.604270936292298	0.98413710812345	0.313787515501742
Dermacoccaceae	0.0589033370948011	0.0365582425519643	0	0.366133725316355	0.792985233937707	0.364763924237964	0.74868092846187	0.591789286241628	0.999891107118504	0.422611799966218	0.999987044159195	0.504164150061389	0.841781147545211	0.98413710812345	0.999992249420043
Mycobacteriaceae	0.669751212209907	0.714853385188157	0.390042960750904	0.00318127673839053	0.78920108515024	0.00434694619753584	0.00441876933931928	0.350215655040674	0.0952033514345502	0.00932887908419926	0.999987044159195	0.0149728146804012	0.0174340535751324	0.98413710812345	0.142476739733086
Rickettsiaceae	0.188835071039489	0.225877339034482	0.308241930669063	0.23770505294985	0.792659919919692	0.222534138002971	0.586183066823871	0.979411064781586	0.302449011217034	0.308874230479745	0.999987044159195	0.383253237671783	0.718653816388588	0.99425665600923	0.390663306155335
Leptotrichiaceae	0.212291443887807	0.163922101712654	0	0.0151115717688002	0.68020774468982	0.0112833627828577	0.131590758148832	0.266692187529614	0.0181863145406161	0.0372637622026095	0.999987044159195	0.0335409551216454	0.246165469985315	0.98413710812345	0.0337301731223393
Syntrophomonadaceae	0.0786576562807473	0.108132068782415	0	0.165474354151094	0.732536091674284	0.250944840220381	0.146576575130937	0.921355922389305	0.0621367129055588	0.239386232338583	0.999987044159195	0.418884848675559	0.269551837317062	0.99425665600923	0.0979765039270701
Trueperaceae	0.109141906589527	0.0509624657308745	0	0.0312554432208705	0.25005438973192	0.0485683774885957	0.605964054786011	0.151590163893848	0.218174501646275	0.0671527839497911	0.999987044159195	0.115816900165113	0.734604468651198	0.982505822237153	0.294061284827589
Natranaerobiaceae	0.0225025585573374	0	0.0351516110313809	0.476116316851232	0.557455291536783	0.889474715555048	0.514471491213387	0.520461825929302	0.99992687474141	0.51147148889464	0.999987044159195	0.941912101123733	0.65670772701944	0.98413710812345	0.999992249420043
Methylophilaceae	0.18503972479755	0.257727244760345	0	0.00878034219603993	0.408809927827241	0.028563682268796	0.00658901498798536	0.0807831156192041	0.00210172143550207	0.0232357836163496	0.999987044159195	0.0755892567357163	0.0234396106949643	0.982505822237153	0.00517403199150468
Amoebophilaceae	0.0179575773811956	0.0186486749935697	0	0.73820719476919	0.999251654867749	0.727709608949745	0.776023073127232	0.550895818594916	0.0125238537764208	0.752070240680348	0.999987044159195	0.839962686926035	0.863574394197997	0.98413710812345	0.0240502324733037
Desulfurellaceae	0.0579911526749514	0.0773399565051884	0	0.444317523006706	0.890391697112265	0.519852070518345	0.423914781075608	0.551046017795214	0.00160040257388145	0.48450704770078	0.999987044159195	0.644616567442748	0.578550361593754	0.98413710812345	0.0040382250992125
Desulfovibrionaceae	1.21248502425285	1.28271850143769	1.26624957465086	0.694874347933104	0.714639020945719	0.882906193298753	0.991388415615554	0.824349275806844	1.67147449544729e-13	0.714633808063903	0.999987044159195	0.941912101123733	1	0.99425665600923	1.81354982756031e-11
Desulfobulbaceae	0.312659269490949	0.264265992180986	0.0447182510934897	0.00903613965216933	0.758861793077865	0.00626129659620822	0.0754775648751649	0.153598624665962	2.61224447799767e-05	0.0234803689968892	0.999987044159195	0.020366386492793	0.162164669088226	0.982505822237153	0.000102457697283281
Leptospiraceae	0.0237476077330523	0.147873794448433	0.211570853502161	0.000167756076146103	0.00952683980226132	0.00136876745887393	0.550566911382435	0.179679320505849	0.999854670930519	0.000713785657327535	0.129207764818169	0.00530397390313649	0.690595489999932	0.982505822237153	0.999992249420043
Hydrogenothermaceae	0.0800495833372209	0.0537841023642242	0	0.19100099504947	0.743193834805921	0.180315124100227	0.560601788854546	0.108623031517372	0.00393524616700745	0.270417096690668	0.999987044159195	0.328809932182767	0.699141311387566	0.982505822237153	0.00880359194062491
Nocardioidaceae	0.0945760669881052	0.118312582955018	0	0.0959367882015297	0.810880953075591	0.127662755012855	0.0931849466933964	0.581852659185024	0.0540698665796154	0.154920538775731	0.999987044159195	0.256507572572126	0.187232716967287	0.98413710812345	0.0870457295307612
Francisellaceae	0.0546583000871462	0.0508273837508309	0	0.284004558748136	0.989240815149815	0.254335683248813	0.414853176176686	0.291060346328823	0.361363840752015	0.344296029320366	0.999987044159195	0.42130414706101	0.573395791276057	0.98413710812345	0.450666399098778
Jonesiaceae	0.0378354492765378	0	0	0.121971384554119	0.190627503089529	0.348955098118445	1	0.0437910971415407	0.141747458218864	0.185089443694013	0.861795170217247	0.488537137365823	1	0.982505822237153	0.203703300884062
Oscillospiraceae	1.42895352387945	1.47011978934954	0.155727281383381	2.67002783239124e-16	0.921532738012926	2.98649993624167e-14	1.70419234279962e-13	0.513352971334023	3.09302301293239e-10	3.40821199781706e-15	0.999987044159195	4.32046990776295e-13	3.08174781989597e-12	0.98413710812345	8.3898249225791e-09
Verrucomicrobiaceae	1.85962450889462	1.61482646806439	0.632661966377829	0.000862241226533113	0.600131237524014	0.000538441743432316	0.0245925829573023	0.202067439216098	1.25252562188564e-11	0.00317690810161113	0.999987044159195	0.00243420538176693	0.0675517785029695	0.982505822237153	6.79495149872962e-10
Synergistaceae	0.399809717212446	0.396231045413419	0.0501713787930516	0.00174040805512248	0.998815044225214	0.00128073385896532	0.00738140101569285	0.883922154460532	7.47172315036483e-08	0.00540046825939415	0.999987044159195	0.00514665272954583	0.0242691518243234	0.99425665600923	7.36983601649622e-07
Clostridiales_Family_XVII._Incertae_Sedis	0.238357308880642	0.275297415874374	0.0501713787930516	0.0361730257596381	0.824532758985439	0.0467257463798768	0.0393602479664149	0.545981346960137	0.00178689306003516	0.0747575865699186	0.999987044159195	0.113501352002874	0.099784736886214	0.98413710812345	0.00445696314974288
Pasteurellaceae	0.975996465024365	0.994611566601515	0.815568249269322	0.611977123122451	0.989577756382324	0.613562170764143	0.637670759220289	0.483074106876202	0.0285649579829857	0.644655513192097	0.999987044159195	0.735596635667509	0.764500302490623	0.98413710812345	0.0512280651430405
Idiomarinaceae	0.0115780587736593	0	0	0.6476051083166	0.70960470934527	0.805104035425149	1	0.159408803234938	0.939949581541495	0.675626483195684	0.999987044159195	0.900554513851842	1	0.982505822237153	0.999992249420043
Cytophagaceae	0.711875531499364	0.587780001890808	0.390107808122779	0.00932227722130774	0.323287421276974	0.00987697338005866	0.263526152011809	0.687535371505998	0.000803881184254756	0.0237992253767503	0.999987044159195	0.0301873693446863	0.420479227842372	0.98413710812345	0.00207669305932479
Caldisericaceae	0.0089009288888475	0.0123489501932742	0	0.764434251908055	0.952622903864014	0.815658353837189	0.748530298552957	0.632911187320311	0.999960935528135	0.775150619925457	0.999987044159195	0.907681347603436	0.841781147545211	0.98413710812345	0.999992249420043
Oceanospirillaceae	0.0250736485194695	0.184676251399803	0.0942206565458471	0.00149289631768868	0.00110958946334949	0.424304633747162	0.338971497335201	0.303698842961792	0.140168178495562	0.00483520150654394	0.0200650761289033	0.553315828179726	0.503813800833826	0.98413710812345	0.202776631556913
Clostridiaceae	1.4434185652278	1.42061182768153	0.206170117321206	1.22485147920491e-20	0.963062928819001	1.32116539930394e-14	2.85327317328665e-14	0.216178202133775	0.00273974948078488	2.65792770987466e-19	0.999987044159195	2.86692891648954e-13	6.06676325338123e-13	0.98413710812345	0.00660584041478133
Desulfobacteraceae	0.328872827234379	0.314393210447004	0.0667594681662236	0.0110920309127465	0.975789019579836	0.00809794880678227	0.0395460247567484	0.273049040421569	0.000121327403091001	0.0279880314891393	0.999987044159195	0.0254674621894457	0.099784736886214	0.98413710812345	0.000398909795011322
Gallionellaceae	0.157858719722593	0.135888644029779	0	0.0551527217073267	0.90480647221908	0.042706096238522	0.173206943223397	0.646291945774147	0.000380882503728326	0.104983689565701	0.999987044159195	0.106519803261601	0.305576477068921	0.98413710812345	0.00107339614687074
Neisseriaceae	0.294948961509342	0.239570585023756	0.163408860667665	0.255424515684784	0.686448454735072	0.265619207375677	0.717405791482157	0.472718650082175	0.569143096251037	0.324135204114609	0.999987044159195	0.433304795561456	0.821934635954241	0.98413710812345	0.67121767329606
Chthonomonadaceae	0.0134696673114518	0.0289469399669966	0	0.552218488662483	0.691391691803848	0.837976107563976	0.548448710321097	0.277909687217691	0.42395950931234	0.584543473364678	0.999987044159195	0.923049824067934	0.690595489999932	0.98413710812345	0.519769567913998
Chloroflexaceae	0.0360670137122806	0.047261132728146	0	0.386212232314457	0.886000280998853	0.455148616332112	0.369058366398715	0.406042724485513	0.00345771507044351	0.438785625194959	0.999987044159195	0.577586255813264	0.530368645751795	0.98413710812345	0.0078981491609078
Candidatus_Midichloriaceae	0.00431515530544228	0.0119729127259665	0	0.534896432665611	0.61122423104826	0.905674896259121	0.570664739152318	0.831460971789457	0.0500309266362404	0.568982970041361	0.999987044159195	0.941912101123733	0.705431287987331	0.99425665600923	0.0828756570997265
Thermaceae	0.636318667999715	1.54124043857125	0.652453947511019	4.57974780300803e-16	2.98649993624167e-14	0.990132282115711	8.46999781423108e-09	0.177526885663018	0.264512687180161	5.52114040695968e-15	3.24035243082221e-12	1	9.18994762844072e-08	0.982505822237153	0.347874261321788
Alcanivoracaceae	0.0513024456141785	0.0787742270867922	0	0.213964849319772	0.640351784469789	0.377086523274852	0.185128762838374	0.162127566052135	0.999934804895376	0.285110569873314	0.999987044159195	0.514640097802786	0.323975334967154	0.982505822237153	0.999992249420043
Sporolactobacillaceae	0.0585754833405838	0.0878056137099275	0	0.226479271104508	0.676775636657019	0.374194808708415	0.197602839293249	0.713247801963045	0.00487671968070792	0.296060251986013	0.999987044159195	0.513925781580544	0.334998563489337	0.991613735189008	0.0106893754617537
Erythrobacteraceae	0.0317041604976271	0.0527110687288005	0	0.343138456739493	0.669370247503056	0.56220425686378	0.310636863894381	0.887460758710636	0.0213762138134531	0.404679593002554	0.999987044159195	0.681554881225923	0.474239541741485	0.99425665600923	0.0393104948942315
Methylocystaceae	0.0633788171477075	0.185979132364713	0.340766676040553	8.28736780422496e-05	0.0553033111454981	0.000148971708368917	0.114262796562392	0.827393686423316	0.433350972649333	0.000418222979887632	0.480032740742924	0.00073470137991034	0.223378620306659	0.99425665600923	0.525347268519024
Symbiobacteriaceae	0.258318758877651	0.280184181831156	0	0.00477635897247821	0.937784512703054	0.00475039997079807	0.00924342490235697	0.969914955421984	2.74110661067062e-05	0.0134606480133477	0.999987044159195	0.0161068249009872	0.0290699015045139	0.99425665600923	0.000104354409564127
Solibacteraceae	0.0833346493461246	0.0587323415640638	0	0.135190471095313	0.743521069172012	0.121964169598552	0.45672918315742	0.136836802711137	0.911300240449224	0.20231953260471	0.999987044159195	0.248461119223687	0.604270936292298	0.982505822237153	0.999992249420043
Enterococcaceae	1.40914063364435	1.29353692146639	0.101645072477406	8.73420269236855e-18	0.490358960484828	2.83106871279415e-14	1.09989795049614e-12	0.72200447078278	2.53577657188677e-08	1.26354798949598e-16	0.999987044159195	4.32046990776295e-13	1.70484182326902e-11	0.991613735189008	3.05701953388572e-07
Deferribacteraceae	0.138435817449517	0.0996628202374029	0	0.0286334928616296	0.617913878779664	0.023754242487157	0.230420756996118	0.530285761133665	0.0121839060389821	0.0627623025350872	0.999987044159195	0.0644333827464133	0.375949656151561	0.98413710812345	0.0236063179505279
Unclassified	3.43300596370541	3.40768018462267	2.38364932837953	8.41932000157003e-39	0.839565822348263	1.66533453693773e-15	1.66533453693773e-15	0.561672515964247	0.00866748004368555	1.8269924403407e-36	0.999987044159195	5.11951592230275e-14	1.52581651017651e-13	0.98413710812345	0.0170985742679979
Thermodesulfobacteriaceae	0.189977399001811	0.136624686153274	0.0447182510934897	0.0477932022306285	0.511568626840392	0.0470742934574132	0.396435663654283	0.0381127056562175	0.845955536647388	0.0951479347160219	0.999987044159195	0.113501352002874	0.551452173160125	0.982505822237153	0.961111787709336
Sphingomonadaceae	0.410113582380493	0.341784011385942	0	9.75865573727617e-05	0.62129354910193	5.34855161520298e-05	0.00509190244811919	0.380342930293039	3.99736802459846e-07	0.000481279157952029	0.999987044159195	0.00032239880569418	0.0193849619516117	0.98413710812345	3.21269948643654e-06
Acetobacteraceae	0.347363337309605	0.297491137116833	0.165976949070335	0.105561983639245	0.746708085545231	0.0922277824498912	0.390333802733231	0.677902956231617	0.00860042390384364	0.16675002285189	0.999987044159195	0.198152760313133	0.55001581294228	0.98413710812345	0.0170985742679979
Ignavibacteriaceae	0.0449565691995582	0.019967027529597	0	0.349691655111932	0.64210099476378	0.406459390595851	0.876001316773832	0.375222352096401	0.107405333752455	0.407973597630588	0.999987044159195	0.544454862711727	0.960062049191523	0.98413710812345	0.158550730777433
Aeromonadaceae	0.47671814621573	0.57938940587568	0	3.21332670063042e-06	0.397213227658577	1.21649645551392e-05	4.7808769448876e-06	0.777876349648107	0.000192107784231015	1.99226255439086e-05	0.999987044159195	8.24936658895374e-05	3.34661386142132e-05	0.99425665600923	0.000594307326118686
Hyphomicrobiaceae	0.208394772360418	0.145324938935885	0.0501713787930516	0.0754387328775366	0.520055200518156	0.0785317161404476	0.499613252700963	0.758176594344114	4.96708520625784e-05	0.134182008478897	0.999987044159195	0.173891657168134	0.649198058898856	0.99425665600923	0.000182687710128466
Nakamurellaceae	0.0439201935922906	0.0290456033112251	0	0.346875353390197	0.818475579027725	0.335759638503199	0.700691670104434	0.540531656563368	0.161021802554931	0.40687541451715	0.999987044159195	0.488537137365823	0.813102098463434	0.98413710812345	0.224887304937187
Acholeplasmataceae	0.241250238020148	0.36878531075546	0.214423753355766	0.139485369508908	0.145915757282724	0.946628867671069	0.266107777942489	0.235732735387172	0.00643044750812133	0.207317295776939	0.753898079294076	0.973547224097734	0.421499181120585	0.98413710812345	0.0135474935569532
Caulobacteraceae	0.347434374320332	0.37066154490399	0	0.00110938609107012	0.949165699490406	0.00104900881441061	0.00293498646276047	0.979651733394101	3.15643868670117e-11	0.00392700318124138	0.999987044159195	0.00437759447552121	0.0129977971922249	0.99425665600923	1.36989439002831e-09
Acidothermaceae	0.00727370550962823	0.0431094315549662	0	0.0240932360025052	0.0264004892796711	0.90651471117318	0.083461643146427	0.569557792836065	0.999944722079466	0.055034023289933	0.272805055889935	0.941912101123733	0.16926333236238	0.98413710812345	0.999992249420043
Leuconostocaceae	0.118963800493008	0.183479036366155	0.0854251348958115	0.411947392694331	0.486936842118654	0.883791095449252	0.460720358270924	0.595759512053223	0.0825974078951718	0.460786516570463	0.999987044159195	0.941912101123733	0.604270936292298	0.98413710812345	0.126222799389101
Porphyromonadaceae	3.2178169010675	2.99116278414635	1.06543617197111	1.95885197428696e-26	0.170087271204581	1.66533453693773e-15	2.54241072639161e-14	0.872665528250781	4.97431206981917e-08	7.08451464033785e-25	0.815112026289976	5.11951592230275e-14	6.06676325338123e-13	0.99425665600923	5.14012247214648e-07
Brucellaceae	0.130331558351542	0.166759555506455	0	0.0489467581377388	0.721810648248046	0.0765256834920311	0.0453579113165485	0.160419010148641	0.0339372333318343	0.0965586046899028	0.999987044159195	0.171196632141967	0.10937111069292	0.982505822237153	0.0589150370640644
Nitrospiraceae	0.065486413032568	0.127284542910306	0	0.0603528861225379	0.222353038006797	0.342858679490514	0.0533794996791381	0.881556981159337	0.000141449938305743	0.110987934649074	0.965012184949499	0.488537137365823	0.121930015056558	0.99425665600923	0.000458128904661883
Syntrophaceae	0.0913395644707177	0.0911581558289296	0	0.147929236088082	0.999987044159195	0.131677789960265	0.222861076271192	0.59043037063537	0.0876992805618162	0.218371729463359	0.999987044159195	0.262147526801629	0.369166820998844	0.98413710812345	0.13308212504835
Lachnospiraceae	3.23148036134529	3.09028597526418	1.01319544179994	2.55538559725636e-32	0.409793161234831	1.66533453693773e-15	2.1094237467878e-15	0.555911022027586	0.0358622293485871	1.84839558201544e-30	0.999987044159195	5.11951592230275e-14	1.52581651017651e-13	0.98413710812345	0.0617627283225667
Intrasporangiaceae	0.02440530176326	0	0	0.106097906352228	0.170850987567623	0.325349724000555	1	0.814926522345722	0.999982863409497	0.16675002285189	0.815112026289976	0.488537137365823	1	0.99425665600923	0.999992249420043
Heliobacteriaceae	0.25744252103366	0.289573597746986	0	0.00588586293704584	0.878054844706089	0.00672007457593171	0.00915457481891369	0.438529746019643	7.04273263770279e-05	0.0161674969283411	0.999987044159195	0.0214449438673115	0.0290699015045139	0.98413710812345	0.000246495642319598
Desulfomicrobiaceae	0.180062418313784	0.22581947010834	0.0501713787930516	0.0947036635718873	0.689914485187469	0.15609579154422	0.0826148952397142	0.234135505427065	1.99141762461151e-05	0.154516503722553	0.999987044159195	0.289510997992271	0.16926333236238	0.98413710812345	8.31033893347495e-05
Polyangiaceae	0.243847907196231	0.233488973160432	0.17249757202531	0.675943409573521	0.985641911870634	0.649866685090872	0.791911642026505	0.602740098862394	0.00034369215007389	0.701816841518919	0.999987044159195	0.770606943523056	0.876759317957916	0.98413710812345	0.000994415954213789
Actinomycetaceae	0.384155616337614	0.893370432819352	0	3.24545851327018e-09	1.44566735227336e-06	0.00538423688339418	9.56279644359626e-09	0.721032321106062	0.0245658975206496	2.81705798951851e-08	7.84274538608298e-05	0.0179750677491775	9.88155632504946e-08	0.991613735189008	0.0447966366553023
Desulfurobacteriaceae	0.0292343558011726	0.0410185160371917	0	0.378579370969244	0.829301606085041	0.485455872068368	0.350660138491074	0.0704435032866867	0.00498896960852424	0.432377492106979	0.999987044159195	0.608924417565525	0.510692953372906	0.982505822237153	0.0108260640504976
Spiroplasmataceae	0.0758696954493111	0.0771036510458987	0	0.267303483379389	0.999407913796094	0.248689852454362	0.344334449311132	0.677756929446155	0.0801826380536215	0.333386075264722	0.999987044159195	0.418338744051137	0.507972551066816	0.98413710812345	0.123401648635715
Acidobacteriaceae	0.392680114910984	0.363108595092894	0	0.00057148702404824	0.925396168838327	0.000352275827861459	0.00570432379394048	0.811854116939502	1.20876499580323e-09	0.00229653118923089	0.999987044159195	0.00169875232546526	0.0206306377214181	0.99425665600923	2.62302004089301e-08
Acidithiobacillaceae	0.0792921217987149	0.22733280094092	0.0501713787930516	0.000757521040340841	0.000939221591203965	0.833011290673272	0.00855616004364701	0.215470629274618	0.682402240416907	0.00288796146526281	0.0185282804810237	0.922262500388265	0.0277117422309164	0.98413710812345	0.796135947153058
Burkholderiaceae	0.82842296568414	0.870220873406858	0.182851668106557	5.14717196222054e-08	0.878092014741239	5.8420121740177e-08	6.4162196222739e-07	0.677976279882435	5.25528261385741e-07	3.76029368842025e-07	0.999987044159195	5.07086656704736e-07	5.15673947419791e-06	0.98413710812345	3.80132109069019e-06
Helicobacteraceae	0.236073303224262	0.365658347816368	0.107739018112531	0.0252939077580309	0.124601165144878	0.272549625275933	0.0228157556111978	0.172160191127229	0.0085733999572309	0.0570140200497427	0.660480828658718	0.434876975624099	0.065144986416183	0.982505822237153	0.0170985742679979
Methylobacteriaceae	0.234655940545183	0.23236981931234	0.0352537561027599	0.0319894749393552	0.999210829593166	0.0261314985547494	0.0699409231025675	0.682752923695561	0.000408516194639024	0.0680560398219615	0.999987044159195	0.0700066072392669	0.151771803132571	0.98413710812345	0.00112084133050931
Alteromonadaceae	4.83418607559685	4.79157957630238	5.06445521292319	5.69116425206643e-06	0.512533813611694	1.5231657192083e-05	1.04006235838172e-05	0.421631007382153	6.19343652102155e-10	3.33779092621193e-05	0.999987044159195	9.72138120788825e-05	7.05292286777605e-05	0.98413710812345	1.49330636117964e-08
Peptostreptococcaceae	1.6916429196783	1.73304261945758	0.144392035338899	2.53775908085309e-26	0.894999419646265	1.66533453693773e-15	7.21644966006352e-15	0.284148323928653	0.000254993773759227	7.86705315064458e-25	0.999987044159195	5.11951592230275e-14	3.91492394058446e-13	0.98413710812345	0.000768522901468781
Shewanellaceae	0.283619386957969	0.432063381526893	0.183920354914156	0.0558467250113701	0.123505138821441	0.546058807551764	0.066643121209255	0.194939544777981	3.33033381064383e-06	0.105380341977977	0.660480828658718	0.665700905835577	0.146076336387963	0.982505822237153	1.82525088414821e-05
Nautiliaceae	0.0352431291923167	0.0251361806554898	0	0.439432239056225	0.891697514646537	0.418002041813916	0.718956784809883	0.620004468486749	0.999957045800737	0.483797126029215	0.999987044159195	0.551110015585966	0.821934635954241	0.98413710812345	0.999992249420043
Myxococcaceae	0.306240687899116	0.299725321712924	0	0.00579694517460565	0.995874365723313	0.0043344566551059	0.0199688028891462	0.891835775010882	1.81652716353727e-06	0.0161273987549927	0.999987044159195	0.0149728146804012	0.0577764030259295	0.99425665600923	1.06536863375024e-05
Caldilineaceae	0.0649665348376043	0.0787310859340989	0	0.298921609650719	0.923617038079287	0.331371177507501	0.301834453166598	0.620204506388202	0.466627155821114	0.358375631459702	0.999987044159195	0.488537137365823	0.464525364093275	0.98413710812345	0.562544960073232
Deinococcaceae	0.420812958237833	0.458782050934476	0	6.39565661349249e-05	0.873275379039794	7.1945334149226e-05	0.00021006080384578	0.921569123064209	6.27704727730478e-09	0.000338501825640944	0.999987044159195	0.000390303437759551	0.00119955774827722	0.99425665600923	9.08079506116759e-08
Cystobacteraceae	0.0828620674544301	0.0467973935890078	0	0.206654838672242	0.63170045705459	0.22030925766314	0.696856395603066	0.573615787166266	0.150235708838155	0.282038364728783	0.999987044159195	0.382970511995808	0.812999128203577	0.98413710812345	0.211695771544672
Segniliparaceae	0.0452097789515789	0.0154742477905359	0	0.213390597630395	0.443623195908201	0.307004509045116	0.901692086800617	0.0804394986724388	0.275958456024695	0.285110569873314	0.999987044159195	0.469154777906972	0.978335914178669	0.982505822237153	0.360740873237102
Halomonadaceae	0.480741126041571	0.792000786030103	1.23729243009215	2.15027029159773e-15	3.27733456279011e-05	4.42978986825437e-14	5.02628485822276e-05	0.972497918010358	0.999833792855144	2.45583501724582e-14	0.00101597371446494	5.65449647888941e-13	0.000320953978141917	0.99425665600923	0.999992249420043
Cardiobacteriaceae	0.138801669827502	0.0840529782996217	0	0.0565189245186106	0.489192799779403	0.058736769120632	0.455876763914063	0.152726768974205	0.0417719832108446	0.105729367418435	0.999987044159195	0.135594456374225	0.604270936292298	0.982505822237153	0.0702675996647542
Listeriaceae	0.192806289668932	0.173392451552392	0	0.00908917509557003	0.917717049895469	0.00628823914754439	0.0453612901491373	0.37978527223436	0.105200188020506	0.0234803689968892	0.999987044159195	0.020366386492793	0.10937111069292	0.98413710812345	0.156359183564725
Thermodesulfobiaceae	0	0.0276981127235491	0	0.0154128106598492	0.0124519274226603	1	0.122981658164584	0.15010734173306	0.999900401296317	0.037579549586374	0.152965178395092	1	0.236168317006325	0.982505822237153	0.999992249420043
Ferrimonadaceae	0.160372466365425	0.213146595833419	0.0319317746779573	0.0577149242723278	0.564919139628368	0.122513086437486	0.0469762120626382	0.772650690666105	0.0028810051400488	0.107043919376881	0.999987044159195	0.248461119223687	0.112020197995522	0.99425665600923	0.00679854562716994
Acidimicrobiaceae	0.065272600206301	0.163318868476898	0	0.0187060847686089	0.0552663737642997	0.43690079122881	0.0243366896352376	0.200958418444709	0.431088763533601	0.0441219608129146	0.480032740742924	0.559191440612984	0.0675517785029695	0.982505822237153	0.525347268519024
Corynebacteriaceae	0.622611050236626	0.752632633868964	0.105006885321464	1.16855760290712e-06	0.268913536686236	7.29795522880217e-06	1.39585833858202e-06	0.46124697271861	4.21289361551459e-05	7.4581470538484e-06	0.999987044159195	5.10856866016152e-05	1.04448710162862e-05	0.98413710812345	0.000157620330097701
Ruminococcaceae	3.40411074584765	3.38478351095672	1.44938007071803	3.46211525432773e-25	0.985674200576372	1.88737914186277e-15	1.7430501486615e-14	0.685263585651217	2.29086211212168e-05	9.39098762736397e-24	0.999987044159195	5.11951592230275e-14	6.06676325338123e-13	0.98413710812345	9.37956751566799e-05
Ectothiorhodospiraceae	0.316528340543835	0.404174334531695	0	0.000135643068698884	0.374745273199547	0.000526721165367117	0.000126691003777712	0.842768679344126	4.49767347933482e-08	0.000602611337817756	0.999987044159195	0.00243188282733328	0.000743025616750368	0.99425665600923	5.13681655271398e-07
Gemmatimonadaceae	0.0664425181735002	0.0831953019584084	0	0.268859738116711	0.888994110750365	0.315133840308799	0.262972495635629	0.224035062010878	0.00353459080322934	0.333386075264722	0.999987044159195	0.47821009333573	0.420479227842372	0.98413710812345	0.00798964796146631
Puniceicoccaceae	0.0876562389703552	0.0775098576545151	0.0501713787930516	0.80069932980548	0.972672079873895	0.788125253277808	0.910494104942208	0.185927471094721	0.0640418140951385	0.80667941700135	0.999987044159195	0.886130466120645	0.979613516866924	0.982505822237153	0.0992648118474647
Dictyoglomaceae	0.0471821190756038	0.0122238649330132	0	0.199453069187617	0.378230811571303	0.327623326806514	0.945524786501923	0.821900250920235	0.543871514030831	0.276354671202875	0.999987044159195	0.488537137365823	1	0.99425665600923	0.64846218980599
Chrysiogenaceae	0.101668369992943	0.230455378442459	0	0.00138333038446276	0.0126883558115745	0.171159733063588	0.00167680697739658	0.0927928873022123	0.000616104600276323	0.00469035458481905	0.152965178395092	0.314759848091514	0.00820864967107651	0.982505822237153	0.00163042314951173
Flavobacteriaceae	1.06593768701922	1.22018680241915	1.66564467448292	6.37533869380743e-07	0.172788724467	3.90662834748312e-07	0.00149863751656132	0.660092505013769	8.20066311139677e-07	4.4627370856652e-06	0.815112026289976	3.02763696929942e-06	0.00756289165334433	0.98413710812345	5.56107467241593e-06
Anaplasmataceae	0.0851258672243423	0.353298334021466	1.07898058551251	1.46635455884858e-29	5.1690100100199e-06	1.66533453693773e-15	3.07531777821168e-14	0.885089308307358	0.736804236208644	6.36397878540283e-28	0.000224335034434864	5.11951592230275e-14	6.06676325338123e-13	0.99425665600923	0.850460208815296
Rikenellaceae	3.24165737979952	2.72179609363912	0.819352695605249	4.14721281372975e-32	9.93214478126614e-05	1.66533453693773e-15	2.23154827949656e-14	0.649176670787082	1.09838795145426e-06	2.24986295144839e-30	0.00269409427191844	5.11951592230275e-14	6.06676325338123e-13	0.98413710812345	7.01029957251687e-06
Hahellaceae	0.0317714699628612	0.0710170600650961	0	0.279940437205198	0.435885675260524	0.708035093552388	0.282964093863234	0.349821400630328	0.0162760108242296	0.341275701536674	0.999987044159195	0.826040942477786	0.444950785277694	0.98413710812345	0.0307302989432488
Peptococcaceae	0.772653660071719	0.924263420436588	0.0867351011592335	1.4886170220559e-09	0.195266291318597	1.4727011277138e-08	3.05975400571867e-09	0.564855095757952	1.45134368418455e-10	1.40029895224005e-08	0.864750718696645	1.45261883960862e-07	3.49456115389975e-08	0.98413710812345	5.24902632446745e-09
Thermomonosporaceae	0.113972778005932	0.149822872636505	0	0.0504860028850561	0.675046147564726	0.0861922932174386	0.0446292731294989	0.520428947541457	0.0169945871532867	0.0981147675099907	0.999987044159195	0.187037276281842	0.10937111069292	0.98413710812345	0.0317915983815795
Mycoplasmataceae	0.963469536201373	1.34732435909576	2.03336310489111	2.17869191462405e-20	7.41975372320347e-06	2.00950367457153e-14	4.94409108098282e-08	0.99425665600923	0.350727608053999	4.29796495884926e-19	0.000268347759655859	3.96420270347293e-13	4.47028235238863e-07	0.99425665600923	0.439930005478137
Saprospiraceae	0.40267791308935	0.280431707608727	0	0.000138563038402122	0.237239866545679	0.000110293724131738	0.0315345174632899	0.988575961061917	1.17940112029724e-05	0.000602611337817756	0.990020212315622	0.000574028757533411	0.0834511010918771	0.99425665600923	5.13511611804866e-05
Bradyrhizobiaceae	0.585660174784131	0.786984135952774	0.639346079460712	0.090014461555949	0.0726512663422343	0.886125021350425	0.510799726771856	0.868911976259547	9.1394039067459e-06	0.151207427600084	0.563745434851428	0.941912101123733	0.65670772701944	0.99425665600923	4.31141445166057e-05
Parvularculaceae	0.0291736070440092	0	0	0.191908907328861	0.272219897455207	0.43807624379819	1	0.974451085771264	0.0541528732103814	0.270417096690668	0.999987044159195	0.559191440612984	1	0.99425665600923	0.0870457295307612
Phyllobacteriaceae	0.182925544799887	0.220722252244333	0	0.0290109264292301	0.79766264757206	0.0393602811089087	0.0310243159197697	0.878609242761267	0.000410458218034171	0.0629537103514294	0.999987044159195	0.101680726198014	0.083114525365309	0.99425665600923	0.00112084133050931
Hyphomonadaceae	0.107962237431202	0.0577521609561206	0	0.0905850948756266	0.458374698077757	0.106427076832685	0.61693558090421	0.922813579659458	0.315636744907524	0.151207427600084	0.999987044159195	0.219949292120882	0.743750116978965	0.99425665600923	0.400544875116565
Propionibacteriaceae	0.511314082792258	0.475207989241647	0.0868277864487604	0.0014712535033691	0.917645750044346	0.000934477353319529	0.0119309549532024	0.0943149920504885	3.89390607444922e-06	0.00483520150654394	0.999987044159195	0.0039761095229478	0.0363433825297759	0.982505822237153	2.02544832213875e-05
Blattabacteriaceae	0.080295161304358	0.0752572569872174	0	0.248382503226567	0.990461321820127	0.220605133638138	0.372679569985129	0.619656550287462	0.000301241741262261	0.318929013018729	0.999987044159195	0.382970511995808	0.532049122939296	0.98413710812345	0.000883371052079873
Entomoplasmataceae	0.0159663460617837	0	0.0501713787930516	0.215946351768582	0.692652959528409	0.347987536089554	0.188684009800686	0.322024969387582	0.99997013320517	0.285733892279161	0.999987044159195	0.488537137365823	0.327555441013991	0.98413710812345	0.999992249420043
Oxalobacteraceae	0.219208876766395	0.243434598816545	0.050066526876103	0.0392140022093718	0.900313148409729	0.0438589744878105	0.0486006155851336	0.159431659582654	0.00763869465661048	0.0795274624246138	0.999987044159195	0.108152243907442	0.114298273450659	0.982505822237153	0.0154915583222848
Dehalococcoidaceae	0.187083817495215	0.270642235555227	0	0.0159831218801398	0.389900493702315	0.0540950291405796	0.0117784855708938	0.501603148904184	0.000413213393736151	0.0385370827554482	0.999987044159195	0.127593710038106	0.0363433825297759	0.98413710812345	0.00112084133050931
Bartonellaceae	0.050338093251342	0.112411473196633	0	0.0384547444870949	0.119611345067461	0.409399292934444	0.0403010236556861	0.571407084896849	0.515351921520487	0.0787233920160339	0.660480828658718	0.545028506544629	0.100520944060734	0.98413710812345	0.617852856187545
Beutenbergiaceae	0.0481774298645882	0.0684467452907322	0.0821031534710089	0.722753622411892	0.859979296254739	0.766181381028871	0.968521669960195	0.71289138935352	0.00288233270829325	0.739799698412172	0.999987044159195	0.872292858984169	1	0.991613735189008	0.00679854562716994
Rhodocyclaceae	0.431078996519141	0.30500477674621	0	1.86877164679719e-05	0.189043489522249	1.39965731363878e-05	0.0120586338347644	0.714796272140475	4.60003087241398e-07	0.000106716696672366	0.861795170217247	9.20380718362471e-05	0.0363433825297759	0.991613735189008	3.4706978777232e-06
Moraxellaceae	0.520037989402779	1.59752794944894	0.498631210372763	1.99306551936288e-14	4.65183447317941e-14	0.989488925515491	2.82315069100036e-08	0.0268729277136879	0.0505059216794776	2.16247608850872e-13	3.36482693559977e-12	1	2.66358130411774e-07	0.982505822237153	0.083028674276111
Aquificaceae	0.0526034260234159	0.0288284039627083	0	0.365426172318392	0.732753898371503	0.385259351319866	0.807756721998296	0.543013944287359	0.135999682226571	0.422611799966218	0.999987044159195	0.522507995227568	0.889762480576803	0.98413710812345	0.198066651296415
Campylobacteraceae	1.16966569544725	1.4136800507556	0.16361081200798	1.05745043307436e-10	0.110110155126943	2.04570682615923e-09	1.91834992335771e-10	0.450808863020408	8.15852707395876e-07	1.04303065444152e-09	0.660480828658718	2.28498101384478e-08	2.44871725510955e-09	0.98413710812345	5.56107467241593e-06
Rhodobiaceae	0.0985635967933561	0.134949271933697	0	0.0740939013157114	0.642891320372496	0.133836832297582	0.0630017169663225	0.350775736695214	0.0381505710066318	0.132879145334788	0.999987044159195	0.262705999577903	0.139503801854	0.98413710812345	0.0651864087278669
Methylococcaceae	0.161374167890584	0.201616012779165	0	0.0263058006368705	0.723003963231387	0.0411162191869253	0.025625276566718	0.734299294521256	0.000194450784121782	0.0582485585530703	0.999987044159195	0.103746739111195	0.0695085626872225	0.99425665600923	0.000594307326118686
Sphingobacteriaceae	0.268852488349729	0.29056420282135	0	0.00240845164386487	0.935698107615194	0.00238413422650852	0.00521889922717766	0.184123044195802	0.0312536989655791	0.00725880564887052	0.999987044159195	0.00876876486698895	0.0195258815913371	0.982505822237153	0.055590595701071
Thermoanaerobacterales_Family_III._Incertae_Sedis	0.701939788233146	0.884445617411057	0.954991596199712	0.00156426278143067	0.0223391729176566	0.010304443725814	0.759451721639707	0.612084804046198	0.99984423629578	0.00499183858191847	0.242380026156575	0.0310564484514115	0.849489812349569	0.98413710812345	0.999992249420043
Planococcaceae	0.0382023271703223	0.0739325615249271	0.0352537561027599	0.404687517822503	0.391534389534235	0.995936959708842	0.597522102562013	0.905812198905304	0.817290409008568	0.455011354235664	0.999987044159195	1	0.728439866606499	0.99425665600923	0.933431677657154
Promicromonosporaceae	0.0825343656644065	0.112492920378475	0	0.0900857873532887	0.671977307771712	0.153560438335878	0.0777423598664678	0.989024592762829	0.0318703766774438	0.151207427600084	0.999987044159195	0.289510997992271	0.163787301854597	0.99425665600923	0.0562265995041082
Pseudoalteromonadaceae	0.017110018352415	0.0569640834536103	0	0.0792252446098834	0.112925740457823	0.771798289976776	0.124836858704562	0.0229672776801617	0.941554748919174	0.138644178067296	0.660480828658718	0.872292858984169	0.237628055604297	0.982505822237153	0.999992249420043
Parachlamydiaceae	0.115417429424082	0.0751068453328806	0	0.311491970041567	0.791977903671403	0.303035277693441	0.685859287236454	0.80170158018351	0.0624865950642571	0.371394271972638	0.999987044159195	0.466373441556573	0.804494407190867	0.99425665600923	0.0979765039270701
Roseiflexaceae	0.155759747301666	0.0841139601130141	0	0.0178347472286802	0.274352375945639	0.023334612153723	0.433555300880802	0.520956040403319	0.224555522272109	0.0425290126222375	0.999987044159195	0.0640963397133911	0.588009376819587	0.98413710812345	0.298948149282501
Thermoanaerobacterales_Family_IV._Incertae_Sedis	0.115446978755623	0.152159105103804	0	0.0865209677129068	0.721165786075498	0.134921906207493	0.0775395213651685	0.293323808927701	0.0263209623302417	0.14900833328334	0.999987044159195	0.262705999577903	0.163787301854597	0.98413710812345	0.0475970735471871
Acidaminococcaceae	0.981715912216904	0.923888041518954	0.198206588087761	0.000109511713424884	0.912088904355882	6.34437705619995e-05	0.00178062785331867	0.280192588901688	3.04942860349931e-16	0.000528089818071108	0.999987044159195	0.000353007646460356	0.00839991835152504	0.98413710812345	6.61726006959351e-14
Brachyspiraceae	0.360190638165275	0.510144422747077	0.050066526876103	0.000120077576152606	0.0954089892417185	0.00224078058503674	6.81564695274028e-05	0.264622229492948	0.0162856422971134	0.00055440072393863	0.627386383801603	0.00838361011987883	0.000422570111069898	0.98413710812345	0.0307302989432488
Aerococcaceae	0.0331681358127987	0.152823615381828	0	0.000370419568100481	0.000637132654127348	0.681381264988224	0.003370020818798	0.224104406309684	0.999877289750376	0.00151662351467556	0.0138257785945635	0.799241808121322	0.0137980097675314	0.98413710812345	0.999992249420043
Enterobacteriaceae	2.22909949346799	3.03879396499353	1.83375008819607	6.15992710326037e-05	0.000349366178957311	0.277368879142927	0.000273446464594485	0.896033694277426	1.93282517682212e-10	0.000334176045351875	0.00842360675930406	0.439336107839527	0.00152148417479495	0.99425665600923	5.99175804814856e-09
Psychromonadaceae	0.0304521168012116	0.0296822367161196	0.0280178735391477	0.99537759965645	0.999230015136865	0.995152424243745	0.998322099056097	0.0809620238790688	0.0334033484875409	0.99537759965645	0.999987044159195	1	1	0.982505822237153	0.0584558598531966
Xanthobacteraceae	0.21663224703981	0.282791653440717	0	0.0036487700220723	0.48944243087662	0.00968369954676329	0.00310598279221153	0.791911821589074	0.00527238002284355	0.0104181986156538	0.999987044159195	0.0300194685949662	0.0134713919135925	0.99425665600923	0.011327786781753
Chromatiaceae	0.351878724810749	0.273484261779782	0.0238152894117063	0.000863767640530215	0.485225380721431	0.000579304594763519	0.0358890386843749	0.571228594718698	0.000180574955217395	0.00317690810161113	0.999987044159195	0.00256549177680987	0.0938303782471006	0.98413710812345	0.000567895149017025
Magnetococcaceae	0.0511084956162451	0.0856503929639544	0	0.240289830989406	0.578142327772474	0.469882921437244	0.211311811302102	0.982999006498107	0.311960426306215	0.310374365027982	0.999987044159195	0.592817406696988	0.352728177327354	0.99425665600923	0.398208308873227
Halothiobacillaceae	0.0262598667895759	0.0335135331901006	0	0.473553238334706	0.924885311113953	0.526335820898078	0.462253342970145	0.338464674676695	0.396429475363644	0.511249018500653	0.999987044159195	0.645281769123632	0.604270936292298	0.98413710812345	0.491572549450919
Micromonosporaceae	0.34470625841991	0.328527529893785	0	0.00112200090892611	0.973281817339714	0.000747694021579037	0.00712788069851833	0.286539869720913	0.00012119897082072	0.00392700318124138	0.999987044159195	0.00324499205365302	0.024226824220928	0.98413710812345	0.000398909795011322
Melioribacteraceae	0.0513975376836647	0.0289469399669966	0	0.277065618656202	0.686831304569087	0.292019231147307	0.747065870373372	0.0330059946484408	0.149713222441251	0.340409310925791	0.999987044159195	0.459189660572214	0.841781147545211	0.982505822237153	0.211695771544672
Cellulomonadaceae	0.164835284399134	0.152291218752761	0	0.0514649299010268	0.969995136272489	0.0404506337263725	0.12886148483964	0.990981366920807	0.000267747467189993	0.0988308830842727	0.999987044159195	0.103268088454386	0.243156019219148	0.99425665600923	0.000795906854523679
Thermotogaceae	0.135137977749377	0.116287792192527	0.0238152894117063	0.214161395803457	0.925071658961752	0.185567055922544	0.420301982779915	0.322046031817871	0.000703927024198873	0.285110569873314	0.999987044159195	0.335567092793267	0.577250191539504	0.98413710812345	0.00184038752109826
Rhizobiaceae	0.613931075883037	0.678566317668993	0.0607851309760668	1.97144685480367e-08	0.648248735465109	3.94406972636929e-08	1.26559871804766e-07	0.828396832339217	4.08434307851786e-06	1.52787131247285e-07	0.999987044159195	3.56609637759223e-07	1.09853968726537e-06	0.99425665600923	2.06116848381018e-05
Fusobacteriaceae	0.215791849360694	0.407108806096715	0.0442495621236677	0.00739325810075054	0.0500470415117825	0.213713368489714	0.00725688283115355	0.168969620779065	0.010540669764281	0.0198066297267021	0.472182956872035	0.377039032213561	0.024226824220928	0.982505822237153	0.020606534584225
Alicyclobacillaceae	0.195631914465334	0.310087228951765	0	0.000998978168790146	0.102112028980602	0.0161490402024055	0.000603157889244921	0.0818707138039409	0.0437699613594083	0.00361297104379103	0.633094579679731	0.0455109314795064	0.00319232346258897	0.982505822237153	0.0730621662691661
Bacteriovoracaceae	0.00282183529408971	0	0	0.802962000333141	0.840863838101798	0.896322156039649	1	0.316833076469955	0.549803437682412	0.80667941700135	0.999987044159195	0.941912101123733	1	0.98413710812345	0.651952710257286
Frankiaceae	0.20362329964169	0.213875108168162	0	0.0355245895328505	0.985800482758998	0.0323322602370604	0.0597991418344467	0.394396776323598	7.97577806229249e-06	0.0741234223906593	0.999987044159195	0.0845313309812301	0.135170976854947	0.98413710812345	3.84609742114994e-05
Halobacteroidaceae	0.0401708607990829	0.109128980937739	0	0.0350005898994038	0.0747681856395105	0.566853655563725	0.0489849743359968	0.952971167015095	0.665579162054044	0.0737391068754429	0.563745434851428	0.683373573651824	0.114298273450659	0.99425665600923	0.780706368463392
Bdellovibrionaceae	0.0985650425655936	0.158179159834913	0.0853229898244325	0.416333203705835	0.425585037272921	0.97351349459783	0.550516459863161	0.680388562265954	0.00668997243416511	0.460940332674318	0.999987044159195	0.996473718527024	0.690595489999932	0.98413710812345	0.0136955096057908
Nitrosomonadaceae	0.0679195728264022	0.11961048974593	0	0.0637188447689825	0.299211551383319	0.268989604184327	0.0519337730488117	0.67476108517931	0.0393005695750589	0.116193187519909	0.999987044159195	0.433304795561456	0.119889667570129	0.98413710812345	0.066626746857717
Bacteroidaceae	4.16762645738808	3.95606256155749	1.97607305132634	2.46883835394468e-35	0.0942676372278179	1.66533453693773e-15	1.66533453693773e-15	0.68944078482609	0.00134995246333634	2.67868961402997e-33	0.627386383801603	5.11951592230275e-14	1.52581651017651e-13	0.98413710812345	0.00344634922992926
Paenibacillaceae	0.667983881640262	0.62263626711227	0.0501713787930516	6.78307869257005e-07	0.86322923214548	3.3969588830729e-07	5.02877200775353e-05	0.441036651139118	3.92022255897822e-06	4.59977523839907e-06	0.999987044159195	2.73014843565488e-06	0.000320953978141917	0.98413710812345	2.02544832213875e-05
Gordoniaceae	0.135113818361401	0.20874420923914	0	0.0506398800051565	0.411737967610076	0.154780941935655	0.0390045414117851	0.172849483689771	0.0511739990046565	0.0981147675099907	0.999987044159195	0.289510997992271	0.099784736886214	0.982505822237153	0.08349441942865
Halanaerobiaceae	0.0983299887930526	0.0698649301855171	0	0.0774982603775314	0.693236354704094	0.0678432328647822	0.359794658270022	0.0833582740796552	0.144205415934615	0.136724573186377	0.999987044159195	0.154968226649029	0.520502938963966	0.982505822237153	0.205872205643497
Sphaerobacteraceae	0.107163124277085	0.0614502877761378	0	0.0963791370263767	0.516010370742205	0.104841165435083	0.572147035418296	0.191395765860517	0.161670136268208	0.154920538775731	0.999987044159195	0.219949292120882	0.705431287987331	0.982505822237153	0.224887304937187
Chlorobiaceae	0.619395859629698	0.431678616676056	0.0813746587491984	5.54057631544163e-06	0.0779371568919025	5.8588870383014e-06	0.0169142412057343	0.611722910229037	7.99016821166957e-08	3.33779092621193e-05	0.563745434851428	4.23792829103801e-05	0.0495998694816802	0.98413710812345	7.53855000840129e-07
Elusimicrobiaceae	0.0268374984557101	0	0	0.181354449855523	0.260374779042711	0.425823701871034	1	0.357349202756429	0.999990270309477	0.258907339596372	0.999987044159195	0.553315828179726	1	0.98413710812345	0.999992249420043
Streptomycetaceae	0.636072708471881	0.533394619201798	0.168004907991483	0.000182721645356984	0.469479311979519	0.000111102340167757	0.0135473052367966	0.513311830547735	0.000164298314666573	0.000762511481585875	0.999987044159195	0.000574028757533411	0.0402707566628063	0.98413710812345	0.000524304915921271
Microbacteriaceae	0.215377440184521	0.156631925130482	0	0.0146468953995224	0.57886034864256	0.0116924487293644	0.167185601636143	0.40206328726722	0.000453226649752908	0.0365330609390385	0.999987044159195	0.0342375930058028	0.299828723595398	0.98413710812345	0.00121419979007878
Flammeovirgaceae	0.0134067423626257	0.0515115933015671	0	0.128889575122331	0.156930206464347	0.862960603974948	0.205289524154814	0.666596194437294	0.999970487590436	0.194229429177402	0.791950111692171	0.941017342022933	0.345331990244919	0.98413710812345	0.999992249420043
Sulfuricellaceae	0.064384351779971	0.0755619463868907	0	0.277661050847304	0.943008696257949	0.297255094455249	0.2908646668901	0.240442072282088	0.213293607768947	0.340409310925791	0.999987044159195	0.463376601914645	0.454083688598214	0.98413710812345	0.289279455536634
Dermabacteraceae	0.0772966912618751	0.223153631886144	0	0.000650886871930749	0.00282636389503133	0.335084114617261	0.00170225454008499	0.960554929089006	0.00655523881788057	0.00256804456743587	0.0442022987913369	0.488537137365823	0.00820864967107651	0.99425665600923	0.0135474935569532
Conexibacteraceae	0.0611228588392617	0.0332029472335189	0	0.121849231120809	0.514806541553993	0.138114344223367	0.64460656099093	0.981555746020967	0.308067045705886	0.185089443694013	0.999987044159195	0.264426755556402	0.768569361181494	0.99425665600923	0.395565378214067
Thermomicrobiaceae	0.0398923806862439	0.00972651367243885	0	0.210598969689705	0.382905774348615	0.347047241651659	0.954063045311384	0.327396976986058	0.222588874977077	0.285110569873314	0.999987044159195	0.488537137365823	1	0.98413710812345	0.298159172037196
Cryomorphaceae	0.0658308719353234	0.0717828512190484	0	0.199943241377195	0.978816509171875	0.197076273342475	0.2391881056225	0.85430461014978	0.295064483872043	0.276354671202875	0.999987044159195	0.350537305863255	0.387341932239422	0.99425665600923	0.383407143713971
Thermoanaerobacteraceae	0.500525012686327	0.733378047139669	1.12286852810962	5.52817396186146e-09	0.00939075686467072	9.28919796638894e-09	0.00245337044595106	0.203745447007704	2.93430220518543e-06	4.44301388786643e-08	0.129207764818169	9.59883789860191e-08	0.0110912788910704	0.982505822237153	1.67564099611905e-05
