Taxa	stoolMeans	stoolSD	swabMeans	swabSD	tissueMeans	tissueSD	Origin p-value	OriginSwabStool p-value	OriginTissueStool p-value	OriginTissueSwab p-value	Time p-value	Individual p-value	Origin (adj p-value)	OriginSwabStool (adj p-value)	OriginTissueStool (adj p-value)	OriginTissueSwab (adj p-value)	Time (adj p-value)	Individual (adj p-value)	rsquared marginal	rsquared conditional
Proteobacteria	4.85532675308976	0.147	4.85040256447332	0.247	5.06577992208885	0.007	7.12e-13	0.989	1.35e-05	0.00014	0.217	3.74e-07	2.4208e-12	0.999	4.24285714285714e-05	0.000396	0.530444444444444	1.17542857142857e-06	0.306	0.576
Deinococcus.Thermus	0.838522270721998	0.422	1.60590117876655	0.444	0.652453947511019	0.487	2.32e-13	3.1e-13	0.251	2.63e-10	0.185	0.0506	1.31466666666667e-12	6.82e-12	0.262952380952381	1.1572e-09	0.5225	0.0585894736842105	0.348	0.444
Thermotogae	0.135137977749377	0.246	0.116287792192527	0.244	0.0238152894117063	0.095	0.00185	0.925	0.186	0.42	0.243	0.000704	0.00224642857142857	0.999	0.2046	0.44	0.5346	0.00119138461538462	0.091	0.32
Bacteroidetes	4.32244795901741	0.375	4.07810133347163	0.578	2.30186218066505	0.421	<2e-16	0.023	1.67e-15	1.67e-15	0.661	0.00104	NA	0.1265	1.22466666666667e-14	1.54733333333333e-14	0.8448	0.00163428571428571	0.716	0.799
Tenericutes	1.09104485441839	0.247	1.42534643470402	0.403	2.03853552847785	0.228	<2e-16	4.85e-07	3e-15	4.72e-10	0.593	1	NA	5.335e-06	1.65e-14	1.73066666666667e-09	0.8448	1	0.539	0.539
Firmicutes	3.90459797098861	0.405	3.96348242941159	0.457	2.28608761294563	0.412	<2e-16	0.788	1.67e-15	2.11e-15	0.869	0.000186	NA	0.976555555555556	1.22466666666667e-14	1.54733333333333e-14	0.869	0.0004092	0.662	0.793
Verrucomicrobia	1.89220818784122	1.185	1.62910528679233	1.274	0.632892608539706	0.717	1.3e-08	0.54	0.000264	0.0187	0.0383	1.46e-11	2.7625e-08	0.971142857142857	0.0005808	0.0274266666666667	0.28952	3.212e-10	0.181	0.633
Chlamydiae	0.171833208766378	0.353	0.118247335261628	0.232	0	0	0.0157	0.705	0.108	0.453	0.761	0.0438	0.0177933333333333	0.976555555555556	0.132	0.453	0.8448	0.0535333333333333	0.059	0.239
Cyanobacteria	0.765554895431876	0.36	0.878085709166942	0.538	1.0498576811997	0.365	0.85	0.394	0.0261	0.364	0.756	0.000291	0.85	0.963111111111111	0.03828	0.421473684210526	0.8448	0.000582	0.002	0.337
Actinobacteria	2.59981192717284	0.54	2.48604994226694	0.588	1.0416302943759	0.432	<2e-16	0.585	2.16e-14	8.05e-14	0.0658	0.000111	NA	0.971142857142857	9.504e-14	4.4275e-13	0.28952	0.000271333333333333	0.55	0.716
Chloroflexi	0.443324011523535	0.377	0.498884927882885	0.478	0	0	3.56e-11	0.773	8.27e-05	0.000144	0.402	1.64e-06	1.00866666666667e-10	0.976555555555556	0.000202155555555556	0.000396	0.804	4.51e-06	0.257	0.56
Chlorobi	0.619395859629698	0.394	0.431678616676056	0.493	0.0813746587491984	0.224	2.89e-16	0.0779	5.86e-06	0.0169	0.485	7.99e-08	4.913e-15	0.3025	2.14866666666667e-05	0.0265571428571429	0.832615384615385	3.5156e-07	0.37	0.682
Planctomycetes	0.423871634193167	0.36	0.439640845380436	0.431	0.0352537561027599	0.141	5.37e-13	0.977	0.000293	0.00135	0.768	3.46e-08	2.28225e-12	0.999	0.000586	0.00297	0.8448	2.53733333333333e-07	0.287	0.613
Chrysiogenetes	0.101668369992943	0.201	0.230455378442459	0.288	0	0	5.95e-06	0.0127	0.171	0.00168	0.0534	0.000616	1.12388888888889e-05	0.0931333333333333	0.198	0.00336	0.28952	0.00112933333333333	0.153	0.359
Fusobacteria	0.357480403305451	0.381	0.516040480899755	0.539	0.0442495621236677	0.177	0.000601	0.154	0.0113	0.000668	0.0412	0.0043	0.000928818181818182	0.4235	0.0191230769230769	0.00163288888888889	0.28952	0.00630666666666667	0.107	0.32
Synergistetes	0.399809717212446	0.35	0.396231045413419	0.45	0.0501713787930516	0.201	2.89e-10	0.999	0.00128	0.00738	0.846	7.47e-08	7.01857142857143e-10	0.999	0.00234666666666667	0.0124892307692308	0.869	3.5156e-07	0.235	0.566
Thermodesulfobacteria	0.189977399001811	0.236	0.136624686153274	0.224	0.0447182510934897	0.179	0.0623	0.512	0.0471	0.396	0.0378	0.846	0.06619375	0.971142857142857	0.0609529411764706	0.4356	0.28952	0.886285714285714	0.067	0.081
Acidobacteria	0.466187125233189	0.371	0.389658390545341	0.498	0	0	8.47e-14	0.616	3.5e-05	0.0039	0.623	2.32e-08	7.1995e-13	0.971142857142857	9.625e-05	0.00715	0.8448	2.53733333333333e-07	0.314	0.629
Unclassified	2.75980913549132	0.128	2.70352740876463	0.167	2.16329652858194	0.111	<2e-16	0.125	1.67e-15	1.89e-15	0.08	0.116	NA	0.392857142857143	1.22466666666667e-14	1.54733333333333e-14	0.293333333333333	0.1276	0.652	0.69
Deferribacteres	0.138435817449517	0.211	0.0996628202374029	0.178	0	0	0.000674	0.618	0.0238	0.23	0.492	0.0122	0.000954833333333333	0.971142857142857	0.0374	0.281111111111111	0.832615384615385	0.016775	0.103	0.278
Spirochaetes	0.94067452399648	0.379	1.12699278518084	0.492	0.87624699262598	0.37	3.42e-05	0.0825	0.824	0.12	0.552	2.36e-07	5.814e-05	0.3025	0.824	0.165	0.8448	8.65333333333333e-07	0.095	0.52
Aquificae	0.151664669345537	0.235	0.121194453073046	0.242	0	0	0.00124	0.799	0.0339	0.196	0.19	0.0137	0.00162153846153846	0.976555555555556	0.0466125	0.253647058823529	0.5225	0.0177294117647059	0.1	0.27
