Taxa	stoolMeans	stoolSD	swabMeans	swabSD	tissueMeans	tissueSD	Origin p-value	OriginSwabStool p-value	OriginTissueStool p-value	OriginTissueSwab p-value	Time p-value	Individual p-value	Origin (adj p-value)	OriginSwabStool (adj p-value)	OriginTissueStool (adj p-value)	OriginTissueSwab (adj p-value)	Time (adj p-value)	Individual (adj p-value)
Eubacteriaceae	2.96	0.621	2.766	0.788	0.72	0.661	1.19361375192452e-23	0.36411333857627	2.33146835171283e-15	2.96429547574917e-14	0.638187792474947	1.00684931854045e-06	1.65779687767295e-22	0.999576536022779	3.23815048849004e-14	3.49467929342237e-13	0.982493085830511	3.81382317628957e-06
Spirochaetaceae	0.85	0.377	1.025	0.473	0.81	0.342	0.0934579171559342	0.101708049326712	0.922120722374373	0.194823881477034	0.859241870105491	1.05348916911401e-08	0.106648269788161	0.510560144903009	0.94479582210489	0.236436749365332	0.982493085830511	8.23038413370323e-08
Comamonadaceae	0.647	0.396	0.857	0.524	0.964	0.195	0.00324586138553973	0.0467329293192018	0.0130247915805659	0.683619147101666	0.858702017877336	4.63825983658861e-07	0.00579618104560667	0.365101010306264	0.0220013371293343	0.713818360699841	0.982493085830511	1.99924992956405e-06
Bifidobacteriaceae	1.93	0.705	1.839	0.659	0.348	0.394	3.9175161114418e-14	0.799544919051685	4.69624339416441e-14	1.72558412003809e-10	0.323262124223595	9.71742337440077e-06	2.33185482823916e-13	0.999576536022779	3.2612801348364e-13	1.34811259377976e-09	0.982493085830511	2.6406041778263e-05
Xanthomonadaceae	0.452	0.392	0.526	0.418	0.302	0.373	0.198081850920699	0.655953911610338	0.340803115857944	0.170982908649756	0.245145629157049	5.31586264188383e-06	0.217195011974451	0.999576536022779	0.387276268020391	0.213728635812194	0.982493085830511	1.54530890752437e-05
Prevotellaceae	1.699	0.653	2.002	0.926	0.506	0.714	1.54871773519637e-09	0.124791308640587	2.55387424541453e-08	2.24165297435519e-09	0.615179729421712	1.83341740815208e-09	8.06623820414777e-09	0.537893571726669	1.38797513337746e-07	1.55670345441333e-08	0.982493085830511	1.99481641283441e-08
Desulfarculaceae	0.224	0.286	0.183	0.333	0.169	0.309	0.684790144705827	0.79407791864683	0.771145612434891	0.987855216910708	0.415100913899405	1.60115677597124e-06	0.69031264587281	0.999576536022779	0.838201752646621	0.991388415615554	0.982493085830511	5.71841705704016e-06
Planctomycetaceae	0.362	0.333	0.384	0.41	0.035	0.141	0.00128772824454547	0.95047998833751	0.0012154971107069	0.00333424258529813	0.678587966771055	2.23441485776861e-07	0.00272823780624041	0.999576536022779	0.00292186805458389	0.00817216319926012	0.982493085830511	1.07423791238876e-06
Lactobacillaceae	0.939	0.529	1.016	0.48	0.134	0.37	5.19856270288514e-08	0.753193768991611	8.01598951660765e-08	3.97990965628203e-07	0.659990047720018	0.000357064357530016	2.16606779286881e-07	0.999576536022779	3.85384111375368e-07	1.91341810398175e-06	0.982493085830511	0.00061990339848961
Micrococcaceae	0.629	0.477	0.65	0.605	0.05	0.201	6.95186795239409e-05	0.978605462715904	5.79289150056672e-05	0.000380034940838936	0.927573637149524	2.37453687514929e-08	0.000206900831916491	0.999576536022779	0.000195705793938065	0.00118760919012167	0.990997475587099	1.7459829964333e-07
Alcaligenaceae	0.43	0.348	0.4	0.468	0.05	0.201	0.000758588956313274	0.923160329207944	0.000471492629338433	0.00711885976189397	0.558440634503478	4.75798363353391e-08	0.00178912489696527	0.999576536022779	0.00130970174816231	0.0146308121595838	0.982493085830511	2.96090004155903e-07
Staphylococcaceae	0.291	0.306	0.31	0.358	0	0	0.00140807861178791	0.955524923866015	0.00131176873852712	0.00367453144749652	0.529269955251361	0.0920081145725886	0.00288540699136867	0.999576536022779	0.00303650170955352	0.00883300828725125	0.982493085830511	0.105513892858473
Anaeromyxobacteraceae	0.284	0.314	0.345	0.403	0	0	0.00175741192700171	0.649478563825803	0.00322171341989763	0.00202880795953564	0.453665302122687	2.40980278676035e-05	0.00334654069278893	0.999576536022779	0.00682566402520685	0.0055130651074338	0.982493085830511	5.68349713858573e-05
Pelobacteraceae	0.239	0.31	0.294	0.364	0	0	0.00689145279193098	0.677686389700671	0.0118332694720517	0.00716650831519106	0.693884689137732	5.08623850218708e-05	0.0114857546532183	0.999576536022779	0.0202624477261158	0.0146308121595838	0.982493085830511	0.00010961720909886
Kofleriaceae	0.172	0.296	0.21	0.317	0.05	0.2	0.205929905753385	0.820346518340686	0.269567499542842	0.192236057247181	0.648350362718483	1.46545659961601e-07	0.223836854079767	0.999576536022779	0.314915303204254	0.235583403489192	0.982493085830511	7.32728299808003e-07
Nocardiopsaceae	0.155	0.252	0.153	0.292	0	0	0.0649428246759964	0.999323359661879	0.0548507476815785	0.120903403663216	0.380087175451613	3.36451775879854e-06	0.0788141076165005	0.999576536022779	0.0761815940021923	0.159083425872652	0.982493085830511	1.07837107653799e-05
Catenulisporaceae	0.117	0.214	0.153	0.311	0	0	0.0888473403298088	0.733102597962238	0.13559019333053	0.080326099787654	0.39436967068439	0.178632113328342	0.103793621880618	0.999576536022779	0.1711997390537	0.109138722537573	0.982493085830511	0.199366197911096
Chromobacteriaceae	0.215	0.267	0.307	0.327	0.183	0.336	0.253411301044229	0.288128514519229	0.907187231036223	0.346451325151561	0.0269529604024214	1.03342291823612e-05	0.268303062694101	0.947791166181676	0.937176891566346	0.397306565540781	0.982493085830511	2.74846520807479e-05
Rhodobacteraceae	0.551	0.393	0.615	0.475	0	0	1.03243484311584e-06	0.719537552600063	1.6836276071075e-06	4.24486573025185e-06	0.398904006777563	1.91502375632103e-09	3.91073804210545e-06	0.999576536022779	7.25701554787714e-06	1.7686940542716e-05	0.982493085830511	1.99481641283441e-08
Vibrionaceae	0.436	0.32	0.474	0.435	0.118	0.267	0.00176697348579256	0.859954604792666	0.00207571680920271	0.00316608750042957	0.791753063592077	0.00010124419969942	0.00334654069278893	0.999576536022779	0.00471753820273343	0.00791521875107393	0.982493085830511	0.000207467622334878
Geodermatophilaceae	0.117	0.203	0.103	0.203	0.05	0.201	0.465673245425488	0.938987482519693	0.435494274925617	0.685265626271847	0.102219102656489	0.336866681681404	0.481067402299058	0.999576536022779	0.490421480772092	0.713818360699841	0.982493085830511	0.363002889742893
Nocardiaceae	0.312	0.336	0.336	0.431	0	0	0.00252810035561749	0.945002959830568	0.0024447410193551	0.00564172107140115	0.848086905262347	3.95971323100718e-09	0.00464724330076745	0.999576536022779	0.00526883840378255	0.0125094820042554	0.982493085830511	3.5354582419707e-08
Rhodospirillaceae	0.569	0.412	0.622	0.461	0.07	0.192	2.28755971606153e-05	0.814031533555026	2.95473180663697e-05	7.39892898476979e-05	0.186470366496113	2.6656694227179e-12	7.33192216686389e-05	0.999576536022779	0.00010552613595132	0.000256907256415618	0.982493085830511	1.11069559279912e-10
Bacillaceae	1.442	0.47	2.565	0.542	1.645	0.357	4.60714645336886e-20	1.54321000422897e-14	0.247283254187787	1.4393696790016e-08	0.0542897217322067	0.76532787955057	4.7991108889259e-19	1.86656246015104e-12	0.294384826414032	8.1782368125091e-08	0.982493085830511	0.784147417572306
Veillonellaceae	1.204	0.603	1.15	0.727	0.118	0.326	4.19366696405081e-09	0.908483648747152	2.10597328464956e-09	7.96694686777677e-07	0.733940670661934	0.000109486076875824	2.01618604040904e-08	0.999576536022779	1.31623330290598e-08	3.55667270882892e-06	0.982493085830511	0.000220738058217387
Coriobacteriaceae	2.253	0.559	1.986	0.659	0.632	0.504	1.78964217594474e-18	0.0774630311419827	2.38697950294409e-14	1.39332989590457e-11	0.0964689145228681	1.24946891792794e-05	1.72080978456225e-17	0.463911648166086	2.48643698223342e-13	1.16110824658714e-10	0.982493085830511	3.12367229481984e-05
Erysipelotrichaceae	1.642	0.458	1.576	0.618	0.319	0.468	4.43093964676068e-17	0.805556023123731	2.80886425230165e-14	7.34856619999391e-13	0.316029477166573	6.05983392802248e-05	3.46167159903178e-16	0.999576536022779	2.48874994686806e-13	7.06592903845568e-12	0.982493085830511	0.000128386312034375
Pseudomonadaceae	0.882	0.383	1.111	0.365	0.938	0.393	0.0207057267063029	0.0149652321479331	0.848388751777293	0.314114814999752	0.150054955393204	8.86280730824557e-08	0.0300955330033473	0.133618144177974	0.906398239078304	0.363558813657121	0.982493085830511	4.61604547304457e-07
Hydrogenophilaceae	0.135	0.233	0.137	0.295	0	0	0.093850728971795	0.999576536022779	0.0827338758820447	0.150749346247747	0.186378496108582	0.0065490834035558	0.106648269788161	0.999576536022779	0.110018451970804	0.192282329397637	0.982493085830511	0.00919815084769073
Geobacteraceae	0.597	0.408	0.614	0.455	0.13	0.289	0.000138850538667686	0.980554409965028	0.000115507460122344	0.000671078084323984	0.916365511982493	3.39630724999541e-09	0.000354210557825729	0.999576536022779	0.000343772202745071	0.00199725620334519	0.990997475587099	3.26568004807251e-08
Phycisphaeraceae	0.138	0.245	0.107	0.234	0	0	0.0853666481578613	0.806356983220753	0.0704420149471627	0.300700660870542	0.860078641075205	0.00333723704203916	0.100668217167289	0.999576536022779	0.0967610095428059	0.351285818773998	0.982493085830511	0.00485063523552204
Pseudonocardiaceae	0.284	0.307	0.278	0.401	0.05	0.201	0.0254855296996546	0.995930609985315	0.0202049687089781	0.0624356284593901	0.988661424751196	1.18320647881306e-05	0.0362010365051911	0.999576536022779	0.0332318564292404	0.0894910752362536	0.99425665600923	3.0183838745231e-05
Streptococcaceae	2.053	0.65	2.509	0.543	0.512	0.659	6.3747726990374e-18	0.00285176121234432	3.34177130412172e-14	2.94209101525666e-14	0.820345427835196	0.0581076608868208	5.69176133842625e-17	0.0324063774130036	2.61075883134509e-13	3.49467929342237e-13	0.982493085830511	0.0678827814098373
Mycobacteriaceae	0.67	0.296	0.715	0.325	0.39	0.446	0.00318127673839053	0.78920108515024	0.00434694619753584	0.00441876933931928	0.350215655040674	0.0952033514345502	0.00576318249708429	0.999576536022779	0.00890767663429475	0.0104216258002813	0.982493085830511	0.108185626630171
Rickettsiaceae	0.189	0.226	0.226	0.278	0.308	0.429	0.23770505294985	0.792659919919692	0.222534138002971	0.586183066823871	0.979411064781586	0.302449011217034	0.253958389903686	0.999576536022779	0.267468915868955	0.626263960281913	0.99425665600923	0.328748925235906
Leptotrichiaceae	0.212	0.298	0.164	0.236	0	0	0.0151115717688002	0.68020774468982	0.0112833627828577	0.131590758148832	0.266692187529614	0.0181863145406161	0.0227583912180726	0.999576536022779	0.0198650753219325	0.169575719263959	0.982493085830511	0.023196829771194
Methylophilaceae	0.185	0.253	0.258	0.372	0	0	0.00878034219603993	0.408809927827241	0.028563682268796	0.00658901498798536	0.0807831156192041	0.00210172143550207	0.0142538022662986	0.999576536022779	0.0446307535449938	0.0142004633361754	0.982493085830511	0.00316524312575613
Desulfovibrionaceae	1.212	0.41	1.283	0.52	1.266	0.214	0.694874347933104	0.714639020945719	0.882906193298753	0.991388415615554	0.824349275806844	1.67147449544729e-13	0.694874347933104	0.999576536022779	0.923046897240026	0.991388415615554	0.982493085830511	1.04467155965456e-11
Desulfobulbaceae	0.313	0.325	0.264	0.362	0.045	0.179	0.00903613965216933	0.758861793077865	0.00626129659620822	0.0754775648751649	0.153598624665962	2.61224447799767e-05	0.0143816061638766	0.999576536022779	0.0120927675914315	0.103677973729622	0.982493085830511	6.04686221758719e-05
Oscillospiraceae	1.429	0.461	1.47	0.671	0.156	0.343	2.67002783239124e-16	0.921532738012926	2.98649993624167e-14	1.70419234279962e-13	0.513352971334023	3.09302301293239e-10	1.96325575911121e-15	0.999576536022779	2.48874994686806e-13	1.77520035708293e-12	0.982493085830511	4.83284845770686e-09
Verrucomicrobiaceae	1.86	1.218	1.615	1.282	0.633	0.716	0.000862241226533113	0.600131237524014	0.000538441743432316	0.0245925829573023	0.202067439216098	1.25252562188564e-11	0.00196310827393231	0.999576536022779	0.00143202591338382	0.0415415252657133	0.982493085830511	3.91414256839264e-10
Synergistaceae	0.4	0.35	0.396	0.45	0.05	0.201	0.00174040805512248	0.998815044225214	0.00128073385896532	0.00738140101569285	0.883922154460532	7.47172315036483e-08	0.00334654069278893	0.999576536022779	0.00302059872397482	0.0146456369358985	0.982493085830511	4.24529724452547e-07
Clostridiales_Family_XVII._Incertae_Sedis	0.238	0.274	0.275	0.379	0.05	0.201	0.0361730257596381	0.824532758985439	0.0467257463798768	0.0393602479664149	0.545981346960137	0.00178689306003516	0.0481024278718591	0.999576536022779	0.0668668941156438	0.0617906636824194	0.982493085830511	0.00272392234761458
Pasteurellaceae	0.976	0.68	0.995	0.533	0.816	0.412	0.611977123122451	0.989577756382324	0.613562170764143	0.637670759220289	0.483074106876202	0.0285649579829857	0.627025740904151	0.999576536022779	0.678719215447061	0.675498685614713	0.982493085830511	0.0357061974787321
Cytophagaceae	0.712	0.372	0.588	0.509	0.39	0.366	0.00932227722130774	0.323287421276974	0.00987697338005866	0.263526152011809	0.687535371505998	0.000803881184254756	0.0145660581582933	0.999576536022779	0.0178930677174976	0.313721609537868	0.982493085830511	0.00125606435039806
Clostridiaceae	1.443	0.383	1.421	0.492	0.206	0.404	1.22485147920491e-20	0.963062928819001	1.32116539930394e-14	2.85327317328665e-14	0.216178202133775	0.00273974948078488	1.53106434900614e-19	0.999576536022779	1.65145674912992e-13	3.49467929342237e-13	0.982493085830511	0.00407700815592989
Desulfobacteraceae	0.329	0.327	0.314	0.325	0.067	0.267	0.0110920309127465	0.975789019579836	0.00809794880678227	0.0395460247567484	0.273049040421569	0.000121327403091001	0.0171173316554729	0.999576536022779	0.0151081134454893	0.0617906636824194	0.982493085830511	0.000236967584162112
Gallionellaceae	0.158	0.252	0.136	0.262	0	0	0.0551527217073267	0.90480647221908	0.042706096238522	0.173206943223397	0.646291945774147	0.000380882503728326	0.0689409021341584	0.999576536022779	0.0628030827037088	0.214365028741828	0.982493085830511	0.000652196068027956
Neisseriaceae	0.295	0.307	0.24	0.337	0.163	0.295	0.255424515684784	0.686448454735072	0.265619207375677	0.717405791482157	0.472718650082175	0.569143096251037	0.268303062694101	0.999576536022779	0.313230197376977	0.741121685415451	0.982493085830511	0.597839386818316
Thermaceae	0.636	0.428	1.541	0.492	0.652	0.487	4.57974780300803e-16	2.98649993624167e-14	0.990132282115711	8.46999781423108e-09	0.177526885663018	0.264512687180161	3.18038041875558e-15	1.86656246015104e-12	0.990132282115711	5.29374863389442e-08	0.982493085830511	0.290035841206317
Methylocystaceae	0.063	0.148	0.186	0.365	0.341	0.423	8.28736780422496e-05	0.0553033111454981	0.000148971708368917	0.114262796562392	0.827393686423316	0.433350972649333	0.000240911854773981	0.384050771843737	0.000433057291770107	0.151945208194671	0.982493085830511	0.4590582337387
Symbiobacteriaceae	0.258	0.31	0.28	0.334	0	0	0.00477635897247821	0.937784512703054	0.00475039997079807	0.00924342490235697	0.969914955421984	2.74110661067062e-05	0.00829228988277467	0.999576536022779	0.00957741929596385	0.0175064865574943	0.99425665600923	6.22978775152413e-05
Enterococcaceae	1.409	0.456	1.294	0.597	0.102	0.278	8.73420269236855e-18	0.490358960484828	2.83106871279415e-14	1.09989795049614e-12	0.72200447078278	2.53577657188677e-08	7.27850224364046e-17	0.999576536022779	2.48874994686806e-13	9.82051741514413e-12	0.982493085830511	1.76095595269915e-07
Deferribacteraceae	0.138	0.211	0.1	0.178	0	0	0.0286334928616296	0.617913878779664	0.023754242487157	0.230420756996118	0.530285761133665	0.0121839060389821	0.0397687400855967	0.999576536022779	0.0380676962935208	0.276948025235719	0.982493085830511	0.0160314553144502
Unclassified	3.433	0.183	3.408	0.296	2.384	0.183	8.41932000157003e-39	0.839565822348263	1.66533453693773e-15	1.66533453693773e-15	0.561672515964247	0.00866748004368555	1.05241500019625e-36	0.999576536022779	2.94902990916057e-14	8.78926561161582e-14	0.982493085830511	0.0116498387683946
Thermodesulfobacteriaceae	0.19	0.236	0.137	0.224	0.045	0.179	0.0477932022306285	0.511568626840392	0.0470742934574132	0.396435663654283	0.0381127056562175	0.845955536647388	0.0622307320711309	0.999576536022779	0.0668668941156438	0.446436558169238	0.982493085830511	0.85971091122702
Sphingomonadaceae	0.41	0.343	0.342	0.424	0	0	9.75865573727617e-05	0.62129354910193	5.34855161520298e-05	0.00509190244811919	0.380342930293039	3.99736802459846e-07	0.0002772345379908	0.999576536022779	0.000185713597750103	0.0117868112224981	0.982493085830511	1.85063334472151e-06
Acetobacteraceae	0.347	0.324	0.297	0.308	0.166	0.301	0.105561983639245	0.746708085545231	0.0922277824498912	0.390333802733231	0.677902956231617	0.00860042390384364	0.117814713883086	0.999576536022779	0.120088258398296	0.443561139469581	0.982493085830511	0.0116498387683946
Aeromonadaceae	0.477	0.354	0.579	0.496	0	0	3.21332670063042e-06	0.397213227658577	1.21649645551392e-05	4.7808769448876e-06	0.777876349648107	0.000192107784231015	1.14761667879658e-05	0.999576536022779	4.75193927935123e-05	1.92777296164823e-05	0.982493085830511	0.000357446294341511
Hyphomicrobiaceae	0.208	0.288	0.145	0.228	0.05	0.201	0.0754387328775366	0.520055200518156	0.0785317161404476	0.499613252700963	0.758176594344114	4.96708520625784e-05	0.0898080153304007	0.999576536022779	0.105553381909204	0.543057883370612	0.982493085830511	0.000108927307154777
Acholeplasmataceae	0.241	0.306	0.369	0.359	0.214	0.299	0.139485369508908	0.145915757282724	0.946628867671069	0.266107777942489	0.235732735387172	0.00643044750812133	0.154297975120474	0.607982322011351	0.962021206982794	0.313806341913313	0.982493085830511	0.00913415839221779
Caulobacteraceae	0.347	0.357	0.371	0.422	0	0	0.00110938609107012	0.949165699490406	0.00104900881441061	0.00293498646276047	0.979651733394101	3.15643868670117e-11	0.00241810540716834	0.999576536022779	0.00257110003532013	0.00764319391343872	0.99425665600923	7.89109671675292e-10
Leuconostocaceae	0.119	0.2	0.183	0.424	0.085	0.237	0.411947392694331	0.486936842118654	0.883791095449252	0.460720358270924	0.595759512053223	0.0825974078951718	0.429111867389929	0.999576536022779	0.923046897240026	0.505175831437416	0.982493085830511	0.0955988517305229
Porphyromonadaceae	3.218	0.508	2.991	0.765	1.065	0.661	1.95885197428696e-26	0.170087271204581	1.66533453693773e-15	2.54241072639161e-14	0.872665528250781	4.97431206981917e-08	4.08094161309784e-25	0.674955954949217	2.94902990916057e-14	3.49467929342237e-13	0.982493085830511	2.96090004155903e-07
Brucellaceae	0.13	0.203	0.167	0.325	0	0	0.0489467581377388	0.721810648248046	0.0765256834920311	0.0453579113165485	0.160419010148641	0.0339372333318343	0.0630757192496634	0.999576536022779	0.10397511344026	0.0683151960077368	0.982493085830511	0.0415897467301891
Lachnospiraceae	3.231	0.422	3.09	0.692	1.013	0.671	2.55538559725636e-32	0.409793161234831	1.66533453693773e-15	2.1094237467878e-15	0.555911022027586	0.0358622293485871	1.06474399885682e-30	0.999576536022779	2.94902990916057e-14	8.78926561161582e-14	0.982493085830511	0.0435221229958581
Heliobacteriaceae	0.257	0.311	0.29	0.378	0	0	0.00588586293704584	0.878054844706089	0.00672007457593171	0.00915457481891369	0.438529746019643	7.04273263770279e-05	0.00994233604230716	0.999576536022779	0.0127274139695676	0.0175064865574943	0.982493085830511	0.000146723596618808
Desulfomicrobiaceae	0.18	0.268	0.226	0.263	0.05	0.201	0.0947036635718873	0.689914485187469	0.15609579154422	0.0826148952397142	0.234135505427065	1.99141762461151e-05	0.106648269788161	0.999576536022779	0.195119739430274	0.111041525859831	0.982493085830511	4.8809255505184e-05
Polyangiaceae	0.244	0.301	0.233	0.279	0.172	0.314	0.675943409573521	0.985641911870634	0.649866685090872	0.791911642026505	0.602740098862394	0.00034369215007389	0.686934359322684	0.999576536022779	0.712573119617184	0.804788254091977	0.982493085830511	0.00060509181351037
Actinomycetaceae	0.384	0.294	0.893	0.856	0	0	3.24545851327018e-09	1.44566735227336e-06	0.00538423688339418	9.56279644359626e-09	0.721032321106062	0.0245658975206496	1.62272925663509e-08	4.51771047585425e-05	0.0106830096892742	5.69214074023587e-08	0.982493085830511	0.0310175473745576
Acidobacteriaceae	0.393	0.361	0.363	0.476	0	0	0.00057148702404824	0.925396168838327	0.000352275827861459	0.00570432379394048	0.811854116939502	1.20876499580323e-09	0.00140070349031431	0.999576536022779	0.00100078360187914	0.0125094820042554	0.982493085830511	1.51095624475404e-08
Acidithiobacillaceae	0.079	0.162	0.227	0.256	0.05	0.201	0.000757521040340841	0.000939221591203965	0.833011290673272	0.00855616004364701	0.215470629274618	0.682402240416907	0.00178912489696527	0.0117402698900496	0.897641477018612	0.0167112500852481	0.982493085830511	0.710835667100945
Burkholderiaceae	0.828	0.367	0.87	0.533	0.183	0.331	5.14717196222054e-08	0.878092014741239	5.8420121740177e-08	6.4162196222739e-07	0.677976279882435	5.25528261385741e-07	2.16606779286881e-07	0.999576536022779	2.92100608700885e-07	2.97047204734903e-06	0.982493085830511	2.18970108910725e-06
Helicobacteraceae	0.236	0.284	0.366	0.413	0.108	0.242	0.0252939077580309	0.124601165144878	0.272549625275933	0.0228157556111978	0.172160191127229	0.0085733999572309	0.0362010365051911	0.537893571726669	0.315450955180478	0.0390680746767085	0.982493085830511	0.0116498387683946
Methylobacteriaceae	0.235	0.288	0.232	0.314	0.035	0.141	0.0319894749393552	0.999210829593166	0.0261314985547494	0.0699409231025675	0.682752923695561	0.000408516194639024	0.0434639605154282	0.999576536022779	0.0413473078397933	0.0971401709757882	0.982493085830511	0.000679627292329195
Alteromonadaceae	4.834	0.161	4.792	0.271	5.064	0.009	5.69116425206643e-06	0.512533813611694	1.5231657192083e-05	1.04006235838172e-05	0.421631007382153	6.19343652102155e-10	1.92269062569812e-05	0.999576536022779	5.59987396767756e-05	4.0627435874286e-05	0.982493085830511	8.60199516808549e-09
Peptostreptococcaceae	1.692	0.429	1.733	0.507	0.144	0.27	2.53775908085309e-26	0.894999419646265	1.66533453693773e-15	7.21644966006352e-15	0.284148323928653	0.000254993773759227	4.53171264438052e-25	0.999576536022779	2.94902990916057e-14	2.25514051876985e-13	0.982493085830511	0.00046194524231744
Shewanellaceae	0.284	0.309	0.432	0.503	0.184	0.292	0.0558467250113701	0.123505138821441	0.546058807551764	0.066643121209255	0.194939544777981	3.33033381064383e-06	0.069117233924963	0.537893571726669	0.609440633428308	0.0935998893388413	0.982493085830511	1.07837107653799e-05
Myxococcaceae	0.306	0.359	0.3	0.409	0	0	0.00579694517460565	0.995874365723313	0.0043344566551059	0.0199688028891462	0.891835775010882	1.81652716353727e-06	0.00992627598391379	0.999576536022779	0.00890767663429475	0.0346680605714343	0.982493085830511	6.30738598450442e-06
Deinococcaceae	0.421	0.366	0.459	0.414	0	0	6.39565661349249e-05	0.873275379039794	7.1945334149226e-05	0.00021006080384578	0.921569123064209	6.27704727730478e-09	0.000194989530899161	0.999576536022779	0.000230594019709058	0.000690989486334801	0.990997475587099	5.23087273108732e-08
Halomonadaceae	0.481	0.305	0.792	0.363	1.237	0.312	2.15027029159773e-15	3.27733456279011e-05	4.42978986825437e-14	5.02628485822276e-05	0.972497918010358	0.999833792855144	1.41465150763008e-14	0.000585238314783949	3.25719843253998e-13	0.000184881323814468	0.99425665600923	0.99984423629578
Listeriaceae	0.193	0.239	0.173	0.256	0	0	0.00908917509557003	0.917717049895469	0.00628823914754439	0.0453612901491373	0.37978527223436	0.105200188020506	0.0143816061638766	0.999576536022779	0.0120927675914315	0.0683151960077368	0.982493085830511	0.118468680203273
Ferrimonadaceae	0.16	0.237	0.213	0.297	0.032	0.128	0.0577149242723278	0.564919139628368	0.122513086437486	0.0469762120626382	0.772650690666105	0.0028810051400488	0.0707290738631468	0.999576536022779	0.157877688708101	0.0699050774741641	0.982493085830511	0.00423677226477764
Corynebacteriaceae	0.623	0.357	0.753	0.531	0.105	0.287	1.16855760290712e-06	0.268913536686236	7.29795522880217e-06	1.39585833858202e-06	0.46124697271861	4.21289361551459e-05	4.29616765774678e-06	0.926866134951484	2.94272388258152e-05	6.0166307697501e-06	0.982493085830511	9.40378039177365e-05
Ruminococcaceae	3.404	0.491	3.385	0.741	1.449	0.573	3.46211525432773e-25	0.985674200576372	1.88737914186277e-15	1.7430501486615e-14	0.685263585651217	2.29086211212168e-05	5.40955508488708e-24	0.999576536022779	2.94902990916057e-14	3.49467929342237e-13	0.982493085830511	5.50688007721557e-05
Ectothiorhodospiraceae	0.317	0.295	0.404	0.406	0	0	0.000135643068698884	0.374745273199547	0.000526721165367117	0.000126691003777712	0.842768679344126	4.49767347933482e-08	0.000354210557825729	0.999576536022779	0.00143130751458456	0.000428010147897677	0.982493085830511	2.9589957100887e-07
Chrysiogenaceae	0.102	0.201	0.23	0.288	0	0	0.00138333038446276	0.0126883558115745	0.171159733063588	0.00167680697739658	0.0927928873022123	0.000616104600276323	0.00288193830096409	0.122003421265139	0.21183135280147	0.00476365618578575	0.982493085830511	0.000987347115827441
Flavobacteriaceae	1.066	0.405	1.22	0.468	1.666	0.132	6.37533869380743e-07	0.172788724467	3.90662834748312e-07	0.00149863751656132	0.660092505013769	8.20066311139677e-07	2.57070108621267e-06	0.674955954949217	1.74403051226925e-06	0.00435650440860848	0.982493085830511	3.20338402788936e-06
Anaplasmataceae	0.085	0.183	0.353	0.386	1.079	0.31	1.46635455884858e-29	5.1690100100199e-06	1.66533453693773e-15	3.07531777821168e-14	0.885089308307358	0.736804236208644	3.66588639712144e-28	0.000129225250250498	2.94902990916057e-14	3.49467929342237e-13	0.982493085830511	0.761161401041987
Rikenellaceae	3.242	0.515	2.722	0.708	0.819	0.588	4.14721281372975e-32	9.93214478126614e-05	1.66533453693773e-15	2.23154827949656e-14	0.649176670787082	1.09838795145426e-06	1.29600400429055e-30	0.00155189762207283	2.94902990916057e-14	3.49467929342237e-13	0.982493085830511	4.03819099799359e-06
Peptococcaceae	0.773	0.392	0.924	0.517	0.087	0.24	1.4886170220559e-09	0.195266291318597	1.4727011277138e-08	3.05975400571867e-09	0.564855095757952	1.45134368418455e-10	8.06623820414777e-09	0.717890776906607	8.36762004382844e-08	2.01299605639386e-08	0.982493085830511	3.02363267538448e-09
Thermomonosporaceae	0.114	0.182	0.15	0.286	0	0	0.0504860028850561	0.675046147564726	0.0861922932174386	0.0446292731294989	0.520428947541457	0.0169945871532867	0.0643954118431838	0.999576536022779	0.113410912128209	0.0683151960077368	0.982493085830511	0.0219002411769159
Mycoplasmataceae	0.963	0.356	1.347	0.445	2.033	0.227	2.17869191462405e-20	7.41975372320347e-06	2.00950367457153e-14	4.94409108098282e-08	0.99425665600923	0.350727608053999	2.47578626661824e-19	0.000154578202566739	2.2835269029222e-13	2.57504743801188e-07	0.99425665600923	0.374708982963674
Saprospiraceae	0.403	0.361	0.28	0.402	0	0	0.000138563038402122	0.237239866545679	0.000110293724131738	0.0315345174632899	0.988575961061917	1.17940112029724e-05	0.000354210557825729	0.84728523766314	0.000338726646852917	0.0511923984793668	0.99425665600923	3.0183838745231e-05
Bradyrhizobiaceae	0.586	0.421	0.787	0.436	0.639	0.418	0.090014461555949	0.0726512663422343	0.886125021350425	0.510799726771856	0.868911976259547	9.1394039067459e-06	0.104183404578645	0.463911648166086	0.923046897240026	0.55043074005588	0.982493085830511	2.53872330742942e-05
Phyllobacteriaceae	0.183	0.275	0.221	0.342	0	0	0.0290109264292301	0.79766264757206	0.0393602811089087	0.0310243159197697	0.878609242761267	0.000410458218034171	0.0398501736665249	0.999576536022779	0.0600004285196778	0.0510268353943581	0.982493085830511	0.000679627292329195
Propionibacteriaceae	0.511	0.458	0.475	0.404	0.087	0.241	0.0014712535033691	0.917645750044346	0.000934477353319529	0.0119309549532024	0.0943149920504885	3.89390607444922e-06	0.00296623690195384	0.999576536022779	0.00233619338329882	0.0218453511499354	0.982493085830511	1.19518980456653e-05
Oxalobacteraceae	0.219	0.247	0.243	0.328	0.05	0.2	0.0392140022093718	0.900313148409729	0.0438589744878105	0.0486006155851336	0.159431659582654	0.00763869465661048	0.0515973713281207	0.999576536022779	0.0637485094299571	0.0714714935075494	0.982493085830511	0.0106092981341812
Dehalococcoidaceae	0.187	0.275	0.271	0.426	0	0	0.0159831218801398	0.389900493702315	0.0540950291405796	0.0117784855708938	0.501603148904184	0.000413213393736151	0.0237844075597319	0.999576536022779	0.075976164523286	0.0218453511499354	0.982493085830511	0.000679627292329195
Rhodocyclaceae	0.431	0.352	0.305	0.363	0	0	1.86877164679719e-05	0.189043489522249	1.39965731363878e-05	0.0120586338347644	0.714796272140475	4.60003087241398e-07	6.14727515393814e-05	0.716073823947913	5.30173224863174e-05	0.0218453511499354	0.982493085830511	1.99924992956405e-06
Moraxellaceae	0.52	0.543	1.598	0.756	0.499	0.453	1.99306551936288e-14	4.65183447317941e-14	0.989488925515491	2.82315069100036e-08	0.0268729277136879	0.0505059216794776	1.2456659496018e-13	1.93826436382475e-12	0.990132282115711	1.53432102771759e-07	0.982493085830511	0.0595588699050444
Campylobacteraceae	1.17	0.54	1.414	0.709	0.164	0.372	1.05745043307436e-10	0.110110155126943	2.04570682615923e-09	1.91834992335771e-10	0.450808863020408	8.15852707395876e-07	6.00824109701338e-10	0.529375745802609	1.31623330290598e-08	1.41055141423361e-09	0.982493085830511	3.20338402788936e-06
Rhodobiaceae	0.099	0.171	0.135	0.283	0	0	0.0740939013157114	0.642891320372496	0.133836832297582	0.0630017169663225	0.350775736695214	0.0381505710066318	0.0890551698506147	0.999576536022779	0.170710245277529	0.0894910752362536	0.982493085830511	0.0458540516906632
Methylococcaceae	0.161	0.24	0.202	0.315	0	0	0.0263058006368705	0.723003963231387	0.0411162191869253	0.025625276566718	0.734299294521256	0.000194450784121782	0.0369463492090877	0.999576536022779	0.0611848499805436	0.0427087942778633	0.982493085830511	0.000357446294341511
Sphingobacteriaceae	0.269	0.307	0.291	0.322	0	0	0.00240845164386487	0.935698107615194	0.00238413422650852	0.00521889922717766	0.184123044195802	0.0312536989655791	0.00449337993258372	0.999576536022779	0.00522836453181692	0.011861134607222	0.982493085830511	0.0386803205019543
Thermoanaerobacterales_Family_III._Incertae_Sedis	0.702	0.296	0.884	0.334	0.955	0.41	0.00156426278143067	0.0223391729176566	0.010304443725814	0.759451721639707	0.612084804046198	0.99984423629578	0.00310369599490213	0.186159774313805	0.0184007923675249	0.778126763975109	0.982493085830511	0.99984423629578
Roseiflexaceae	0.156	0.238	0.084	0.192	0	0	0.0178347472286802	0.274352375945639	0.023334612153723	0.433555300880802	0.520956040403319	0.224555522272109	0.0262275694539415	0.926866134951484	0.037880863885914	0.479596571770798	0.982493085830511	0.2484021264072
Acidaminococcaceae	0.982	0.625	0.924	0.882	0.198	0.366	0.000109511713424884	0.912088904355882	6.34437705619995e-05	0.00178062785331867	0.280192588901688	3.04942860349931e-16	0.000304199203958011	0.999576536022779	0.000208696613690788	0.00494618848144076	0.982493085830511	3.81178575437414e-14
Brachyspiraceae	0.36	0.33	0.51	0.408	0.05	0.2	0.000120077576152606	0.0954089892417185	0.00224078058503674	6.81564695274028e-05	0.264622229492948	0.0162856422971134	0.000326297761284257	0.510560144903009	0.00500174237731415	0.000243415962597867	0.982493085830511	0.0212052634076997
Enterobacteriaceae	2.229	0.979	3.039	1.036	1.834	0.518	6.15992710326037e-05	0.000349366178957311	0.277368879142927	0.000273446464594485	0.896033694277426	1.93282517682212e-10	0.000192497721976886	0.00485230804107376	0.318083576998769	0.000876430976264373	0.982493085830511	3.45147353003949e-09
Xanthobacteraceae	0.217	0.271	0.283	0.331	0	0	0.0036487700220723	0.48944243087662	0.00968369954676329	0.00310598279221153	0.791911821589074	0.00527238002284355	0.00642389088393011	0.999576536022779	0.0178009182844913	0.00791521875107393	0.982493085830511	0.00757525865351084
Chromatiaceae	0.352	0.34	0.273	0.314	0.024	0.095	0.000863767640530215	0.485225380721431	0.000579304594763519	0.0358890386843749	0.571228594718698	0.000180574955217395	0.00196310827393231	0.999576536022779	0.00150860571553	0.0575144850711136	0.982493085830511	0.000341998021245067
Micromonosporaceae	0.345	0.335	0.329	0.444	0	0	0.00112200090892611	0.973281817339714	0.000747694021579037	0.00712788069851833	0.286539869720913	0.00012119897082072	0.00241810540716834	0.999576536022779	0.00190738270810979	0.0146308121595838	0.982493085830511	0.000236967584162112
Cellulomonadaceae	0.165	0.265	0.152	0.256	0	0	0.0514649299010268	0.969995136272489	0.0404506337263725	0.12886148483964	0.990981366920807	0.000267747467189993	0.064980972097256	0.999576536022779	0.0609196291059826	0.167788391718282	0.99425665600923	0.000478120477124988
Thermotogaceae	0.135	0.246	0.116	0.244	0.024	0.095	0.214161395803457	0.925071658961752	0.185567055922544	0.420301982779915	0.322046031817871	0.000703927024198873	0.230777366167518	0.999576536022779	0.227410607748216	0.469087034352584	0.982493085830511	0.00111380858259315
Rhizobiaceae	0.614	0.331	0.679	0.406	0.061	0.243	1.97144685480367e-08	0.648248735465109	3.94406972636929e-08	1.26559871804766e-07	0.828396832339217	4.08434307851786e-06	8.80110203037353e-08	0.999576536022779	2.05420298248401e-07	6.32799359023828e-07	0.982493085830511	1.21557829717793e-05
Fusobacteriaceae	0.216	0.341	0.407	0.552	0.044	0.177	0.00739325810075054	0.0500470415117825	0.213713368489714	0.00725688283115355	0.168969620779065	0.010540669764281	0.0121599639814976	0.367992952292518	0.259360884089459	0.0146308121595838	0.982493085830511	0.0140168480907992
Alicyclobacillaceae	0.196	0.257	0.31	0.339	0	0	0.000998978168790146	0.102112028980602	0.0161490402024055	0.000603157889244921	0.0818707138039409	0.0437699613594083	0.00222986198390658	0.510560144903009	0.0269150670040091	0.00183889600379549	0.982493085830511	0.0521070968564384
Frankiaceae	0.204	0.296	0.214	0.372	0	0	0.0355245895328505	0.985800482758998	0.0323322602370604	0.0597991418344467	0.394396776323598	7.97577806229249e-06	0.0477481042108206	0.999576536022779	0.0498954633287969	0.0869173573175097	0.982493085830511	2.265846040424e-05
Bacteroidaceae	4.168	0.422	3.956	0.584	1.976	0.534	2.46883835394468e-35	0.0942676372278179	1.66533453693773e-15	1.66533453693773e-15	0.68944078482609	0.00134995246333634	1.54302397121542e-33	0.510560144903009	2.94902990916057e-14	8.78926561161582e-14	0.982493085830511	0.00208325997428448
Paenibacillaceae	0.668	0.4	0.623	0.515	0.05	0.201	6.78307869257005e-07	0.86322923214548	3.3969588830729e-07	5.02877200775353e-05	0.441036651139118	3.92022255897822e-06	2.64964011428518e-06	0.999576536022779	1.57266614957079e-06	0.000184881323814468	0.982493085830511	1.19518980456653e-05
Chlorobiaceae	0.619	0.394	0.432	0.493	0.081	0.224	5.54057631544163e-06	0.0779371568919025	5.8588870383014e-06	0.0169142412057343	0.611722910229037	7.99016821166957e-08	1.92269062569812e-05	0.463911648166086	2.44120293262558e-05	0.0297785936720674	0.982493085830511	4.34248272373346e-07
Streptomycetaceae	0.636	0.391	0.533	0.504	0.168	0.304	0.000182721645356984	0.469479311979519	0.000111102340167757	0.0135473052367966	0.513311830547735	0.000164298314666573	0.00045680411339246	0.999576536022779	0.000338726646852917	0.0241916164942796	0.982493085830511	0.000315958297435718
Microbacteriaceae	0.215	0.292	0.157	0.283	0	0	0.0146468953995224	0.57886034864256	0.0116924487293644	0.167185601636143	0.40206328726722	0.000453226649752908	0.0223275844504914	0.999576536022779	0.0202624477261158	0.211092931358767	0.982493085830511	0.000735757548300175
Thermoanaerobacteraceae	0.501	0.347	0.733	0.469	1.123	0.254	5.52817396186146e-09	0.00939075686467072	9.28919796638894e-09	0.00245337044595106	0.203745447007704	2.93430220518543e-06	2.55933979715808e-08	0.0978203840069867	5.52928450380294e-08	0.00652492139880602	0.982493085830511	9.91318312562644e-06
