Geobacter_lovleyi	2.33334366217588	2.02914383253058	3.0957235093118e-07	0.663950254426152	3.09325086720864e-12	1.48056341749695e-06	0.997240112143685	6.67171755672453e-12
Coprococcus_catus	3.13067338152504	2.98929140055719	0.0613596010508038	0.792660150878267	7.87833946889837e-32	0.124991779918304	0.997240112143685	6.19012386842015e-31
Streptococcus_parasanguinis	1.68745623247411	1.13322235881898	5.01718953988842e-10	0.415873468928819	9.04873314312449e-18	2.90468868098803e-09	0.997240112143685	2.36990629938975e-17
Prevotella_intermedia	0.857172912351927	1.76141385831993	1.13060899958413e-20	0.396627550867302	3.84566756715879e-05	1.38185544393616e-19	0.997240112143685	5.56609779457193e-05
Acholeplasma_brassicae	0.756400442797999	0.654174829953268	0.493311267487795	0.536915452490476	2.91808799192018e-32	0.714003150311282	0.997240112143685	2.6749139925935e-31
Variovorax_paradoxus	0.709579600105072	0.702683521591413	0.997295113399908	0.982735789451887	1.52718171739482e-45	0.999990739781057	0.997240112143685	8.39949944567151e-44
Eggerthella_lenta	1.51703585442379	1.60740565536	0.436464540575811	0.962454488725219	8.14315294850069e-12	0.648798641396475	0.997240112143685	1.69008834780203e-11
Streptococcus_anginosus	0.36737158602839	1.21216782466013	1.26887682703149e-20	0.894363429253036	0.000218894561085536	1.39576450973463e-19	0.997240112143685	0.000304789895182391
Streptococcus_gordonii	0.435760687316358	0.266244677238246	0.00444577464947865	0.870762554839275	1.62080842783733e-09	0.0116436955105393	0.997240112143685	2.9227692961001e-09
.Ruminococcus._torques	3.87367364752419	3.8735420203913	0.999987422892826	0.0463171839601582	3.79381525783103e-08	0.999990739781057	0.997240112143685	6.32302542971838e-08
Clostridium_beijerinckii	0.241721274635162	0.185414625784313	0.247333637824985	0.649352430558492	0.0011905286170845	0.418564617857667	0.997240112143685	0.00147143986381231
Roseburia_hominis	2.56846582275407	2.4953111890566	0.307828359148859	0.454931423737647	5.50704621076659e-11	0.505389843378724	0.997240112143685	1.10140924215332e-10
Faecalitalea_cylindroides	1.27923076185888	1.39733196409849	0.410081789884441	0.948874435872125	5.86503032668415e-27	0.626513845656785	0.997240112143685	3.22576667967628e-26
Beutenbergia_cavernae	0.185907273868325	0.168316726780917	0.788552154511553	0.834981642672724	0.893470814538192	0.972495191208099	0.997240112143685	0.910016570362973
Eubacterium_rectale	3.29993285903436	3.12599893997068	0.05710271274598	0.714687076263549	6.86192997107123e-32	0.11851506418977	0.997240112143685	5.80624843706027e-31
Haemophilus_parainfluenzae	0.544594290183649	0.493466632484935	0.764806477408306	0.278140605530954	2.39575267813691e-10	0.956150283067392	0.997240112143685	4.54366887232862e-10
Pantoea_ananatis	0.702140007697148	0.81648555176081	0.124774712742582	0.153966073462927	1.54899732253999e-06	0.231642580573707	0.997240112143685	2.50573096293234e-06
Acidaminococcus_fermentans	2.87353391584967	2.5990702171595	0.00774569214084708	0.946192620828968	4.22405290520549e-33	0.0189339141220706	0.997240112143685	4.44301126986193e-32
Streptococcus_salivarius	1.37671446408983	0.968626942307287	0.000181356239785309	0.563598104309418	2.5158785083701e-23	0.000604520799284363	0.997240112143685	9.88380842573969e-23
Parabacteroides_distasonis	3.42472709003	3.35206668550784	0.436255655198016	0.960010673135082	4.44301126986193e-33	0.648798641396475	0.997240112143685	4.44301126986193e-32
Methylobacterium_nodulans	0.545913993528072	0.416881873776331	0.0659908392730479	0.509778069233869	6.65266435218209e-11	0.131981678546096	0.997240112143685	1.30677335489291e-10
Streptococcus_macedonicus	0.451140176648515	0.718271299664067	0.00388130516276601	0.651944299992001	0.00346349294606795	0.010928821328302	0.997240112143685	0.00405302366029228
Methylocella_silvestris	0.58815204261809	0.507358031725874	0.20378158697543	0.00464823325755292	1.2261772535002e-05	0.361547976891892	0.342579251473716	1.84766435458934e-05
Desulfovibrio_vulgaris	1.19981870230153	0.993334990377916	0.0713573879450408	0.912926843088065	7.80325348082894e-25	0.140166297749187	0.997240112143685	3.43343153156474e-24
Ruminococcus_bromii	2.02479457088164	2.01119678695923	0.994082372893335	0.857012349563595	7.60032700788189e-35	0.999990739781057	0.997240112143685	9.28928856518898e-34
Desulfotomaculum_reducens	0.11006364043002	0.230086813348194	4.27181209062133e-05	0.576660657494152	2.19801153358878e-06	0.000174036788877165	0.997240112143685	3.50407635789516e-06
Ruminiclostridium_thermocellum	0.976769788130177	0.823054028024727	0.147847173768865	0.994448746682602	9.16869706882684e-20	0.266609657615985	0.997240112143685	2.88159050734558e-19
.Clostridium._sticklandii	0.572361348979683	0.945936172353382	1.84780857236877e-06	0.326964612654913	6.91255376984287e-06	8.13035771842259e-06	0.997240112143685	1.07095903476439e-05
Campylobacter_curvus	0.092864694711283	0.818185126363279	1.59591942687409e-22	0.565636680427474	0.000471416067256521	2.50787338508785e-21	0.997240112143685	0.000624768281906233
Jonesia_denitrificans	1.12819338307104	0.785187069816173	1.76740156155665e-06	0.899649548787019	0.239299291207312	8.10059049046797e-06	0.997240112143685	0.250694495550517
Geobacillus_sp._GHH01	1.36713660491932	2.89370204810849	6.53171666141606e-56	0.171502775981661	0.401432377807342	3.59244416377883e-54	0.997240112143685	0.41268749120381
Bacillus_amyloliquefaciens	1.38700786085574	1.62337923074889	0.00816561116126304	0.540557232120905	4.39759784003747e-19	0.0191110048455093	0.997240112143685	1.2729888484319e-18
Anoxybacillus_flavithermus	1.30462586811355	2.88915064671521	4.64793831794877e-55	0.156189107709396	0.00567150639815364	1.70424404991455e-53	0.997240112143685	0.00649860108121771
Lachnoclostridium_phytofermentans	0.213776841541468	0.205490905711948	0.955210772546949	0.346694327860904	0.00263481508732432	0.999990739781057	0.997240112143685	0.00315032238701821
Modestobacter_marinus	0.167132909428709	0.147304425475623	0.688144084967852	0.516179028259428	0.999792219869773	0.911998184897154	0.997240112143685	0.999792219869773
.Eubacterium._siraeum	1.51413225464947	1.36390158216954	0.383284648873157	0.853231597026073	1.58834064669596e-26	0.603445909535302	0.997240112143685	7.94170323347982e-26
Escherichia_coli	0.794267159656546	1.45010409604203	1.75066987050585e-10	0.553632415430574	5.12726234690733e-13	1.13278638679791e-09	0.997240112143685	1.15101807787716e-12
Campylobacter_hominis	0.17103112775555	0.869940318394222	3.03569080990056e-15	0.636387448194927	5.52992542930651e-07	2.38518563635044e-14	0.997240112143685	9.07898204811516e-07
Acinetobacter_baumannii	0.0181531830004906	0.540051492226757	2.36354072330543e-26	0.218707942598125	0.229831450622324	4.33315799272662e-25	0.997240112143685	0.243090957388997
Peptoclostridium_difficile	1.94644342206793	2.02680610332565	0.590183878448951	0.93308580616661	5.96704851534959e-14	0.811502832867308	0.997240112143685	1.36744861810095e-13
Odoribacter_splanchnicus	2.24063415031402	2.1930327189497	0.85440121158862	0.710349945212904	3.32443116391687e-25	0.999990739781057	0.997240112143685	1.52369761679523e-24
Faecalibacterium_prausnitzii	3.55922371895093	3.62089694722897	0.668490045349809	0.734016757491327	3.44171488610113e-37	0.896754938883891	0.997240112143685	6.30981062451874e-36
Alistipes_finegoldii	2.59223225641396	2.22352500182886	0.000169717421335406	0.846575152082551	7.91541847657665e-29	0.000583403635840459	0.997240112143685	5.44185020264645e-28
Clostridium_tetani	0.50622652226172	0.428340519123107	0.449189031791292	0.846741692924138	3.41098402929455e-19	0.658810579960562	0.997240112143685	1.01407633303351e-18
Gordonibacter_pamelaeae	0.691996155200109	0.348267316417932	5.64275607040573e-09	0.584626521295066	3.07340489825766e-05	2.95572937021253e-08	0.997240112143685	4.50766051744457e-05
Lactobacillus_crispatus	0.136804465306287	0.330485197959982	1.991686851577e-05	0.737862985541279	0.137089144406895	8.42636744897962e-05	0.997240112143685	0.147841234164299
Ruminococcus_champanellensis	0.674105556188363	0.668750879413981	0.998292005163692	0.859454531600185	7.57798178920701e-24	0.999990739781057	0.997240112143685	3.08732591412137e-23
Coxiella_burnetii	0.395307730026021	0.436354841233688	0.886357614815172	0.995857274859317	1.6861909496839e-53	0.999990739781057	0.997240112143685	1.85481004465229e-51
Prevotella_dentalis	0.518799900809283	0.449619556362812	0.384011033340646	0.466958626906723	1.7896702667233e-09	0.603445909535302	0.997240112143685	3.1752214409607e-09
Cellulophaga_lytica	0.28126125707504	0.268656564723795	0.921266523477385	0.119745081082131	0.00168363451330727	0.999990739781057	0.997240112143685	0.00203516259850329
Fusobacterium_nucleatum	0.171852519676393	0.730237519574572	1.49017146480132e-15	0.56665282061562	0.000911282178888756	1.26091431637035e-14	0.997240112143685	0.00113910272361094
Segniliparus_rotundus	0.0402420337630765	0.686818110467169	2.35824696905235e-22	0.382491269145761	0.171131314563128	3.24258958244699e-21	0.997240112143685	0.182761598077127
Bacteroides_thetaiotaomicron	3.67775322949379	3.4901034185885	0.000353482338038215	0.778066924931364	8.0043827042406e-19	0.00114361932894716	0.997240112143685	2.20120524366617e-18
Olsenella_uli	2.23911693628964	2.16125313516305	0.711331272838325	0.763801290508096	4.52436988475166e-27	0.920546353084892	0.997240112143685	2.61937203854044e-26
Clostridium_perfringens	0.524580134259426	2.19436962825335	4.37132000245667e-56	0.635680972132127	0.000126204869381678	3.59244416377883e-54	0.997240112143685	0.000177981226051085
Streptococcus_lutetiensis	0.191653923687027	0.430625779095736	0.000109200709925595	0.0998698269210112	5.88177110880025e-15	0.000387486390058565	0.997240112143685	1.37658472759155e-14
.Ruminococcus._obeum	3.35056532641828	3.24649222822004	0.0406643672712102	0.128175783861567	0.0799317341116684	0.0860207769198677	0.997240112143685	0.0879249075228352
Clostridium_sp._SY8519	2.35466935410316	2.17770718689998	0.00797064304087324	0.35177005563128	5.13473183125724e-06	0.0190602333586099	0.997240112143685	8.06886430626138e-06
Bacteroides_vulgatus	4.06247432558547	4.0627309804546	0.999990739781057	0.958015267337671	1.27843163078925e-31	0.999990739781057	0.997240112143685	9.37516529245449e-31
Syntrophomonas_wolfei	0.385091637448548	0.375273247750117	0.98657166111154	0.473970082028298	4.08273021746557e-24	0.999990739781057	0.997240112143685	1.72730893815851e-23
Ketogulonicigenium_vulgare	0.501414656180443	0.571121466445113	0.700942073520932	0.454224541202748	2.34797527150483e-27	0.917900334372649	0.997240112143685	1.51927811685607e-26
Porphyromonas_asaccharolytica	0.290758232914874	1.34340170448518	3.05175760227992e-27	0.15850329581321	0.000100007303244345	6.71386672501583e-26	0.997240112143685	0.00014286757606335
Slackia_heliotrinireducens	0.593847207320611	0.515001163271538	0.579820171607081	0.642110505496297	5.29877316442465e-35	0.807344542744037	0.997240112143685	7.2858131010839e-34
Fibrobacter_succinogenes	0.95511995192608	0.862729066927008	0.404117103802175	0.141107414016745	1.36481195907761e-18	0.626096921383651	0.997240112143685	3.66169062191555e-18
Roseburia_intestinalis	2.79822913311957	2.57770887090141	0.0219672944343074	0.989239611122833	6.35323916300111e-21	0.0493143344443636	0.997240112143685	2.11774638766704e-20
Bacteroides_helcogenes	0.39441161332566	0.43893385730373	0.804518749090336	0.421414218441016	2.81622541027727e-27	0.972495191208099	0.997240112143685	1.72102663961389e-26
.Clostridium._saccharolyticum	3.20567065742713	3.19828990082918	0.983156555852192	0.00622871366315847	0.000848168848202255	0.999990739781057	0.342579251473716	0.00109463890393763
Oscillibacter_valericigenes	3.3745367590464	3.39328234748538	0.884754808677268	0.965890101493998	0.000279296908271923	0.999990739781057	0.997240112143685	0.000374666584267213
Rhizobium_sp._IRBG74	0.330401010682872	0.309800168690847	0.900700655843633	0.362288720812091	0.000855808597623968	0.999990739781057	0.997240112143685	0.00109463890393763
Candidatus_Endolissoclinum_faulkneri	0.172279641273422	0.175908455825421	0.991408295860731	0.399074236897215	0.0323779002107953	0.999990739781057	0.997240112143685	0.0363425410529335
Bacteroides_fragilis	2.59515185169567	2.73740506498087	0.323028119318047	0.91290294639653	9.81052840954074e-39	0.522545487132134	0.997240112143685	2.15831625009896e-37
Coprococcus_sp._ART55.1	1.0450137262956	0.981735695891506	0.764920226453914	0.680118284469701	4.6844445632803e-22	0.956150283067392	0.997240112143685	1.6102778186276e-21
Prevotella_melaninogenica	0.429246696316958	0.601014978068732	0.0180901600518077	0.794789858546122	5.55446527896831e-10	0.0414566167853926	0.997240112143685	1.01831863447752e-09
Megasphaera_elsdenii	0.406551302556416	0.582594473508075	0.0899651950987414	0.798537729943291	2.48522248112546e-25	0.170623645876923	0.997240112143685	1.18858466488609e-24
Listeria_ivanovii	0.185730143682222	0.199527713782072	0.902123584595854	0.143142655527823	0.067209071854679	0.999990739781057	0.997240112143685	0.0746767465051989
Alkaliphilus_oremlandii	0.317477394576734	0.422856284222697	0.0803298143194791	0.955970109045452	1.13248320346847e-05	0.155022448686714	0.997240112143685	1.73018267196571e-05
Paludibacter_propionicigenes	2.15523984066554	2.06433489011482	0.655264698275707	0.724508879415792	2.72280826836827e-35	0.889865639633676	0.997240112143685	4.27869870743585e-34
.Eubacterium._eligens	2.25898014941155	2.09047839878662	0.230550495230666	0.679667701147305	2.37826973031958e-22	0.396258663677708	0.997240112143685	8.43902162371464e-22
Unclassified	4.75918866852608	4.70135005724042	5.20264600108758e-05	0.465324618791927	6.46887363595833e-19	0.000197341744868839	0.997240112143685	1.82455410244978e-18
Ralstonia_pickettii	0.538264122126334	0.677138653160635	0.126350498494749	0.589161576501263	1.94373694254826e-11	0.231642580573707	0.997240112143685	3.95946414222793e-11
Selenomonas_ruminantium	0.618429435837272	0.744756543088358	0.208175978095235	0.184990218636465	1.97977546980456e-10	0.36348186651549	0.997240112143685	3.82061932769301e-10
Marinitoga_piezophila	0.347273971709828	0.371380874114031	0.895707542073903	0.847546875132267	4.19822567892991e-15	0.999990739781057	0.997240112143685	1.00392353191802e-14
Lactococcus_lactis	1.03156971103528	0.70926150358358	9.60235316750956e-05	0.0121623057120991	0.000242482423739568	0.000352086282808684	0.445951209443635	0.000329297118658672
Clostridium_saccharobutylicum	1.01220542444889	0.612152754844404	4.73990330517099e-05	0.713394598471846	7.17562677636647e-13	0.000186210486988861	0.997240112143685	1.57863789080062e-12
Streptococcus_sanguinis	0.37916149346482	0.120806275835326	8.94307737770668e-10	0.0858014919573902	0.0038539449662792	4.91869255773867e-09	0.997240112143685	0.00446246259253381
Bacteroides_salanitronis	1.0228098665707	0.852545399194397	0.0231407562621749	0.708492583644248	1.80584835410089e-19	0.0509096637767848	0.997240112143685	5.51786997086382e-19
Halothiobacillus_neapolitanus	0.735388397323887	0.687544321076835	0.724407962986357	0.550666810241079	4.08649733055996e-09	0.926568324749991	0.997240112143685	7.02366728689993e-09
Ethanoligenens_harbinense	2.40484164707612	2.49136204739913	0.30637139723029	0.543853486614252	1.82253394526482e-09	0.505389843378724	0.997240112143685	3.18220212665286e-09
Streptococcus_thermophilus	0.559483301381326	0.354889774264794	0.00161987171813715	0.0822245183607623	0.386559346030296	0.00494960802764129	0.997240112143685	0.401146491163514
Haliscomenobacter_hydrossis	0.379766681369798	0.350522179741846	0.869462491015339	0.859770946721113	7.57806075726061e-27	0.999990739781057	0.997240112143685	3.96946039666032e-26
Mobiluncus_curtisii	0.19108168341642	0.825041042551297	9.57839191066743e-19	0.814247893409009	0.012518822415494	9.57839191066743e-18	0.997240112143685	0.01419660273922
Acidaminococcus_intestini	0.417901025566832	0.426766119547973	0.993734837925926	0.179389401656234	3.76557335032963e-41	0.999990739781057	0.997240112143685	1.03553267134065e-39
Caldilinea_aerophila	0.243347143546335	0.134849230776117	0.00663144354098218	0.605810679919981	0.000237778364696993	0.0165786088524554	0.997240112143685	0.000326945251458365
Alistipes_shahii	2.17680020979375	1.92465204942178	0.036700357291555	0.997240112143685	9.45485628562489e-43	0.0791576333739421	0.997240112143685	3.46678063806246e-41
Dehalococcoides_mccartyi	0.151055914916945	0.142791542221236	0.950747240759277	0.8963036653066	0.00129111947474515	0.999990739781057	0.997240112143685	0.00157803491357741
Akkermansia_muciniphila	1.5448029175026	1.19516111420473	0.00411246138429723	0.546350696539948	3.01068419654466e-15	0.0110334329822609	0.997240112143685	7.35945025822028e-15
Lactobacillus_helveticus	0.182098274485108	0.205284808017791	0.803107701635402	0.465751731770667	0.999778998492682	0.972495191208099	0.997240112143685	0.999792219869773
Thermus_thermophilus	0.202888034027639	1.57128998198248	1.44830029449113e-53	0.102076308544748	0.116473624271259	3.98282580985061e-52	0.997240112143685	0.126852462077609
Coriobacterium_glomerans	0.572085756151038	0.139677696986009	5.04536241106244e-17	0.35695227773289	0.00311676770238497	4.6249155434739e-16	0.997240112143685	0.00368649943292845
Desulfotomaculum_carboxydivorans	1.19115842467315	0.966469515936225	0.00397411684665527	0.570722998578143	7.0378283076023e-12	0.010928821328302	0.997240112143685	1.48877137276203e-11
Clostridium_botulinum	0.285382240915524	0.703336791848571	4.1869624614025e-11	0.371752587588517	5.19724625010425e-09	2.87853669221422e-10	0.997240112143685	8.79533980786873e-09
Veillonella_parvula	1.35297769261755	1.05535765143517	0.00260114979655711	0.273618355924654	1.88288451120703e-22	0.00773314804381843	0.997240112143685	6.90390987442576e-22
Rothia_mucilaginosa	0.383220473351441	0.223709613891843	0.00298777926168791	0.565193389073381	3.71123618361512e-10	0.00864883470488605	0.997240112143685	6.91925390165531e-10
Prevotella_sp._oral_taxon_299	0.355790667893126	1.10390563774125	8.7345476143008e-15	0.598289972282753	1.91158664508215e-05	6.40533491715392e-14	0.997240112143685	2.84154771566265e-05
Prevotella_ruminicola	0.391556787469762	0.344263851267127	0.57803629477541	0.499841681472433	1.0317269437759e-22	0.807344542744037	0.997240112143685	3.91344702811548e-22
Ruminococcus_albus	1.27355607821591	1.18432474006941	0.532346075152948	0.699440558424153	3.95969020760503e-17	0.76049439307564	0.997240112143685	9.89922551901258e-17
Streptococcus_sp._I.P16	0.892715211333305	0.483822855232096	9.16632633093257e-08	0.523021479791197	2.2795828587267e-17	4.58316316546628e-07	0.997240112143685	5.83149103395203e-17
Atopobium_parvulum	0.44302442890151	0.267009866628288	0.00143965233080976	0.124176531988681	0.000894182626122278	0.00452462161111639	0.997240112143685	0.00113057573417759
Porphyromonas_gingivalis	0.501586067197269	0.382484870987707	0.00582753427556599	0.46533849596413	0.000654367196962374	0.0149076458212153	0.997240112143685	0.000856909424593585
Adlercreutzia_equolifaciens	1.69640794547529	1.13768511077917	4.83749228092775e-10	0.828599533085573	1.78035280605565e-20	2.90468868098803e-09	0.997240112143685	5.75996496076827e-20
Geobacter_lovleyi	2.333	0.628	2.029	0.544	3.0957235093118e-07	0.663950254426152	3.09325086720864e-12	1.48056341749695e-06	0.997240112143685	6.67171755672453e-12
Coprococcus_catus	3.131	0.617	2.989	0.679	0.0613596010508038	0.792660150878267	7.87833946889837e-32	0.124991779918304	0.997240112143685	6.19012386842015e-31
Streptococcus_parasanguinis	1.687	0.87	1.133	0.896	5.01718953988842e-10	0.415873468928819	9.04873314312449e-18	2.90468868098803e-09	0.997240112143685	2.36990629938975e-17
Prevotella_intermedia	0.857	0.626	1.761	1.159	1.13060899958413e-20	0.396627550867302	3.84566756715879e-05	1.38185544393616e-19	0.997240112143685	5.56609779457193e-05
Acholeplasma_brassicae	0.756	1.023	0.654	0.844	0.493311267487795	0.536915452490476	2.91808799192018e-32	0.714003150311282	0.997240112143685	2.6749139925935e-31
Variovorax_paradoxus	0.71	1.025	0.703	1.019	0.997295113399908	0.982735789451887	1.52718171739482e-45	0.999990739781057	0.997240112143685	8.39949944567151e-44
Eggerthella_lenta	1.517	0.803	1.607	0.724	0.436464540575811	0.962454488725219	8.14315294850069e-12	0.648798641396475	0.997240112143685	1.69008834780203e-11
Streptococcus_anginosus	0.367	0.505	1.212	1.122	1.26887682703149e-20	0.894363429253036	0.000218894561085536	1.39576450973463e-19	0.997240112143685	0.000304789895182391
Streptococcus_gordonii	0.436	0.614	0.266	0.49	0.00444577464947865	0.870762554839275	1.62080842783733e-09	0.0116436955105393	0.997240112143685	2.9227692961001e-09
.Ruminococcus._torques	3.874	0.253	3.874	0.32	0.999987422892826	0.0463171839601582	3.79381525783103e-08	0.999990739781057	0.997240112143685	6.32302542971838e-08
Clostridium_beijerinckii	0.242	0.4	0.185	0.33	0.247333637824985	0.649352430558492	0.0011905286170845	0.418564617857667	0.997240112143685	0.00147143986381231
Roseburia_hominis	2.568	0.521	2.495	0.517	0.307828359148859	0.454931423737647	5.50704621076659e-11	0.505389843378724	0.997240112143685	1.10140924215332e-10
Faecalitalea_cylindroides	1.279	0.973	1.397	0.953	0.410081789884441	0.948874435872125	5.86503032668415e-27	0.626513845656785	0.997240112143685	3.22576667967628e-26
Beutenbergia_cavernae	0.186	0.283	0.168	0.273	0.788552154511553	0.834981642672724	0.893470814538192	0.972495191208099	0.997240112143685	0.910016570362973
Eubacterium_rectale	3.3	0.785	3.126	0.792	0.05710271274598	0.714687076263549	6.86192997107123e-32	0.11851506418977	0.997240112143685	5.80624843706027e-31
Haemophilus_parainfluenzae	0.545	0.8	0.493	0.725	0.764806477408306	0.278140605530954	2.39575267813691e-10	0.956150283067392	0.997240112143685	4.54366887232862e-10
Pantoea_ananatis	0.702	0.58	0.816	0.641	0.124774712742582	0.153966073462927	1.54899732253999e-06	0.231642580573707	0.997240112143685	2.50573096293234e-06
Acidaminococcus_fermentans	2.874	1.013	2.599	0.884	0.00774569214084708	0.946192620828968	4.22405290520549e-33	0.0189339141220706	0.997240112143685	4.44301126986193e-32
Streptococcus_salivarius	1.377	1.121	0.969	0.982	0.000181356239785309	0.563598104309418	2.5158785083701e-23	0.000604520799284363	0.997240112143685	9.88380842573969e-23
Parabacteroides_distasonis	3.425	0.609	3.352	0.62	0.436255655198016	0.960010673135082	4.44301126986193e-33	0.648798641396475	0.997240112143685	4.44301126986193e-32
Methylobacterium_nodulans	0.546	0.637	0.417	0.563	0.0659908392730479	0.509778069233869	6.65266435218209e-11	0.131981678546096	0.997240112143685	1.30677335489291e-10
Streptococcus_macedonicus	0.451	0.644	0.718	1.038	0.00388130516276601	0.651944299992001	0.00346349294606795	0.010928821328302	0.997240112143685	0.00405302366029228
Methylocella_silvestris	0.588	0.494	0.507	0.508	0.20378158697543	0.00464823325755292	1.2261772535002e-05	0.361547976891892	0.342579251473716	1.84766435458934e-05
Desulfovibrio_vulgaris	1.2	1.008	0.993	0.941	0.0713573879450408	0.912926843088065	7.80325348082894e-25	0.140166297749187	0.997240112143685	3.43343153156474e-24
Ruminococcus_bromii	2.025	1.4	2.011	1.322	0.994082372893335	0.857012349563595	7.60032700788189e-35	0.999990739781057	0.997240112143685	9.28928856518898e-34
Desulfotomaculum_reducens	0.11	0.247	0.23	0.32	4.27181209062133e-05	0.576660657494152	2.19801153358878e-06	0.000174036788877165	0.997240112143685	3.50407635789516e-06
Ruminiclostridium_thermocellum	0.977	0.944	0.823	0.755	0.147847173768865	0.994448746682602	9.16869706882684e-20	0.266609657615985	0.997240112143685	2.88159050734558e-19
.Clostridium._sticklandii	0.572	0.709	0.946	0.831	1.84780857236877e-06	0.326964612654913	6.91255376984287e-06	8.13035771842259e-06	0.997240112143685	1.07095903476439e-05
Campylobacter_curvus	0.093	0.288	0.818	0.957	1.59591942687409e-22	0.565636680427474	0.000471416067256521	2.50787338508785e-21	0.997240112143685	0.000624768281906233
Jonesia_denitrificans	1.128	0.667	0.785	0.744	1.76740156155665e-06	0.899649548787019	0.239299291207312	8.10059049046797e-06	0.997240112143685	0.250694495550517
Geobacillus_sp._GHH01	1.367	0.615	2.894	0.919	6.53171666141606e-56	0.171502775981661	0.401432377807342	3.59244416377883e-54	0.997240112143685	0.41268749120381
Bacillus_amyloliquefaciens	1.387	0.795	1.623	0.852	0.00816561116126304	0.540557232120905	4.39759784003747e-19	0.0191110048455093	0.997240112143685	1.2729888484319e-18
Anoxybacillus_flavithermus	1.305	0.689	2.889	0.936	4.64793831794877e-55	0.156189107709396	0.00567150639815364	1.70424404991455e-53	0.997240112143685	0.00649860108121771
Lachnoclostridium_phytofermentans	0.214	0.31	0.205	0.288	0.955210772546949	0.346694327860904	0.00263481508732432	0.999990739781057	0.997240112143685	0.00315032238701821
Modestobacter_marinus	0.167	0.268	0.147	0.231	0.688144084967852	0.516179028259428	0.999792219869773	0.911998184897154	0.997240112143685	0.999792219869773
.Eubacterium._siraeum	1.514	1.262	1.364	1.095	0.383284648873157	0.853231597026073	1.58834064669596e-26	0.603445909535302	0.997240112143685	7.94170323347982e-26
Escherichia_coli	0.794	0.9	1.45	1.122	1.75066987050585e-10	0.553632415430574	5.12726234690733e-13	1.13278638679791e-09	0.997240112143685	1.15101807787716e-12
Campylobacter_hominis	0.171	0.384	0.87	1.163	3.03569080990056e-15	0.636387448194927	5.52992542930651e-07	2.38518563635044e-14	0.997240112143685	9.07898204811516e-07
Acinetobacter_baumannii	0.018	0.099	0.54	0.644	2.36354072330543e-26	0.218707942598125	0.229831450622324	4.33315799272662e-25	0.997240112143685	0.243090957388997
Peptoclostridium_difficile	1.946	0.903	2.027	0.8	0.590183878448951	0.93308580616661	5.96704851534959e-14	0.811502832867308	0.997240112143685	1.36744861810095e-13
Odoribacter_splanchnicus	2.241	0.93	2.193	0.921	0.85440121158862	0.710349945212904	3.32443116391687e-25	0.999990739781057	0.997240112143685	1.52369761679523e-24
Faecalibacterium_prausnitzii	3.559	0.714	3.621	0.782	0.668490045349809	0.734016757491327	3.44171488610113e-37	0.896754938883891	0.997240112143685	6.30981062451874e-36
Alistipes_finegoldii	2.592	0.981	2.224	0.913	0.000169717421335406	0.846575152082551	7.91541847657665e-29	0.000583403635840459	0.997240112143685	5.44185020264645e-28
Clostridium_tetani	0.506	0.716	0.428	0.622	0.449189031791292	0.846741692924138	3.41098402929455e-19	0.658810579960562	0.997240112143685	1.01407633303351e-18
Gordonibacter_pamelaeae	0.692	0.689	0.348	0.458	5.64275607040573e-09	0.584626521295066	3.07340489825766e-05	2.95572937021253e-08	0.997240112143685	4.50766051744457e-05
Lactobacillus_crispatus	0.137	0.356	0.33	0.516	1.991686851577e-05	0.737862985541279	0.137089144406895	8.42636744897962e-05	0.997240112143685	0.147841234164299
Ruminococcus_champanellensis	0.674	1.025	0.669	0.973	0.998292005163692	0.859454531600185	7.57798178920701e-24	0.999990739781057	0.997240112143685	3.08732591412137e-23
Coxiella_burnetii	0.395	0.887	0.436	0.935	0.886357614815172	0.995857274859317	1.6861909496839e-53	0.999990739781057	0.997240112143685	1.85481004465229e-51
Prevotella_dentalis	0.519	0.581	0.45	0.506	0.384011033340646	0.466958626906723	1.7896702667233e-09	0.603445909535302	0.997240112143685	3.1752214409607e-09
Cellulophaga_lytica	0.281	0.347	0.269	0.336	0.921266523477385	0.119745081082131	0.00168363451330727	0.999990739781057	0.997240112143685	0.00203516259850329
Fusobacterium_nucleatum	0.172	0.361	0.73	0.897	1.49017146480132e-15	0.56665282061562	0.000911282178888756	1.26091431637035e-14	0.997240112143685	0.00113910272361094
Segniliparus_rotundus	0.04	0.32	0.687	0.837	2.35824696905235e-22	0.382491269145761	0.171131314563128	3.24258958244699e-21	0.997240112143685	0.182761598077127
Bacteroides_thetaiotaomicron	3.678	0.456	3.49	0.549	0.000353482338038215	0.778066924931364	8.0043827042406e-19	0.00114361932894716	0.997240112143685	2.20120524366617e-18
Olsenella_uli	2.239	1.097	2.161	0.955	0.711331272838325	0.763801290508096	4.52436988475166e-27	0.920546353084892	0.997240112143685	2.61937203854044e-26
Clostridium_perfringens	0.525	0.643	2.194	1.015	4.37132000245667e-56	0.635680972132127	0.000126204869381678	3.59244416377883e-54	0.997240112143685	0.000177981226051085
Streptococcus_lutetiensis	0.192	0.605	0.431	0.599	0.000109200709925595	0.0998698269210112	5.88177110880025e-15	0.000387486390058565	0.997240112143685	1.37658472759155e-14
.Ruminococcus._obeum	3.351	0.399	3.246	0.491	0.0406643672712102	0.128175783861567	0.0799317341116684	0.0860207769198677	0.997240112143685	0.0879249075228352
Clostridium_sp._SY8519	2.355	0.615	2.178	0.617	0.00797064304087324	0.35177005563128	5.13473183125724e-06	0.0190602333586099	0.997240112143685	8.06886430626138e-06
Bacteroides_vulgatus	4.062	0.565	4.063	0.726	0.999990739781057	0.958015267337671	1.27843163078925e-31	0.999990739781057	0.997240112143685	9.37516529245449e-31
Syntrophomonas_wolfei	0.385	0.673	0.375	0.631	0.98657166111154	0.473970082028298	4.08273021746557e-24	0.999990739781057	0.997240112143685	1.72730893815851e-23
Ketogulonicigenium_vulgare	0.501	0.884	0.571	0.92	0.700942073520932	0.454224541202748	2.34797527150483e-27	0.917900334372649	0.997240112143685	1.51927811685607e-26
Porphyromonas_asaccharolytica	0.291	0.511	1.343	1.182	3.05175760227992e-27	0.15850329581321	0.000100007303244345	6.71386672501583e-26	0.997240112143685	0.00014286757606335
Slackia_heliotrinireducens	0.594	0.913	0.515	0.723	0.579820171607081	0.642110505496297	5.29877316442465e-35	0.807344542744037	0.997240112143685	7.2858131010839e-34
Fibrobacter_succinogenes	0.955	0.739	0.863	0.762	0.404117103802175	0.141107414016745	1.36481195907761e-18	0.626096921383651	0.997240112143685	3.66169062191555e-18
Roseburia_intestinalis	2.798	0.874	2.578	0.853	0.0219672944343074	0.989239611122833	6.35323916300111e-21	0.0493143344443636	0.997240112143685	2.11774638766704e-20
Bacteroides_helcogenes	0.394	0.733	0.439	0.741	0.804518749090336	0.421414218441016	2.81622541027727e-27	0.972495191208099	0.997240112143685	1.72102663961389e-26
.Clostridium._saccharolyticum	3.206	0.44	3.198	0.447	0.983156555852192	0.00622871366315847	0.000848168848202255	0.999990739781057	0.342579251473716	0.00109463890393763
Oscillibacter_valericigenes	3.375	0.451	3.393	0.372	0.884754808677268	0.965890101493998	0.000279296908271923	0.999990739781057	0.997240112143685	0.000374666584267213
Rhizobium_sp._IRBG74	0.33	0.511	0.31	0.473	0.900700655843633	0.362288720812091	0.000855808597623968	0.999990739781057	0.997240112143685	0.00109463890393763
Candidatus_Endolissoclinum_faulkneri	0.172	0.312	0.176	0.291	0.991408295860731	0.399074236897215	0.0323779002107953	0.999990739781057	0.997240112143685	0.0363425410529335
Bacteroides_fragilis	2.595	0.97	2.737	1.086	0.323028119318047	0.91290294639653	9.81052840954074e-39	0.522545487132134	0.997240112143685	2.15831625009896e-37
Coprococcus_sp._ART55.1	1.045	0.951	0.982	0.934	0.764920226453914	0.680118284469701	4.6844445632803e-22	0.956150283067392	0.997240112143685	1.6102778186276e-21
Prevotella_melaninogenica	0.429	0.502	0.601	0.779	0.0180901600518077	0.794789858546122	5.55446527896831e-10	0.0414566167853926	0.997240112143685	1.01831863447752e-09
Megasphaera_elsdenii	0.407	0.807	0.583	0.93	0.0899651950987414	0.798537729943291	2.48522248112546e-25	0.170623645876923	0.997240112143685	1.18858466488609e-24
Listeria_ivanovii	0.186	0.366	0.2	0.297	0.902123584595854	0.143142655527823	0.067209071854679	0.999990739781057	0.997240112143685	0.0746767465051989
Alkaliphilus_oremlandii	0.317	0.478	0.423	0.539	0.0803298143194791	0.955970109045452	1.13248320346847e-05	0.155022448686714	0.997240112143685	1.73018267196571e-05
Paludibacter_propionicigenes	2.155	1.11	2.064	1.045	0.655264698275707	0.724508879415792	2.72280826836827e-35	0.889865639633676	0.997240112143685	4.27869870743585e-34
.Eubacterium._eligens	2.259	1.156	2.09	0.978	0.230550495230666	0.679667701147305	2.37826973031958e-22	0.396258663677708	0.997240112143685	8.43902162371464e-22
Unclassified	4.759	0.132	4.701	0.146	5.20264600108758e-05	0.465324618791927	6.46887363595833e-19	0.000197341744868839	0.997240112143685	1.82455410244978e-18
Ralstonia_pickettii	0.538	0.709	0.677	0.773	0.126350498494749	0.589161576501263	1.94373694254826e-11	0.231642580573707	0.997240112143685	3.95946414222793e-11
Selenomonas_ruminantium	0.618	0.629	0.745	0.902	0.208175978095235	0.184990218636465	1.97977546980456e-10	0.36348186651549	0.997240112143685	3.82061932769301e-10
Marinitoga_piezophila	0.347	0.562	0.371	0.558	0.895707542073903	0.847546875132267	4.19822567892991e-15	0.999990739781057	0.997240112143685	1.00392353191802e-14
Lactococcus_lactis	1.032	0.868	0.709	0.753	9.60235316750956e-05	0.0121623057120991	0.000242482423739568	0.000352086282808684	0.445951209443635	0.000329297118658672
Clostridium_saccharobutylicum	1.012	1.071	0.612	0.83	4.73990330517099e-05	0.713394598471846	7.17562677636647e-13	0.000186210486988861	0.997240112143685	1.57863789080062e-12
Streptococcus_sanguinis	0.379	0.523	0.121	0.284	8.94307737770668e-10	0.0858014919573902	0.0038539449662792	4.91869255773867e-09	0.997240112143685	0.00446246259253381
Bacteroides_salanitronis	1.023	0.704	0.853	0.637	0.0231407562621749	0.708492583644248	1.80584835410089e-19	0.0509096637767848	0.997240112143685	5.51786997086382e-19
Halothiobacillus_neapolitanus	0.735	0.669	0.688	0.63	0.724407962986357	0.550666810241079	4.08649733055996e-09	0.926568324749991	0.997240112143685	7.02366728689993e-09
Ethanoligenens_harbinense	2.405	0.657	2.491	0.565	0.30637139723029	0.543853486614252	1.82253394526482e-09	0.505389843378724	0.997240112143685	3.18220212665286e-09
Streptococcus_thermophilus	0.559	0.692	0.355	0.534	0.00161987171813715	0.0822245183607623	0.386559346030296	0.00494960802764129	0.997240112143685	0.401146491163514
Haliscomenobacter_hydrossis	0.38	0.641	0.351	0.563	0.869462491015339	0.859770946721113	7.57806075726061e-27	0.999990739781057	0.997240112143685	3.96946039666032e-26
Mobiluncus_curtisii	0.191	0.424	0.825	0.883	9.57839191066743e-19	0.814247893409009	0.012518822415494	9.57839191066743e-18	0.997240112143685	0.01419660273922
Acidaminococcus_intestini	0.418	0.887	0.427	0.845	0.993734837925926	0.179389401656234	3.76557335032963e-41	0.999990739781057	0.997240112143685	1.03553267134065e-39
Caldilinea_aerophila	0.243	0.447	0.135	0.273	0.00663144354098218	0.605810679919981	0.000237778364696993	0.0165786088524554	0.997240112143685	0.000326945251458365
Alistipes_shahii	2.177	1.127	1.925	0.995	0.036700357291555	0.997240112143685	9.45485628562489e-43	0.0791576333739421	0.997240112143685	3.46678063806246e-41
Dehalococcoides_mccartyi	0.151	0.297	0.143	0.27	0.950747240759277	0.8963036653066	0.00129111947474515	0.999990739781057	0.997240112143685	0.00157803491357741
Akkermansia_muciniphila	1.545	1.213	1.195	1.059	0.00411246138429723	0.546350696539948	3.01068419654466e-15	0.0110334329822609	0.997240112143685	7.35945025822028e-15
Lactobacillus_helveticus	0.182	0.38	0.205	0.384	0.803107701635402	0.465751731770667	0.999778998492682	0.972495191208099	0.997240112143685	0.999792219869773
Thermus_thermophilus	0.203	0.391	1.571	0.95	1.44830029449113e-53	0.102076308544748	0.116473624271259	3.98282580985061e-52	0.997240112143685	0.126852462077609
Coriobacterium_glomerans	0.572	0.646	0.14	0.299	5.04536241106244e-17	0.35695227773289	0.00311676770238497	4.6249155434739e-16	0.997240112143685	0.00368649943292845
Desulfotomaculum_carboxydivorans	1.191	0.77	0.966	0.686	0.00397411684665527	0.570722998578143	7.0378283076023e-12	0.010928821328302	0.997240112143685	1.48877137276203e-11
Clostridium_botulinum	0.285	0.575	0.703	0.676	4.1869624614025e-11	0.371752587588517	5.19724625010425e-09	2.87853669221422e-10	0.997240112143685	8.79533980786873e-09
Veillonella_parvula	1.353	0.952	1.055	0.911	0.00260114979655711	0.273618355924654	1.88288451120703e-22	0.00773314804381843	0.997240112143685	6.90390987442576e-22
Rothia_mucilaginosa	0.383	0.578	0.224	0.419	0.00298777926168791	0.565193389073381	3.71123618361512e-10	0.00864883470488605	0.997240112143685	6.91925390165531e-10
Prevotella_sp._oral_taxon_299	0.356	0.539	1.104	1.222	8.7345476143008e-15	0.598289972282753	1.91158664508215e-05	6.40533491715392e-14	0.997240112143685	2.84154771566265e-05
Prevotella_ruminicola	0.392	0.513	0.344	0.471	0.57803629477541	0.499841681472433	1.0317269437759e-22	0.807344542744037	0.997240112143685	3.91344702811548e-22
Ruminococcus_albus	1.274	0.879	1.184	0.853	0.532346075152948	0.699440558424153	3.95969020760503e-17	0.76049439307564	0.997240112143685	9.89922551901258e-17
Streptococcus_sp._I.P16	0.893	0.852	0.484	0.651	9.16632633093257e-08	0.523021479791197	2.2795828587267e-17	4.58316316546628e-07	0.997240112143685	5.83149103395203e-17
Atopobium_parvulum	0.443	0.589	0.267	0.456	0.00143965233080976	0.124176531988681	0.000894182626122278	0.00452462161111639	0.997240112143685	0.00113057573417759
Porphyromonas_gingivalis	0.502	0.429	0.382	0.372	0.00582753427556599	0.46533849596413	0.000654367196962374	0.0149076458212153	0.997240112143685	0.000856909424593585
Adlercreutzia_equolifaciens	1.696	1.022	1.138	0.734	4.83749228092775e-10	0.828599533085573	1.78035280605565e-20	2.90468868098803e-09	0.997240112143685	5.75996496076827e-20
Geobacter_lovleyi	2.333	0.628	2.029	0.544	3.0957235093118e-07	0.663950254426152	3.09325086720864e-12	1.48056341749695e-06	0.997240112143685	6.67171755672453e-12
Coprococcus_catus	3.131	0.617	2.989	0.679	0.0613596010508038	0.792660150878267	7.87833946889837e-32	0.124991779918304	0.997240112143685	6.19012386842015e-31
Streptococcus_parasanguinis	1.687	0.87	1.133	0.896	5.01718953988842e-10	0.415873468928819	9.04873314312449e-18	2.90468868098803e-09	0.997240112143685	2.36990629938975e-17
Prevotella_intermedia	0.857	0.626	1.761	1.159	1.13060899958413e-20	0.396627550867302	3.84566756715879e-05	1.38185544393616e-19	0.997240112143685	5.56609779457193e-05
Acholeplasma_brassicae	0.756	1.023	0.654	0.844	0.493311267487795	0.536915452490476	2.91808799192018e-32	0.714003150311282	0.997240112143685	2.6749139925935e-31
Variovorax_paradoxus	0.71	1.025	0.703	1.019	0.997295113399908	0.982735789451887	1.52718171739482e-45	0.999990739781057	0.997240112143685	8.39949944567151e-44
Eggerthella_lenta	1.517	0.803	1.607	0.724	0.436464540575811	0.962454488725219	8.14315294850069e-12	0.648798641396475	0.997240112143685	1.69008834780203e-11
Streptococcus_anginosus	0.367	0.505	1.212	1.122	1.26887682703149e-20	0.894363429253036	0.000218894561085536	1.39576450973463e-19	0.997240112143685	0.000304789895182391
Streptococcus_gordonii	0.436	0.614	0.266	0.49	0.00444577464947865	0.870762554839275	1.62080842783733e-09	0.0116436955105393	0.997240112143685	2.9227692961001e-09
.Ruminococcus._torques	3.874	0.253	3.874	0.32	0.999987422892826	0.0463171839601582	3.79381525783103e-08	0.999990739781057	0.997240112143685	6.32302542971838e-08
Clostridium_beijerinckii	0.242	0.4	0.185	0.33	0.247333637824985	0.649352430558492	0.0011905286170845	0.418564617857667	0.997240112143685	0.00147143986381231
Roseburia_hominis	2.568	0.521	2.495	0.517	0.307828359148859	0.454931423737647	5.50704621076659e-11	0.505389843378724	0.997240112143685	1.10140924215332e-10
Faecalitalea_cylindroides	1.279	0.973	1.397	0.953	0.410081789884441	0.948874435872125	5.86503032668415e-27	0.626513845656785	0.997240112143685	3.22576667967628e-26
Beutenbergia_cavernae	0.186	0.283	0.168	0.273	0.788552154511553	0.834981642672724	0.893470814538192	0.972495191208099	0.997240112143685	0.910016570362973
Eubacterium_rectale	3.3	0.785	3.126	0.792	0.05710271274598	0.714687076263549	6.86192997107123e-32	0.11851506418977	0.997240112143685	5.80624843706027e-31
Haemophilus_parainfluenzae	0.545	0.8	0.493	0.725	0.764806477408306	0.278140605530954	2.39575267813691e-10	0.956150283067392	0.997240112143685	4.54366887232862e-10
Pantoea_ananatis	0.702	0.58	0.816	0.641	0.124774712742582	0.153966073462927	1.54899732253999e-06	0.231642580573707	0.997240112143685	2.50573096293234e-06
Acidaminococcus_fermentans	2.874	1.013	2.599	0.884	0.00774569214084708	0.946192620828968	4.22405290520549e-33	0.0189339141220706	0.997240112143685	4.44301126986193e-32
Streptococcus_salivarius	1.377	1.121	0.969	0.982	0.000181356239785309	0.563598104309418	2.5158785083701e-23	0.000604520799284363	0.997240112143685	9.88380842573969e-23
Parabacteroides_distasonis	3.425	0.609	3.352	0.62	0.436255655198016	0.960010673135082	4.44301126986193e-33	0.648798641396475	0.997240112143685	4.44301126986193e-32
Methylobacterium_nodulans	0.546	0.637	0.417	0.563	0.0659908392730479	0.509778069233869	6.65266435218209e-11	0.131981678546096	0.997240112143685	1.30677335489291e-10
Streptococcus_macedonicus	0.451	0.644	0.718	1.038	0.00388130516276601	0.651944299992001	0.00346349294606795	0.010928821328302	0.997240112143685	0.00405302366029228
Methylocella_silvestris	0.588	0.494	0.507	0.508	0.20378158697543	0.00464823325755292	1.2261772535002e-05	0.361547976891892	0.342579251473716	1.84766435458934e-05
Desulfovibrio_vulgaris	1.2	1.008	0.993	0.941	0.0713573879450408	0.912926843088065	7.80325348082894e-25	0.140166297749187	0.997240112143685	3.43343153156474e-24
Ruminococcus_bromii	2.025	1.4	2.011	1.322	0.994082372893335	0.857012349563595	7.60032700788189e-35	0.999990739781057	0.997240112143685	9.28928856518898e-34
Desulfotomaculum_reducens	0.11	0.247	0.23	0.32	4.27181209062133e-05	0.576660657494152	2.19801153358878e-06	0.000174036788877165	0.997240112143685	3.50407635789516e-06
Ruminiclostridium_thermocellum	0.977	0.944	0.823	0.755	0.147847173768865	0.994448746682602	9.16869706882684e-20	0.266609657615985	0.997240112143685	2.88159050734558e-19
.Clostridium._sticklandii	0.572	0.709	0.946	0.831	1.84780857236877e-06	0.326964612654913	6.91255376984287e-06	8.13035771842259e-06	0.997240112143685	1.07095903476439e-05
Campylobacter_curvus	0.093	0.288	0.818	0.957	1.59591942687409e-22	0.565636680427474	0.000471416067256521	2.50787338508785e-21	0.997240112143685	0.000624768281906233
Jonesia_denitrificans	1.128	0.667	0.785	0.744	1.76740156155665e-06	0.899649548787019	0.239299291207312	8.10059049046797e-06	0.997240112143685	0.250694495550517
Geobacillus_sp._GHH01	1.367	0.615	2.894	0.919	6.53171666141606e-56	0.171502775981661	0.401432377807342	3.59244416377883e-54	0.997240112143685	0.41268749120381
Bacillus_amyloliquefaciens	1.387	0.795	1.623	0.852	0.00816561116126304	0.540557232120905	4.39759784003747e-19	0.0191110048455093	0.997240112143685	1.2729888484319e-18
Anoxybacillus_flavithermus	1.305	0.689	2.889	0.936	4.64793831794877e-55	0.156189107709396	0.00567150639815364	1.70424404991455e-53	0.997240112143685	0.00649860108121771
Lachnoclostridium_phytofermentans	0.214	0.31	0.205	0.288	0.955210772546949	0.346694327860904	0.00263481508732432	0.999990739781057	0.997240112143685	0.00315032238701821
Modestobacter_marinus	0.167	0.268	0.147	0.231	0.688144084967852	0.516179028259428	0.999792219869773	0.911998184897154	0.997240112143685	0.999792219869773
.Eubacterium._siraeum	1.514	1.262	1.364	1.095	0.383284648873157	0.853231597026073	1.58834064669596e-26	0.603445909535302	0.997240112143685	7.94170323347982e-26
Escherichia_coli	0.794	0.9	1.45	1.122	1.75066987050585e-10	0.553632415430574	5.12726234690733e-13	1.13278638679791e-09	0.997240112143685	1.15101807787716e-12
Campylobacter_hominis	0.171	0.384	0.87	1.163	3.03569080990056e-15	0.636387448194927	5.52992542930651e-07	2.38518563635044e-14	0.997240112143685	9.07898204811516e-07
Acinetobacter_baumannii	0.018	0.099	0.54	0.644	2.36354072330543e-26	0.218707942598125	0.229831450622324	4.33315799272662e-25	0.997240112143685	0.243090957388997
Peptoclostridium_difficile	1.946	0.903	2.027	0.8	0.590183878448951	0.93308580616661	5.96704851534959e-14	0.811502832867308	0.997240112143685	1.36744861810095e-13
Odoribacter_splanchnicus	2.241	0.93	2.193	0.921	0.85440121158862	0.710349945212904	3.32443116391687e-25	0.999990739781057	0.997240112143685	1.52369761679523e-24
Faecalibacterium_prausnitzii	3.559	0.714	3.621	0.782	0.668490045349809	0.734016757491327	3.44171488610113e-37	0.896754938883891	0.997240112143685	6.30981062451874e-36
Alistipes_finegoldii	2.592	0.981	2.224	0.913	0.000169717421335406	0.846575152082551	7.91541847657665e-29	0.000583403635840459	0.997240112143685	5.44185020264645e-28
Clostridium_tetani	0.506	0.716	0.428	0.622	0.449189031791292	0.846741692924138	3.41098402929455e-19	0.658810579960562	0.997240112143685	1.01407633303351e-18
Gordonibacter_pamelaeae	0.692	0.689	0.348	0.458	5.64275607040573e-09	0.584626521295066	3.07340489825766e-05	2.95572937021253e-08	0.997240112143685	4.50766051744457e-05
Lactobacillus_crispatus	0.137	0.356	0.33	0.516	1.991686851577e-05	0.737862985541279	0.137089144406895	8.42636744897962e-05	0.997240112143685	0.147841234164299
Ruminococcus_champanellensis	0.674	1.025	0.669	0.973	0.998292005163692	0.859454531600185	7.57798178920701e-24	0.999990739781057	0.997240112143685	3.08732591412137e-23
Coxiella_burnetii	0.395	0.887	0.436	0.935	0.886357614815172	0.995857274859317	1.6861909496839e-53	0.999990739781057	0.997240112143685	1.85481004465229e-51
Prevotella_dentalis	0.519	0.581	0.45	0.506	0.384011033340646	0.466958626906723	1.7896702667233e-09	0.603445909535302	0.997240112143685	3.1752214409607e-09
Cellulophaga_lytica	0.281	0.347	0.269	0.336	0.921266523477385	0.119745081082131	0.00168363451330727	0.999990739781057	0.997240112143685	0.00203516259850329
Fusobacterium_nucleatum	0.172	0.361	0.73	0.897	1.49017146480132e-15	0.56665282061562	0.000911282178888756	1.26091431637035e-14	0.997240112143685	0.00113910272361094
Segniliparus_rotundus	0.04	0.32	0.687	0.837	2.35824696905235e-22	0.382491269145761	0.171131314563128	3.24258958244699e-21	0.997240112143685	0.182761598077127
Bacteroides_thetaiotaomicron	3.678	0.456	3.49	0.549	0.000353482338038215	0.778066924931364	8.0043827042406e-19	0.00114361932894716	0.997240112143685	2.20120524366617e-18
Olsenella_uli	2.239	1.097	2.161	0.955	0.711331272838325	0.763801290508096	4.52436988475166e-27	0.920546353084892	0.997240112143685	2.61937203854044e-26
Clostridium_perfringens	0.525	0.643	2.194	1.015	4.37132000245667e-56	0.635680972132127	0.000126204869381678	3.59244416377883e-54	0.997240112143685	0.000177981226051085
Streptococcus_lutetiensis	0.192	0.605	0.431	0.599	0.000109200709925595	0.0998698269210112	5.88177110880025e-15	0.000387486390058565	0.997240112143685	1.37658472759155e-14
.Ruminococcus._obeum	3.351	0.399	3.246	0.491	0.0406643672712102	0.128175783861567	0.0799317341116684	0.0860207769198677	0.997240112143685	0.0879249075228352
Clostridium_sp._SY8519	2.355	0.615	2.178	0.617	0.00797064304087324	0.35177005563128	5.13473183125724e-06	0.0190602333586099	0.997240112143685	8.06886430626138e-06
Bacteroides_vulgatus	4.062	0.565	4.063	0.726	0.999990739781057	0.958015267337671	1.27843163078925e-31	0.999990739781057	0.997240112143685	9.37516529245449e-31
Syntrophomonas_wolfei	0.385	0.673	0.375	0.631	0.98657166111154	0.473970082028298	4.08273021746557e-24	0.999990739781057	0.997240112143685	1.72730893815851e-23
Ketogulonicigenium_vulgare	0.501	0.884	0.571	0.92	0.700942073520932	0.454224541202748	2.34797527150483e-27	0.917900334372649	0.997240112143685	1.51927811685607e-26
Porphyromonas_asaccharolytica	0.291	0.511	1.343	1.182	3.05175760227992e-27	0.15850329581321	0.000100007303244345	6.71386672501583e-26	0.997240112143685	0.00014286757606335
Slackia_heliotrinireducens	0.594	0.913	0.515	0.723	0.579820171607081	0.642110505496297	5.29877316442465e-35	0.807344542744037	0.997240112143685	7.2858131010839e-34
Fibrobacter_succinogenes	0.955	0.739	0.863	0.762	0.404117103802175	0.141107414016745	1.36481195907761e-18	0.626096921383651	0.997240112143685	3.66169062191555e-18
Roseburia_intestinalis	2.798	0.874	2.578	0.853	0.0219672944343074	0.989239611122833	6.35323916300111e-21	0.0493143344443636	0.997240112143685	2.11774638766704e-20
Bacteroides_helcogenes	0.394	0.733	0.439	0.741	0.804518749090336	0.421414218441016	2.81622541027727e-27	0.972495191208099	0.997240112143685	1.72102663961389e-26
.Clostridium._saccharolyticum	3.206	0.44	3.198	0.447	0.983156555852192	0.00622871366315847	0.000848168848202255	0.999990739781057	0.342579251473716	0.00109463890393763
Oscillibacter_valericigenes	3.375	0.451	3.393	0.372	0.884754808677268	0.965890101493998	0.000279296908271923	0.999990739781057	0.997240112143685	0.000374666584267213
Rhizobium_sp._IRBG74	0.33	0.511	0.31	0.473	0.900700655843633	0.362288720812091	0.000855808597623968	0.999990739781057	0.997240112143685	0.00109463890393763
Candidatus_Endolissoclinum_faulkneri	0.172	0.312	0.176	0.291	0.991408295860731	0.399074236897215	0.0323779002107953	0.999990739781057	0.997240112143685	0.0363425410529335
Bacteroides_fragilis	2.595	0.97	2.737	1.086	0.323028119318047	0.91290294639653	9.81052840954074e-39	0.522545487132134	0.997240112143685	2.15831625009896e-37
Coprococcus_sp._ART55.1	1.045	0.951	0.982	0.934	0.764920226453914	0.680118284469701	4.6844445632803e-22	0.956150283067392	0.997240112143685	1.6102778186276e-21
Prevotella_melaninogenica	0.429	0.502	0.601	0.779	0.0180901600518077	0.794789858546122	5.55446527896831e-10	0.0414566167853926	0.997240112143685	1.01831863447752e-09
Megasphaera_elsdenii	0.407	0.807	0.583	0.93	0.0899651950987414	0.798537729943291	2.48522248112546e-25	0.170623645876923	0.997240112143685	1.18858466488609e-24
Listeria_ivanovii	0.186	0.366	0.2	0.297	0.902123584595854	0.143142655527823	0.067209071854679	0.999990739781057	0.997240112143685	0.0746767465051989
Alkaliphilus_oremlandii	0.317	0.478	0.423	0.539	0.0803298143194791	0.955970109045452	1.13248320346847e-05	0.155022448686714	0.997240112143685	1.73018267196571e-05
Paludibacter_propionicigenes	2.155	1.11	2.064	1.045	0.655264698275707	0.724508879415792	2.72280826836827e-35	0.889865639633676	0.997240112143685	4.27869870743585e-34
.Eubacterium._eligens	2.259	1.156	2.09	0.978	0.230550495230666	0.679667701147305	2.37826973031958e-22	0.396258663677708	0.997240112143685	8.43902162371464e-22
Unclassified	4.759	0.132	4.701	0.146	5.20264600108758e-05	0.465324618791927	6.46887363595833e-19	0.000197341744868839	0.997240112143685	1.82455410244978e-18
Ralstonia_pickettii	0.538	0.709	0.677	0.773	0.126350498494749	0.589161576501263	1.94373694254826e-11	0.231642580573707	0.997240112143685	3.95946414222793e-11
Selenomonas_ruminantium	0.618	0.629	0.745	0.902	0.208175978095235	0.184990218636465	1.97977546980456e-10	0.36348186651549	0.997240112143685	3.82061932769301e-10
Marinitoga_piezophila	0.347	0.562	0.371	0.558	0.895707542073903	0.847546875132267	4.19822567892991e-15	0.999990739781057	0.997240112143685	1.00392353191802e-14
Lactococcus_lactis	1.032	0.868	0.709	0.753	9.60235316750956e-05	0.0121623057120991	0.000242482423739568	0.000352086282808684	0.445951209443635	0.000329297118658672
Clostridium_saccharobutylicum	1.012	1.071	0.612	0.83	4.73990330517099e-05	0.713394598471846	7.17562677636647e-13	0.000186210486988861	0.997240112143685	1.57863789080062e-12
Streptococcus_sanguinis	0.379	0.523	0.121	0.284	8.94307737770668e-10	0.0858014919573902	0.0038539449662792	4.91869255773867e-09	0.997240112143685	0.00446246259253381
Bacteroides_salanitronis	1.023	0.704	0.853	0.637	0.0231407562621749	0.708492583644248	1.80584835410089e-19	0.0509096637767848	0.997240112143685	5.51786997086382e-19
Halothiobacillus_neapolitanus	0.735	0.669	0.688	0.63	0.724407962986357	0.550666810241079	4.08649733055996e-09	0.926568324749991	0.997240112143685	7.02366728689993e-09
Ethanoligenens_harbinense	2.405	0.657	2.491	0.565	0.30637139723029	0.543853486614252	1.82253394526482e-09	0.505389843378724	0.997240112143685	3.18220212665286e-09
Streptococcus_thermophilus	0.559	0.692	0.355	0.534	0.00161987171813715	0.0822245183607623	0.386559346030296	0.00494960802764129	0.997240112143685	0.401146491163514
Haliscomenobacter_hydrossis	0.38	0.641	0.351	0.563	0.869462491015339	0.859770946721113	7.57806075726061e-27	0.999990739781057	0.997240112143685	3.96946039666032e-26
Mobiluncus_curtisii	0.191	0.424	0.825	0.883	9.57839191066743e-19	0.814247893409009	0.012518822415494	9.57839191066743e-18	0.997240112143685	0.01419660273922
Acidaminococcus_intestini	0.418	0.887	0.427	0.845	0.993734837925926	0.179389401656234	3.76557335032963e-41	0.999990739781057	0.997240112143685	1.03553267134065e-39
Caldilinea_aerophila	0.243	0.447	0.135	0.273	0.00663144354098218	0.605810679919981	0.000237778364696993	0.0165786088524554	0.997240112143685	0.000326945251458365
Alistipes_shahii	2.177	1.127	1.925	0.995	0.036700357291555	0.997240112143685	9.45485628562489e-43	0.0791576333739421	0.997240112143685	3.46678063806246e-41
Dehalococcoides_mccartyi	0.151	0.297	0.143	0.27	0.950747240759277	0.8963036653066	0.00129111947474515	0.999990739781057	0.997240112143685	0.00157803491357741
Akkermansia_muciniphila	1.545	1.213	1.195	1.059	0.00411246138429723	0.546350696539948	3.01068419654466e-15	0.0110334329822609	0.997240112143685	7.35945025822028e-15
Lactobacillus_helveticus	0.182	0.38	0.205	0.384	0.803107701635402	0.465751731770667	0.999778998492682	0.972495191208099	0.997240112143685	0.999792219869773
Thermus_thermophilus	0.203	0.391	1.571	0.95	1.44830029449113e-53	0.102076308544748	0.116473624271259	3.98282580985061e-52	0.997240112143685	0.126852462077609
Coriobacterium_glomerans	0.572	0.646	0.14	0.299	5.04536241106244e-17	0.35695227773289	0.00311676770238497	4.6249155434739e-16	0.997240112143685	0.00368649943292845
Desulfotomaculum_carboxydivorans	1.191	0.77	0.966	0.686	0.00397411684665527	0.570722998578143	7.0378283076023e-12	0.010928821328302	0.997240112143685	1.48877137276203e-11
Clostridium_botulinum	0.285	0.575	0.703	0.676	4.1869624614025e-11	0.371752587588517	5.19724625010425e-09	2.87853669221422e-10	0.997240112143685	8.79533980786873e-09
Veillonella_parvula	1.353	0.952	1.055	0.911	0.00260114979655711	0.273618355924654	1.88288451120703e-22	0.00773314804381843	0.997240112143685	6.90390987442576e-22
Rothia_mucilaginosa	0.383	0.578	0.224	0.419	0.00298777926168791	0.565193389073381	3.71123618361512e-10	0.00864883470488605	0.997240112143685	6.91925390165531e-10
Prevotella_sp._oral_taxon_299	0.356	0.539	1.104	1.222	8.7345476143008e-15	0.598289972282753	1.91158664508215e-05	6.40533491715392e-14	0.997240112143685	2.84154771566265e-05
Prevotella_ruminicola	0.392	0.513	0.344	0.471	0.57803629477541	0.499841681472433	1.0317269437759e-22	0.807344542744037	0.997240112143685	3.91344702811548e-22
Ruminococcus_albus	1.274	0.879	1.184	0.853	0.532346075152948	0.699440558424153	3.95969020760503e-17	0.76049439307564	0.997240112143685	9.89922551901258e-17
Streptococcus_sp._I.P16	0.893	0.852	0.484	0.651	9.16632633093257e-08	0.523021479791197	2.2795828587267e-17	4.58316316546628e-07	0.997240112143685	5.83149103395203e-17
Atopobium_parvulum	0.443	0.589	0.267	0.456	0.00143965233080976	0.124176531988681	0.000894182626122278	0.00452462161111639	0.997240112143685	0.00113057573417759
Porphyromonas_gingivalis	0.502	0.429	0.382	0.372	0.00582753427556599	0.46533849596413	0.000654367196962374	0.0149076458212153	0.997240112143685	0.000856909424593585
Adlercreutzia_equolifaciens	1.696	1.022	1.138	0.734	4.83749228092775e-10	0.828599533085573	1.78035280605565e-20	2.90468868098803e-09	0.997240112143685	5.75996496076827e-20
