Taxa	stoolMeans	stoolSD	swabMeans	swabSD	tissueMeans	tissueSD	Origin p-value	OriginSwabStool p-value	OriginTissueStool p-value	OriginTissueSwab p-value	Time p-value	Individual p-value	Origin (adj p-value)	OriginSwabStool (adj p-value)	OriginTissueStool (adj p-value)	OriginTissueSwab (adj p-value)	Time (adj p-value)	Individual (adj p-value)
Clostridium_pasteurianum	0.096	0.179	0.154	0.247	0	0	0.0325781769872659	0.313815445938712	0.136370260626599	0.0243104937146257	0.954637407902681	0.635190534701452	0.0450029070916891	0.821449443408562	0.178181897139471	0.04612333396542	0.995274663330216	0.700987163794032
Sorangium_cellulosum	0.244	0.301	0.233	0.279	0.172	0.314	0.675943409573521	0.985641911870634	0.649866685090872	0.791911642026505	0.602740098862394	0.00034369215007389	0.680859361643146	0.999980916292842	0.703176061602233	0.815462917625806	0.990828871224787	0.000820713151469548
Desulfitobacterium_dehalogenans	0.116	0.211	0.126	0.238	0	0	0.0960304098698941	0.969838234679412	0.0944472772847783	0.125395375031865	0.224763026990714	0.0391635610933512	0.106829010176549	0.999980916292842	0.130158685611361	0.17195306378132	0.990828871224787	0.0573984466817899
Rhodopseudomonas_palustris	0.265	0.335	0.322	0.326	0.287	0.36	0.729997189855073	0.71103112869375	0.969723176710463	0.940000257953367	0.210008359877429	0.00725695196909925	0.729997189855073	0.999980916292842	0.976775708904721	0.953773155505797	0.990828871224787	0.0126426144367326
Thermodesulfobacterium_geofontis	0.174	0.229	0.094	0.172	0.045	0.179	0.0319801227892591	0.187001631834131	0.0637956108594784	0.735488919518054	0.0403554897912948	0.130532340887285	0.0445150452895717	0.59539600020752	0.0992774393712107	0.760188174277989	0.990828871224787	0.168683138708595
Anaeromyxobacter_sp._Fw109.5	0.144	0.237	0.203	0.31	0	0	0.0273656037425195	0.494569646416793	0.0692324690899657	0.021465324376391	0.304555676036563	0.0164534057881181	0.0390735682302985	0.999980916292842	0.105395575692742	0.04129093647403	0.990828871224787	0.0264976360657483
Mycoplasma_hyorhinis	0.062	0.185	0.691	0.533	1.727	0.271	8.01124064419218e-46	2.87547763377916e-14	1.66533453693773e-15	1.47659662275146e-14	0.577791635619111	0.992738613308281	2.21911365844123e-43	7.74420931422397e-13	4.02156940227682e-14	3.88608337428567e-13	0.990828871224787	0.999898642035521
Klebsiella_pneumoniae	0.811	1.049	1.148	1.035	0.33	0.526	0.0362125549347204	0.262564182223765	0.181633539832665	0.0278593701800283	0.515842227073709	4.42635728807337e-08	0.0486935811500852	0.720101767088941	0.225616549478243	0.0514469702657855	0.990828871224787	3.60617931998918e-07
Streptococcus_anginosus	0.219	0.305	1.254	0.791	0.035	0.141	2.25679751308773e-21	1.67643676718399e-14	0.263623086104864	3.67483821150927e-14	0.88516517832753	0.79965950915247	3.28182280246939e-20	7.74420931422397e-13	0.308116433970664	4.82265742492287e-13	0.990828871224787	0.851944938597054
Pedobacter_saltans	0.119	0.189	0.112	0.23	0	0	0.0637305698278129	0.981401014145191	0.0513042810635302	0.141987561672087	0.383719793862721	0.760581879249448	0.0757781602514766	0.999980916292842	0.0850975200874124	0.190482035888672	0.990828871224787	0.819771130552907
Desulfitobacterium_hafniense	0.157	0.257	0.284	0.382	0	0	0.00447221017019628	0.0796140113701681	0.0862921381841367	0.00327587433130105	0.685907518630638	0.00149782464519668	0.00904235194995891	0.339278171531332	0.120721829681848	0.0081019391943785	0.990828871224787	0.00300650309217014
Xanthomonas_campestris	0.092	0.156	0.117	0.226	0.136	0.245	0.572605678816993	0.786378457901344	0.62280304425041	0.935686809322845	0.00217019814461987	0.999898642035521	0.578875084059514	0.999980916292842	0.676535071597504	0.952886934494221	0.601144886059705	0.999898642035521
Bifidobacterium_animalis	0.336	0.4	0.273	0.4	0	0	0.00505210306235992	0.71397855705541	0.00340378614592796	0.0577547866660068	0.285183611819712	2.36747745869015e-07	0.00992505353385601	0.999980916292842	0.0102483561132831	0.0914175766084793	0.990828871224787	1.46035797981681e-06
Butyrivibrio_proteoclasticus	0.525	0.39	0.646	0.48	0	0	9.1238641448393e-07	0.3173107958293	4.66555245937084e-06	1.28591122405819e-06	0.244781260390978	0.145849832403758	3.36974715749398e-06	0.821449443408562	2.27175150053167e-05	6.14133463903652e-06	0.990828871224787	0.187038905443708
Streptococcus_pneumoniae	0.3	0.362	0.979	0.698	0	0	6.12853292632789e-13	4.79674078235348e-11	0.0294445466434519	8.75611805284393e-11	0.772749850061696	0.335033817464098	3.61192259700601e-12	8.85798131141276e-10	0.0562492373809391	7.34983242617506e-10	0.990828871224787	0.394912201861936
Roseburia_hominis	2.304	0.579	2.07	0.717	0.308	0.56	1.09184976853835e-22	0.174559024902366	3.66373598126302e-15	3.1863400806742e-14	0.632465952744699	4.72293022569202e-06	1.77907285814779e-21	0.583866370524413	6.3428429175616e-14	4.41308101173377e-13	0.990828871224787	1.89601691669085e-05
Alkaliphilus_metalliredigens	0.101	0.167	0.251	0.348	0	0	0.000280759723416245	0.00264368043745744	0.174147952851691	0.000509213772375561	0.603991317979918	0.00217323588674706	0.000707004030784545	0.0182952220729164	0.217292715945579	0.00150055547817054	0.990828871224787	0.00423297324678771
Eubacterium_rectale	2.779	0.73	2.625	0.821	0.693	0.619	2.46617004497955e-18	0.596708588546017	2.67563748934663e-14	2.42583730880597e-13	0.686876203435014	2.759093560234e-07	2.53010778688643e-17	0.999980916292842	2.73895489621978e-13	2.79982056058022e-12	0.990828871224787	1.59222690871837e-06
Haemophilus_parainfluenzae	0.605	0.79	0.318	0.625	0.059	0.238	0.00879733860016757	0.155092687289192	0.0157484530444427	0.489019111962993	0.529553387393356	2.24427362942212e-05	0.0154231822294077	0.549143663102835	0.0357567335517265	0.527075073983459	0.990828871224787	8.17978678092008e-05
Magnetospirillum_magneticum	0.119	0.193	0.069	0.152	0	0	0.0291582936074656	0.370126044448471	0.0332441517139044	0.423777591531784	0.286637175792951	0.0451865907619616	0.0412084047411632	0.899341353616021	0.0605092440253088	0.469545571417217	0.990828871224787	0.0641881314926326
Zymomonas_mobilis	0.118	0.213	0.156	0.304	0	0	0.0763765380567108	0.702476277635292	0.123357465762083	0.0677808376453241	0.393162473780205	0.0711052816767759	0.0896453433970715	0.999980916292842	0.164278932769697	0.102039630585624	0.990828871224787	0.0970254336180637
Campylobacter_coli	0.583	0.536	0.557	0.571	0	0	0.000222988722516545	0.969529965314984	0.000141032568685029	0.00215233910403367	0.743947167130597	8.58533481360962e-11	0.000566677762725531	0.999980916292842	0.000550225655292296	0.00552035122053081	0.990828871224787	1.98178145280822e-09
Pseudomonas_mendocina	0.195	0.231	0.172	0.253	0	0	0.00648875461681326	0.888922317347314	0.00436937924730185	0.0396618599133802	0.784312639762555	0.0914558884310508	0.0122271090398454	0.999980916292842	0.0126074797031522	0.0682381068074927	0.990828871224787	0.122753388787615
Streptococcus_suis	0.615	0.454	0.694	0.527	0.08	0.24	4.03527115430201e-05	0.695428110858412	6.79510850659648e-05	8.60234976048924e-05	0.655533120694039	0.000654610171700561	0.000115234031932129	0.999980916292842	0.000268892150903889	0.00028033539807712	0.990828871224787	0.00143910331397663
Acidaminococcus_fermentans	0.47	0.347	0.377	0.446	0	0	1.13564646697981e-05	0.435062791874157	6.02321546305795e-06	0.00234356613140319	0.697884049913366	0.00288433256151986	3.4952674594823e-05	0.971874139912432	2.82784861570687e-05	0.00595566805870351	0.990828871224787	0.00538425430971064
Clostridium_saccharoperbutylacetonicum	0.21	0.254	0.179	0.273	0	0	0.00743159871662193	0.821698595969711	0.00502259061695276	0.0547301443669315	0.804526520756429	0.999853822371501	0.0136328002947303	0.999980916292842	0.013507355348504	0.0871278735036783	0.990828871224787	0.999898642035521
Riemerella_anatipestifer	0.65	0.565	0.43	0.539	0.077	0.308	0.00032066082083647	0.140784309018935	0.000374243680797415	0.0962695886169559	0.739506951800766	5.66427970308015e-12	0.000800207633979298	0.514060099891981	0.00132904486642159	0.136752184855881	0.990828871224787	3.1380109555064e-10
Parabacteroides_distasonis	2.981	0.638	2.605	0.927	0.823	0.602	1.07667481260912e-20	0.0357429563900035	1.12132525487141e-14	7.988054662178e-13	0.96074036011272	5.82413519025719e-11	1.3556314686033e-19	0.190399979231365	1.4790814076161e-13	8.85076456569323e-12	0.995274663330216	1.46662313427386e-09
Phycisphaera_mikurensis	0.138	0.245	0.107	0.234	0	0	0.0853666481578613	0.806356983220753	0.0704420149471627	0.300700660870542	0.860078641075205	0.00333723704203916	0.0977130642137503	0.999980916292842	0.105395575692742	0.350528892062355	0.990828871224787	0.00616276440429899
Geobacter_sulfurreducens	0.133	0.204	0.16	0.268	0	0	0.0378953937646529	0.822474671753133	0.0491549834714226	0.0408883783675652	0.630611774204854	0.000884636513032335	0.0499858289181374	0.999980916292842	0.0820236772384581	0.0699140790605899	0.990828871224787	0.00188495626238428
Caldicellulosiruptor_kronotskyensis	0.559	0.341	0.651	0.449	0.905	0.425	0.0031015966061822	0.488669297288407	0.00230792337938879	0.0809993639441215	0.626299316697767	7.81170091445403e-05	0.00655833786192724	0.999980916292842	0.00726471336466698	0.118088546381693	0.990828871224787	0.000232671091753093
Capnocytophaga_ochracea	0.174	0.274	0.165	0.34	0	0	0.0637411961682096	0.986508025046392	0.0516737852886704	0.137390217758489	0.857362003211125	0.00017431903646888	0.0757781602514766	0.999980916292842	0.0852002293152482	0.186554364309321	0.990828871224787	0.000464292049056537
Ruminococcus_bromii	2.218	0.621	2.236	0.858	0.386	0.486	3.41820763927022e-18	0.991552928119924	2.85327317328665e-14	3.83026943495679e-14	0.663552623350589	3.81532850617576e-11	3.26497764164776e-17	0.999980916292842	2.73895489621978e-13	4.82265742492287e-13	0.990828871224787	1.05684599621068e-09
Paenibacillus_mucilaginosus	0.205	0.286	0.215	0.302	0	0	0.0190210690651245	0.983047897843658	0.0171552398722293	0.035402835583202	0.875143709053565	3.75286907305296e-05	0.029109591884196	0.999980916292842	0.0368372205008335	0.0620669965604238	0.990828871224787	0.000123680935132492
Ruminococcus_sp._SR1.5	2.255	0.544	2.287	0.747	0.413	0.62	1.77141293143787e-21	0.966475076576961	1.0769163338864e-14	2.94209101525666e-14	0.189077353432092	0.112245229847219	2.72600767782383e-20	0.999980916292842	1.4790814076161e-13	4.41308101173377e-13	0.990828871224787	0.145971496092393
Megamonas_hypermegale	0.162	0.418	0.322	0.559	0	0	0.0514024057614207	0.192167352488997	0.341170625588651	0.0463395510842195	0.883220715572615	9.57924588268873e-12	0.0641372360176285	0.598093894825307	0.388275127968589	0.0773256364477639	0.990828871224787	3.31681388688097e-10
Rhodobacter_sphaeroides	0.118	0.207	0.238	0.28	0	0	0.00163816216327642	0.0250817154098483	0.105392090853615	0.00146901392960974	0.770196386536696	2.49978450951277e-07	0.00370857246747664	0.141788472827101	0.143105927286526	0.00398698350561924	0.990828871224787	1.4732772534788e-06
Clostridium_sp._BNL1100	0.1	0.175	0.137	0.213	0.05	0.201	0.317689800026834	0.618780936664683	0.567771734569845	0.288013988389179	0.0246543287696964	0.0119352367874672	0.329588294409862	0.999980916292842	0.621631503857103	0.342402896067822	0.990828871224787	0.0199088394756143
Moorella_thermoacetica	0.159	0.23	0.173	0.325	0	0	0.0408325501776233	0.957318929551851	0.0404273033826904	0.0587605139285917	0.881682625407614	0.00510950309406389	0.0526075181358216	0.999980916292842	0.0699897689812828	0.0924810361262495	0.990828871224787	0.00925053828140979
Ruminiclostridium_thermocellum	0.182	0.223	0.204	0.35	0	0	0.0153323634950183	0.900042028048561	0.0169117686656565	0.0217852562009698	0.639725293140322	0.18771032400232	0.0251305602847341	0.999980916292842	0.0368372205008335	0.0416173515011631	0.990828871224787	0.234014786134231
Fibrella_aestuarina	0.339	0.346	0.303	0.462	0	0	0.00243760553296431	0.886830409793132	0.00156049733951502	0.0196691246513531	0.889725871429095	0.000290551724506775	0.00528887364469458	0.999980916292842	0.00502625305867048	0.0386407626129418	0.990828871224787	0.000712237413171474
Geobacillus_sp._GHH01	0.387	0.422	1.421	0.599	0.655	0.449	1.84994649991236e-18	2.38697950294409e-14	0.0793832254986382	1.16767586955113e-06	0.0339637594147979	0.803995743613895	2.04974072190289e-17	7.74420931422397e-13	0.113884989383774	5.67449501518708e-06	0.990828871224787	0.85328283900785
Anoxybacillus_flavithermus	0.611	0.512	1.633	0.625	0.718	0.509	1.59591108370731e-14	3.73034936274053e-14	0.738449166644612	6.22535922700784e-07	0.241055130568413	0.75457826005692	9.82371933748722e-14	7.94851364214712e-13	0.777758247758773	3.38122452133563e-06	0.990828871224787	0.816477257952214
Paenibacillus_polymyxa	0.156	0.233	0.113	0.232	0	0	0.0312413290047849	0.636817617680386	0.0257747408371931	0.23268651793947	0.30507103052657	0.219599119769333	0.0437063037087142	0.999980916292842	0.0506354837723581	0.286462957641036	0.990828871224787	0.270350916338246
Leadbetterella_byssophila	0.195	0.293	0.173	0.308	0.05	0.201	0.180133546327402	0.933400717209036	0.15345570467083	0.364770348911791	0.470147893281793	0.00027595768908244	0.194910126299571	0.999980916292842	0.197708047413116	0.413529833528716	0.990828871224787	0.000688651170052575
Syntrophobotulus_glycolicus	0.16	0.24	0.154	0.252	0	0	0.0367952436016227	0.993353066426203	0.0294069052518342	0.0853834299970448	0.857436492583114	0.0917326768196255	0.0492380796021714	0.999980916292842	0.0562492373809391	0.12318338598532	0.990828871224787	0.122753388787615
Rhodospirillum_rubrum	0.123	0.223	0.096	0.189	0	0	0.0842485714634387	0.808680331769326	0.0693529805572095	0.29657010616546	0.93269978351458	0.221130827279584	0.0972368928973855	0.999980916292842	0.105395575692742	0.349574125139712	0.995274663330216	0.271032031665685
Geobacillus_kaustophilus	0.302	0.382	1.241	0.532	0.332	0.462	2.17586337266816e-18	2.59792187762287e-14	0.962268243982101	5.84976622697297e-10	0.154487945846713	0.999853859014882	2.31813136241954e-17	7.74420931422397e-13	0.976367412392095	4.62967212820433e-09	0.990828871224787	0.999898642035521
Serratia_marcescens	0.247	0.304	0.216	0.295	0	0	0.0069884473466851	0.867150930703653	0.00470826645479638	0.0451882671412673	0.393426473962341	0.407547889756846	0.013059878812337	0.999980916292842	0.0130283246723868	0.0758615151401882	0.990828871224787	0.474330947322044
Shigella_flexneri	0.155	0.334	0.472	0.591	0.326	0.351	0.000858781576132371	0.000798232931948473	0.249116479361713	0.470412153693342	0.110877441422398	0.0013436216047402	0.00202407474364129	0.00650325065146256	0.294894293945275	0.51300852981518	0.990828871224787	0.00275691247787433
Streptococcus_oligofermentans	0.137	0.243	0.228	0.341	0	0	0.0180134319229735	0.220075527726137	0.11314765266956	0.0130635278284086	0.682502808057069	0.789827773470244	0.0281905121054445	0.653555321991543	0.152145144609069	0.0270044567796207	0.990828871224787	0.844719278962384
Pseudomonas_stutzeri	0.24	0.279	0.266	0.329	0	0	0.00403134838592837	0.900621685247285	0.00436401305235179	0.00709226361548998	0.730039234566829	0.00032398789649216	0.00827172965112711	0.999980916292842	0.0126074797031522	0.0162360084420721	0.990828871224787	0.000780388237637636
Streptococcus_dysgalactiae	0.148	0.25	0.622	0.634	0	0	1.26529480748144e-09	8.84757545005499e-09	0.261822234996287	2.23858380499209e-07	0.804999399140745	0.0111734112795129	5.94045189275186e-09	1.36154355536957e-07	0.308116433970664	1.26548513057716e-06	0.990828871224787	0.0188758731959168
Lactobacillus_rhamnosus	0.16	0.308	0.101	0.21	0	0	0.0829446259235704	0.578564451780575	0.0815434782651364	0.469542113636289	0.43823222949796	0.0120028021387278	0.096132474396774	0.999980916292842	0.115833556304835	0.51300852981518	0.990828871224787	0.0199088394756143
Peptoclostridium_difficile	1.668	0.432	1.663	0.539	0.109	0.247	1.19179572336443e-25	0.99893846411421	1.88737914186277e-15	1.32116539930394e-14	0.355706297258134	0.000255984371037434	3.00115832156316e-24	0.999980916292842	4.02156940227682e-14	3.88608337428567e-13	0.990828871224787	0.000650529089700634
Alistipes_finegoldii	2.682	0.695	2.207	0.751	0.513	0.533	2.36954714979739e-21	0.00480244624797177	8.54871728961371e-15	4.03710398444446e-12	0.950992892172013	6.30686500197376e-10	3.28182280246939e-20	0.0316732764449567	1.31555260512389e-13	4.14176964330042e-11	0.995274663330216	9.19474529235122e-09
Thermanaerovibrio_acidaminovorans	0.132	0.225	0.166	0.283	0	0	0.0553087465247303	0.765526542608097	0.0797606062832205	0.0532927718485044	0.24904819031933	3.53263906597168e-05	0.0680965245925807	0.999980916292842	0.113884989383774	0.0853300450984724	0.990828871224787	0.000117896508587248
Streptococcus_pseudopneumoniae	0.147	0.234	0.472	0.73	0	0	5.41026381529725e-05	0.00025850095436597	0.32023194490506	0.000297565558556534	0.533774861563417	0.99983779661847	0.000151378088569428	0.00223764888623043	0.366546482391329	0.000926131008091684	0.990828871224787	0.999898642035521
Clostridium_tetani	0.155	0.253	0.174	0.301	0	0	0.054242459481382	0.930594457722437	0.057385736257628	0.0689135079995936	0.233173713669633	0.100100137468691	0.0673774048266493	0.999980916292842	0.090317323541835	0.103184009275067	0.990828871224787	0.131750125114109
Streptococcus_oralis	0.289	0.429	0.827	0.865	0.028	0.112	1.14402986078557e-06	1.32711284929199e-05	0.158831488954284	9.74681769394525e-06	0.773506913030274	0.509883330766757	4.16968778207373e-06	0.000136151947871808	0.200896449499254	3.80263169186315e-05	0.990828871224787	0.569506784767708
Gordonibacter_pamelaeae	1.248	0.608	1.022	0.587	0.114	0.332	1.3102137388432e-10	0.162738858891593	5.5405569021616e-11	4.26914050899452e-06	0.0712811554004404	3.46204404927322e-09	6.84772086150126e-10	0.556526714974954	3.93521605615067e-10	1.8193106476792e-05	0.990828871224787	3.99577584020284e-08
Thermomonospora_curvata	0.114	0.182	0.15	0.286	0	0	0.0504860028850561	0.675046147564726	0.0861922932174386	0.0446292731294989	0.520428947541457	0.0169945871532867	0.0632788361952966	0.999980916292842	0.120721829681848	0.0753799308345805	0.990828871224787	0.0270546013877036
Eggerthella_sp._YY7918	0.732	0.523	0.482	0.553	0.118	0.256	3.00911065805493e-05	0.0590219017960896	4.52861868238674e-05	0.0615731094725087	0.719910347674361	1.43760464066997e-07	8.68253804459599e-05	0.267719136961959	0.000187227966421064	0.0958188276622748	0.990828871224787	1.01482869523408e-06
Ruminococcus_champanellensis	1.165	0.55	1.063	0.689	0.05	0.201	7.42471164363094e-11	0.670400662402457	2.98879809790265e-11	1.2427235007717e-07	0.867125441280492	2.06034821829859e-10	4.03263750056033e-10	0.999980916292842	2.23755965707847e-10	7.48335673290786e-07	0.990828871224787	4.07654611763364e-09
Eubacterium_limosum	1.139	0.511	1.191	0.482	0.077	0.308	7.09822896705103e-13	0.87218307287914	9.2503782411768e-13	6.81148470960125e-11	0.433783799571502	0.000134385562575506	4.01267229361864e-12	0.999980916292842	7.11765214668326e-12	5.89619145174858e-10	0.990828871224787	0.000379844906463419
Selenomonas_sputigena	0.483	0.34	0.478	0.469	0	0	5.05924023038757e-06	0.997761996561619	3.34189174167054e-06	8.16740382000303e-05	0.463974662499591	1.04526652471185e-10	1.64871711037336e-05	0.999980916292842	1.68309820444135e-05	0.000269329864064386	0.990828871224787	2.2272217488091e-09
Chromobacterium_violaceum	0.119	0.196	0.183	0.258	0.183	0.336	0.298517837896538	0.38591860127065	0.545808435452383	0.999998290159146	0.0666016537300227	0.00254595290612106	0.31086256051632	0.907583502147406	0.599956097699643	0.999999079741911	0.990828871224787	0.00486364796548643
Escherichia_fergusonii	0.207	0.433	0.435	0.678	0.103	0.296	0.0438874490515996	0.0715792788456096	0.699638957660965	0.0732278940690103	0.305684051897873	2.22278587989573e-06	0.0562815897559866	0.314721591114823	0.742528702191906	0.108471265546074	0.990828871224787	9.21600895618555e-06
Methylocystis_sp._SC2	0.063	0.148	0.186	0.365	0.341	0.423	8.28736780422496e-05	0.0553033111454981	0.000148971708368917	0.114262796562392	0.827393686423316	0.433350972649333	0.000222873872016535	0.258693662863808	0.000573127266919305	0.158253973238913	0.990828871224787	0.500159247599439
Campylobacter_jejuni	0.887	0.535	1.027	0.742	0.127	0.356	1.89969315037711e-06	0.480820272092777	5.6155763992205e-06	3.73879440651592e-06	0.381320703030659	1.62429680771418e-06	6.74634618787767e-06	0.999980916292842	2.68192183204152e-05	1.61819695407017e-05	0.990828871224787	7.03015962088792e-06
Bacteroides_thetaiotaomicron	3.022	0.536	2.814	0.714	0.608	0.694	4.74935124478493e-30	0.23430394911138	1.66533453693773e-15	6.55031584528842e-15	0.973716367373605	0.0532370813797948	1.87938613543632e-28	0.679539991911941	4.02156940227682e-14	3.88608337428567e-13	0.995274663330216	0.0752381201132814
Clostridium_perfringens	0.197	0.357	0.181	0.268	0.087	0.24	0.464348995378125	0.969155876524891	0.43065130927311	0.638126945903492	0.425573944299533	0.00645051762035963	0.471152643662053	0.999980916292842	0.48295713631033	0.669549863694195	0.990828871224787	0.011380849559488
Desulfovibrio_desulfuricans	0.508	0.451	0.604	0.547	0.084	0.338	0.00121131564523573	0.594946581995723	0.00251557244875245	0.00132969417925299	0.752692414837804	2.27194908821035e-12	0.00279612028108582	0.999980916292842	0.0078293659360048	0.00364678502626811	0.990828871224787	1.82176110116087e-10
.Ruminococcus._obeum	2.28	0.457	2.242	0.67	0.366	0.631	1.31451887772325e-26	0.94025213598917	1.66533453693773e-15	1.0991207943789e-14	0.177885523195222	0.0411917954658958	4.04579699032601e-25	0.999980916292842	4.02156940227682e-14	3.88608337428567e-13	0.990828871224787	0.05942774658361
Bacteroides_xylanisolvens	3.118	0.572	2.614	0.721	0.664	0.607	8.92054318900898e-30	0.000496167100937805	1.66533453693773e-15	2.80886425230165e-14	0.939736760364811	0.000708735381138036	3.08873807919436e-28	0.00416479657453855	4.02156940227682e-14	4.41308101173377e-13	0.995274663330216	0.00153374766074403
Bibersteinia_trehalosi	0.182	0.274	0.138	0.303	0	0	0.039033630450287	0.710225012840588	0.0313395748263458	0.225845041895433	0.364915245001376	0.00529271201320575	0.0510014888430636	0.999980916292842	0.0586558258574174	0.279801947186772	0.990828871224787	0.00945858856553543
Salmonella_enterica	0.358	0.518	0.623	0.654	0.114	0.317	0.00786587287688817	0.0546957015255007	0.207899811173071	0.00752289332776901	0.778509376905944	4.968958362385e-09	0.0141483557590781	0.258693662863808	0.251477064170047	0.0170806676376395	0.990828871224787	5.50560586552258e-08
Erysipelothrix_rhusiopathiae	0.26	0.331	0.364	0.406	0.05	0.201	0.0135969459005166	0.323267320261624	0.0571644444146957	0.0096783245223705	0.461008415875634	9.8485236599528e-06	0.0225530180505575	0.829120812152499	0.090317323541835	0.0207821387030746	0.990828871224787	3.89720150543846e-05
Bacillus_subtilis	0.151	0.225	0.078	0.207	0	0	0.0162730091893614	0.243828987169682	0.0228968756894602	0.458040626381559	0.453684696261868	0.070009124042091	0.0259058824451328	0.682228580262647	0.0459596707679744	0.503481164713063	0.990828871224787	0.0960026106913822
Pseudomonas_fluorescens	0.175	0.266	0.196	0.268	0	0	0.0273509163873429	0.917654660942046	0.0293415910376316	0.0372468316315206	0.278453307347424	0.000171123228399484	0.0390735682302985	0.999980916292842	0.0562492373809391	0.0648891343517687	0.990828871224787	0.000460205187054922
Asticcacaulis_excentricus	0.117	0.218	0.086	0.183	0	0	0.0900716079519364	0.738697913420592	0.0776806891148522	0.359599245933897	0.338444183977579	0.0625337949971147	0.101836062868108	0.999980916292842	0.112657334475466	0.41160740133756	0.990828871224787	0.0866093060710039
Bacteroides_vulgatus	3.826	0.516	3.617	0.786	1.735	0.706	1.4814765588523e-24	0.237961657817539	1.88737914186277e-15	3.06421554796543e-14	0.632523915752901	6.97747331692434e-07	3.15668466770837e-23	0.679539991911941	4.02156940227682e-14	4.41308101173377e-13	0.990828871224787	3.57918538664452e-06
Planctomyces_brasiliensis	0.203	0.262	0.093	0.187	0	0	0.00187408761120661	0.0739848209077595	0.00452223964719922	0.418446365383841	0.328588970335506	0.0204509598301473	0.00415297814643385	0.320215552991397	0.0127822487987162	0.46550057514588	0.990828871224787	0.0321257400168702
Chlorobium_phaeovibrioides	0.197	0.25	0.156	0.284	0	0	0.0125043825944004	0.705822888051017	0.00906631725724993	0.108635667600133	0.885842183393191	0.00114392758895764	0.0211202071868836	0.999980916292842	0.0220295603531424	0.152751674747395	0.990828871224787	0.00238246573038546
Corynebacterium_callunae	0.207	0.265	0.114	0.218	0	0	0.00382826935829375	0.178936644288586	0.00534393176644754	0.29167792212181	0.57165643883611	0.000123862065048824	0.00791366128542813	0.583866370524413	0.0139648028236412	0.345276856528809	0.990828871224787	0.000353709196067259
Verminephrobacter_eiseniae	0.07	0.14	0.184	0.321	0.96	0.192	1.07571095302651e-34	0.0196746579405391	1.66533453693773e-15	2.1094237467878e-15	0.801697535621992	0.99986045111219	6.70929543588587e-33	0.115954898926156	4.02156940227682e-14	1.94770125953407e-13	0.990828871224787	0.999898642035521
Bacteroides_helcogenes	2.334	0.618	1.996	0.757	0.618	0.466	3.21471957428622e-17	0.0369736449114154	2.97539770599542e-14	4.57675120024703e-10	0.914156150202422	1.34362691168949e-06	2.69841612750692e-16	0.193239615857775	2.73895489621978e-13	3.72870612490714e-09	0.995274663330216	6.20307757563315e-06
Enterobacter_cloacae	0.384	0.494	0.588	0.784	0.047	0.189	0.00702498896403685	0.181272591570756	0.0568077398738975	0.00474370551992331	0.122812464035786	0.000164136724630826	0.013059878812337	0.583866370524413	0.090317323541835	0.0113276416294721	0.990828871224787	0.000450157155670682
Klebsiella_oxytoca	0.323	0.565	0.423	0.5	0	0	0.032818004449535	0.643117081800272	0.0599015177154775	0.0288169752932372	0.786869825789389	2.91912187646211e-10	0.0450029070916891	0.999980916292842	0.0937441830914534	0.0528629281869319	0.990828871224787	5.03980808577807e-09
Acidovorax_sp._KKS102	0.123	0.197	0.088	0.203	0	0	0.0494892601639542	0.649739841413685	0.0425371298192848	0.300054475341333	0.448262484972321	0.999862201929648	0.0623114775700696	0.999980916292842	0.0731849997511919	0.350528892062355	0.990828871224787	0.999898642035521
Desulfovibrio_alaskensis	0.22	0.296	0.177	0.271	0	0	0.0142578162341495	0.756343336077947	0.0102365415632145	0.103602012327736	0.789791782519523	0.0232526317725982	0.0235084231955917	0.999980916292842	0.0244441552845726	0.146417129667259	0.990828871224787	0.0357832166722761
Streptococcus_mutans	0.148	0.213	0.105	0.224	0	0	0.0263932295192703	0.589928452656803	0.0222206934007423	0.234154109914205	0.766955412578975	0.999883453267816	0.0380777321710305	0.999980916292842	0.0449279713285081	0.286994196664756	0.990828871224787	0.999898642035521
.Clostridium._saccharolyticum	2.109	0.499	2.126	0.668	0.242	0.506	4.13889771128166e-25	0.988493887096055	1.88737914186277e-15	1.49880108324396e-14	0.374576651665406	0.000272011385752235	9.5539555502085e-24	0.999980916292842	4.02156940227682e-14	3.88608337428567e-13	0.990828871224787	0.00068497412593972
Bacillus_thuringiensis	0.154	0.316	0.547	0.775	0.125	0.285	0.000187147035882653	0.000164086880814041	0.967360506008826	0.00764565127130157	0.348988400363293	0.00186549900762019	0.000484483448032663	0.00151506886618297	0.976775708904721	0.0172182553020369	0.990828871224787	0.00369102303650567
Mycobacterium_canettii	0.204	0.246	0.199	0.276	0.102	0.234	0.321394220065228	0.995985443038128	0.2930842338522	0.435746036610476	0.750156983509736	0.00128663336788086	0.33218730954503	0.999980916292842	0.339683400740835	0.48088307625937	0.990828871224787	0.00265968240972387
Streptococcus_pyogenes	0.713	0.443	0.848	0.649	0.05	0.2	5.08679808630567e-07	0.381936531626515	2.07161658749566e-06	9.23314741330117e-07	0.449672014228162	0.000650338860958643	1.9845677040939e-06	0.907583502147406	1.062662582845e-05	4.73626265460078e-06	0.990828871224787	0.00143910331397663
Prevotella_denticola	0.683	0.57	1.154	0.887	0.201	0.456	1.50833174716409e-05	0.00205157721834992	0.0152183535641955	1.27387732075102e-05	0.550766885914136	6.73862832705298e-10	4.54139015178754e-05	0.0145714587046905	0.0351290328106847	4.76843267362205e-05	0.990828871224787	9.33300023296838e-09
Streptomyces_coelicolor	0.108	0.18	0.082	0.185	0	0	0.0652331042586451	0.752936190446175	0.0538380114404022	0.284681194152268	0.861244215292941	0.213246253531629	0.0772203841010458	0.999980916292842	0.0871181573950032	0.339899529224907	0.990828871224787	0.263701840304738
Paracoccus_denitrificans	0.15	0.259	0.094	0.199	0	0	0.0484073128871463	0.496961313527207	0.0486719717730483	0.412147567215001	0.80089501074427	0.00633892909442693	0.0612275144736964	0.999980916292842	0.0817099162492992	0.462205976188483	0.990828871224787	0.011255662558694
Bifidobacterium_dentium	0.471	0.564	0.415	0.524	0	0	0.00492605494308572	0.8707194245622	0.00325557973649881	0.0347379084959836	0.83297196885763	1.54008570679017e-07	0.00974655156596245	0.999980916292842	0.00990984161549639	0.0616820554704324	0.990828871224787	1.04049692873385e-06
Cronobacter_sakazakii	0.191	0.332	0.071	0.168	0	0	0.0172337179540878	0.132676171717767	0.0403875730005118	0.710517556624126	0.671491259103328	0.000832574179848478	0.0271235220072859	0.503442459805775	0.0699897689812828	0.737128701066977	0.990828871224787	0.00178777556448084
Prevotella_melaninogenica	1.226	0.659	1.42	0.899	0.233	0.501	3.89487089202601e-07	0.400431024508303	1.49640715851884e-06	7.71193151005711e-07	0.479243152083024	3.71524056066499e-07	1.54125605298744e-06	0.924328281573333	7.82084496056074e-06	4.03057552506759e-06	0.990828871224787	2.0582432706084e-06
Fretibacterium_fastidiosum	0.301	0.294	0.261	0.373	0.05	0.201	0.0104656599432193	0.81342941746638	0.00724192947940072	0.0712882728631369	0.889817563924652	1.58668160424339e-06	0.0180061354302592	0.999980916292842	0.0180722023945405	0.106165868726285	0.990828871224787	7.03015962088792e-06
Propionibacterium_acnes	0.192	0.302	0.17	0.297	0.037	0.147	0.135594882678209	0.931008653482124	0.112742006556393	0.301176448775597	0.0592905965257807	0.041760474526459	0.147873159456157	0.999980916292842	0.152145144609069	0.350528892062355	0.990828871224787	0.0599360178436743
.Clostridium._cellulolyticum	0.134	0.196	0.059	0.167	0	0	0.00826468583202784	0.12765110406647	0.0171099040835601	0.545274641260147	0.328726060409549	0.695604557285155	0.0146751152273828	0.491448170766055	0.0368372205008335	0.580927213957926	0.990828871224787	0.758592371527512
Thermus_scotoductus	0.083	0.171	0.244	0.346	0.05	0.201	0.00164676683573872	0.00202407576671415	0.838654652736846	0.0137500816988293	0.045175470942678	0.652628992722278	0.00370857246747664	0.0145714587046905	0.866818428388456	0.0280056811071744	0.990828871224787	0.717373932476473
Sinorhizobium_fredii	0.129	0.212	0.124	0.269	0	0	0.0779449328185372	0.993485648278742	0.0647828728187848	0.151341541236652	0.106519900771464	0.000288314029352395	0.0911001957414971	0.999980916292842	0.09969364317113	0.200581851304079	0.990828871224787	0.000712237413171474
Streptococcus_mitis	0.343	0.364	0.774	0.772	0.077	0.308	4.43606879202861e-06	9.40779219110732e-05	0.0908450230468411	1.46244248633298e-05	0.440632437587899	0.0562341415994023	1.48047115107461e-05	0.000930699441763117	0.125820356919875	5.40128758285648e-05	0.990828871224787	0.0786709960759315
Paludibacter_propionicigenes	0.562	0.388	0.393	0.453	0	0	8.12554627132866e-07	0.101080066767766	6.36620515193087e-07	0.00368251101760575	0.772820911388804	9.58471264605096e-07	3.04158961778113e-06	0.411752624921637	3.5268776541697e-06	0.00894785571821748	0.990828871224787	4.65783404027389e-06
Filifactor_alocis	0.326	0.305	0.586	0.523	0.035	0.141	4.6227424475438e-06	0.0016607811998729	0.00607051308469309	3.33506333738409e-06	0.165875508625902	0.161431720129487	1.52440435472575e-05	0.0124334160098592	0.015715253499626	1.49002023299257e-05	0.990828871224787	0.205121956311321
Pseudomonas_putida	0.231	0.283	0.362	0.308	0.807	0.331	1.42298055076941e-10	0.0973549796694798	6.87768730855964e-11	1.03960018168481e-05	0.309020934892698	0.0168791144521797	7.29936319561344e-10	0.402497453260387	4.76279846117755e-10	3.94478425105057e-05	0.990828871224787	0.0270260965505999
.Eubacterium._eligens	1.954	0.696	1.832	0.779	0.15	0.448	2.5480874561272e-16	0.690233637053937	2.96429547574917e-14	5.5498938777987e-12	0.609367126975309	8.1922314182295e-05	1.85742164565061e-15	0.999980916292842	2.73895489621978e-13	5.49043072910799e-11	0.990828871224787	0.000241409372643571
Desulfovibrio_salexigens	0.145	0.215	0.117	0.238	0	0	0.0377667975028882	0.799456860181638	0.0289567643378665	0.178225201817579	0.66497947813984	9.50652507728128e-05	0.0499858289181374	0.999980916292842	0.0562492373809391	0.229620376295207	0.990828871224787	0.00027430285900072
Haemophilus_influenzae	0.224	0.406	0.176	0.379	0.044	0.177	0.216691154068824	0.828770490328778	0.195751213994803	0.520039800926429	0.839600693300848	0.0161314746849123	0.230859421834863	0.999980916292842	0.237820553844563	0.556181563152976	0.990828871224787	0.0261311022673726
Kocuria_rhizophila	0.118	0.189	0.169	0.258	0	0	0.0217181035301193	0.432159589132476	0.0647240764608149	0.0164161619646429	0.109665019227118	0.096529755201706	0.0321706667264334	0.971874139912432	0.09969364317113	0.0329512816246818	0.990828871224787	0.127936565506567
Lactococcus_lactis	0.574	0.556	0.287	0.51	0	0	6.86514243782735e-05	0.028274642534465	0.000193064543022148	0.183990853470248	0.651820807376584	0.0268463929357066	0.000190164445527818	0.156641519640936	0.000703669452857039	0.234863900512713	0.990828871224787	0.0410853637745344
Alteromonas_macleodii	4.834	0.161	4.792	0.271	5.064	0.009	5.69070826141248e-06	0.51227928923149	1.52409197613501e-05	1.03935247863784e-05	0.42174968671689	6.19103963790833e-10	1.83293742838518e-05	0.999980916292842	6.49497657522151e-05	3.94478425105057e-05	0.990828871224787	9.19474529235122e-09
Azospirillum_lipoferum	0.25	0.313	0.239	0.294	0	0	0.00719855055877698	0.984818318982448	0.00524168416365478	0.0266547272430151	0.254337579628973	2.66054718989959e-06	0.0132933233652082	0.999980916292842	0.0138280620317369	0.0495527479618469	0.990828871224787	1.08378172294439e-05
Neisseria_meningitidis	0.158	0.221	0.105	0.231	0.105	0.233	0.430581545679823	0.51474516583779	0.655972805971622	0.999999079741911	0.943264834395489	0.445788592897576	0.440114716432882	0.999980916292842	0.707021273362409	0.999999079741911	0.995274663330216	0.508162305484068
Gluconobacter_oxydans	0.124	0.223	0.11	0.225	0	0	0.0971569842080023	0.946278753407356	0.0787929839789534	0.226265834548147	0.583338775822272	0.0536163105103133	0.107649938502467	0.999980916292842	0.113675294594636	0.279801947186772	0.990828871224787	0.0753894315297299
Desulfovibrio_africanus	0.179	0.254	0.114	0.244	0	0	0.0167423514489308	0.408026139261423	0.0165243030322302	0.283597592948339	0.484461185462528	1.018656897569e-05	0.0265007505791647	0.934076368391853	0.0368372205008335	0.339899529224907	0.990828871224787	3.97419662854384e-05
Bacteroides_salanitronis	2.102	0.561	1.963	0.702	0.276	0.502	3.99362605615021e-21	0.514542177540622	9.65894031423886e-15	3.08642000845794e-14	0.890672884241776	2.22914296052141e-06	5.26778294073147e-20	0.999980916292842	1.40817182476009e-13	4.41308101173377e-13	0.990828871224787	9.21600895618555e-06
Geobacillus_thermoleovorans	0.273	0.349	1.129	0.541	0.313	0.394	2.04480236546376e-17	2.94209101525666e-14	0.929253811292813	3.30145166760332e-09	0.374599874737429	0.999848880932206	1.77003204760457e-16	7.74420931422397e-13	0.949827696413687	2.40658450506873e-08	0.990828871224787	0.999898642035521
Brevibacillus_brevis	0.129	0.227	0.099	0.163	0	0	0.0583370232164503	0.769935170436584	0.0471688420655396	0.254981878125644	0.0303922686834484	0.243364167219771	0.0705648708775403	0.999980916292842	0.0801580935714998	0.309780615091242	0.990828871224787	0.296968609338663
Ethanoligenens_harbinense	0.748	0.416	0.754	0.541	0.067	0.267	1.28419096861906e-07	0.997530060959444	9.29513723768594e-08	3.41132875503192e-06	0.418239167110559	1.27512769542183e-09	5.30926713891761e-07	0.999980916292842	5.36406878091459e-07	1.49990169070451e-05	0.990828871224787	1.68195415062784e-08
Parvibaculum_lavamentivorans	0.099	0.171	0.135	0.283	0	0	0.0740939013157114	0.642891320372496	0.133836832297582	0.0630017169663225	0.350775736695214	0.0381505710066318	0.087336215593413	0.999980916292842	0.176537154983001	0.0971251809209899	0.990828871224787	0.0562112136640266
Streptococcus_thermophilus	1.049	0.767	0.808	0.709	0	0	1.20706892236223e-06	0.259982910775687	6.62909486415231e-07	0.00122892503045147	0.385541862946739	0.000296840569060784	4.34231287654983e-06	0.720101767088941	3.60050838700037e-06	0.00340412233435056	0.990828871224787	0.000721270505524886
Clostridium_kluyveri	0.347	0.354	0.414	0.438	0	0	0.000615827898323178	0.646327718220252	0.00114252436636064	0.000802906002995818	0.95344891065305	1.12491573086781e-06	0.00148334198117844	0.999980916292842	0.003813003005806	0.00226943839622287	0.995274663330216	5.37244236983418e-06
Haliscomenobacter_hydrossis	0.387	0.363	0.247	0.381	0	0	0.0001717617188416	0.147468465982552	0.00018122278192767	0.0638573136390505	0.849822527707631	4.01737469491809e-05	0.000448849019991728	0.530503442560609	0.000678360953972495	0.0971251809209899	0.990828871224787	0.000127909516148542
Acidaminococcus_intestini	0.489	0.706	0.53	0.926	0.182	0.328	0.254767958066718	0.961127093342847	0.263046757543319	0.279552276356219	0.529809946352716	5.63675956038213e-18	0.267125724053655	0.999980916292842	0.308116433970664	0.336678176307272	0.990828871224787	1.56138239822585e-15
Achromobacter_xylosoxidans	0.161	0.238	0.235	0.312	0	0	0.00964238368125874	0.337655843326904	0.0390349345930141	0.00686923585234367	0.829781113737225	0.00213934253487089	0.0166933767481792	0.842618636050022	0.0684346638118032	0.0159897338747832	0.990828871224787	0.00420282185928537
Enterococcus_faecium	1.291	0.492	1.193	0.572	0.05	0.201	1.00325062267359e-15	0.622697895044364	3.07531777821168e-14	2.38210562386598e-11	0.996809323716691	1.99036075936312e-08	6.61667672572821e-15	0.999980916292842	2.73895489621978e-13	2.19947752603626e-10	0.996809323716691	1.90113769083995e-07
Lactobacillus_delbrueckii	0.18	0.261	0.147	0.26	0	0	0.0282233925584657	0.810263698244923	0.0210438415962716	0.142345781331968	0.989394885066743	0.267183915680327	0.0400916909676666	0.999980916292842	0.0431788453493869	0.190482035888672	0.996590484230865	0.323187531194107
Desulfococcus_oleovorans	0.15	0.212	0.168	0.248	0.05	0.201	0.190997096208469	0.921097866701907	0.211113474523894	0.201256497517942	0.511305569757222	0.00112865573528446	0.205062773836224	0.999980916292842	0.253153387199648	0.254557305079771	0.990828871224787	0.00238246573038546
Akkermansia_muciniphila	1.86	1.218	1.615	1.282	0.633	0.716	0.000862241226533113	0.600131237524014	0.000538441743432316	0.0245925829573023	0.202067439216098	1.25252562188564e-11	0.00202407474364129	0.999980916292842	0.0018643545366344	0.046341125708658	0.990828871224787	3.85499552513693e-10
Thermus_thermophilus	0.415	0.427	1.429	0.579	0.635	0.465	9.70074946639186e-18	2.80886425230165e-14	0.185698306985399	5.53074081643956e-07	0.109315076875675	0.256088573786964	8.66808903932434e-17	7.74420931422397e-13	0.228615249044246	3.06403041230752e-06	0.990828871224787	0.311125153241179
Dyadobacter_fermentans	0.121	0.219	0.103	0.281	0.035	0.141	0.373555872537406	0.929785543405723	0.342018524275581	0.604486697814542	0.496255709645552	0.00528284865432277	0.384665340865656	0.999980916292842	0.388275127968589	0.639094714864993	0.990828871224787	0.00945858856553543
Coriobacterium_glomerans	0.512	0.489	0.597	0.525	0.035	0.141	0.000460484281367165	0.685082898011028	0.00078495990554639	0.000673448326079185	0.857511104176746	6.65097541728341e-07	0.00111889601700618	0.999980916292842	0.00268436905970802	0.00194317902420765	0.990828871224787	3.47607583129718e-06
Proteus_mirabilis	0.096	0.265	0.452	0.71	0.445	0.387	2.05754241889509e-05	0.00019044180719141	0.00470926320292253	0.998248662383046	0.694914008951819	0.0651190749594188	6.06318351099937e-05	0.0017016896965168	0.0130283246723868	0.999999079741911	0.990828871224787	0.0897412127550199
Acetobacterium_woodii	0.143	0.2	0.142	0.247	0	0	0.0294595921905289	0.999954506713903	0.0242928720481225	0.0632470288473334	0.810141622576223	0.0769392266766226	0.0414228783592715	0.999980916292842	0.0484109752325894	0.0971251809209899	0.990828871224787	0.104471400928551
Clostridium_botulinum	0.42	0.382	0.486	0.307	0.05	0.201	0.000222180584578498	0.652888504405132	0.000408293062338028	0.000335661848269608	0.0712232422862449	0.01311685155638	0.000566677762725531	0.999980916292842	0.00143160985148903	0.00102173991176573	0.990828871224787	0.0216271897685552
Veillonella_parvula	0.738	0.596	0.512	0.601	0.051	0.206	5.24852103469795e-05	0.156614979729689	4.73388035728828e-05	0.0292601255846796	0.632419100333459	0.000566263743966447	0.00014835105373585	0.549143663102835	0.00019283600867189	0.0532909618266344	0.990828871224787	0.00130176530270453
Prevotella_sp._oral_taxon_299	0.563	0.536	1.03	0.903	0.142	0.438	2.70589412325976e-05	0.00160379713118031	0.0334220734147013	2.93915761955255e-05	0.598057431429169	1.02106171541307e-08	7.88981760150478e-05	0.0123403279260263	0.0605092440253088	0.00010573333254754	0.990828871224787	1.04753368581267e-07
Porphyromonas_gingivalis	0.647	0.422	0.751	0.58	0.063	0.179	2.68563307810712e-06	0.513888882114608	7.21722438334904e-06	5.47161563835274e-06	0.59345837078197	7.50246391138836e-05	9.29900453294591e-06	0.999980916292842	3.27732976096342e-05	2.22887872327016e-05	0.990828871224787	0.00022588940254941
Geobacter_lovleyi	0.198	0.266	0.142	0.233	0	0	0.0115563062254792	0.543692520080679	0.00928362081924072	0.158092523529368	0.444434485143386	0.0285077820693326	0.0197598569410972	0.999980916292842	0.0223614171037364	0.206564287819032	0.990828871224787	0.0431171915695428
Cryptobacterium_curtum	0.185	0.267	0.177	0.247	0	0	0.0231700302169386	0.986250793450573	0.017810283993677	0.0640020664537226	0.869426489569949	3.2571684938972e-05	0.0337794651057474	0.999980916292842	0.0373746111079434	0.0971251809209899	0.990828871224787	0.000112745434897653
Tannerella_forsythia	1.309	0.463	1.016	0.65	0.165	0.397	1.32326337656967e-13	0.0189597800406398	1.08246744900953e-13	6.89862500125038e-07	0.569410191724899	3.73450927461078e-08	7.96834685456086e-13	0.114170849375157	8.81892598163644e-13	3.67484447181991e-06	0.990828871224787	3.23268459083496e-07
Coprococcus_catus	1.95	0.482	2.065	0.678	0.223	0.494	1.19932966022596e-23	0.569282125756472	4.10782519111308e-15	1.54321000422897e-14	0.381036508417095	0.00792014148261917	2.21476210588393e-22	0.999980916292842	6.69333869375484e-14	3.88608337428567e-13	0.990828871224787	0.0137117449417844
Streptococcus_parasanguinis	1.092	0.761	0.874	0.804	0.103	0.41	1.17150626282297e-05	0.359425100242606	6.57236168244424e-06	0.00336647908936238	0.761099607444261	1.41446867984079e-07	3.56601356925234e-05	0.888935292564303	3.03424031006176e-05	0.00825234254649009	0.990828871224787	1.01482869523408e-06
Bifidobacterium_adolescentis	0.816	0.969	0.593	0.757	0.05	0.2	0.00553814934571477	0.46575899645856	0.00445928654797478	0.124830157183953	0.599258194894241	1.12262008839793e-13	0.0107277438375034	0.999980916292842	0.0127342512761754	0.17195306378132	0.990828871224787	1.55482882243113e-11
Prevotella_intermedia	0.704	0.513	1.142	0.814	0.067	0.267	8.00361940529383e-08	0.00122490492073946	0.000156935384102219	3.75899701365867e-08	0.907391774637988	2.42514321558027e-07	3.41077319271752e-07	0.00969424751556655	0.000595494539675544	2.36645948359875e-07	0.995274663330216	1.46035797981681e-06
Tistrella_mobilis	0.104	0.191	0.184	0.319	0	0	0.0242031863372472	0.190892941738461	0.172602522517864	0.0187239156247911	0.957770464739983	0.0205279999385777	0.0351009561016622	0.598093894825307	0.216338908314246	0.0370466044861939	0.995274663330216	0.0321257400168702
Streptococcus_pasteurianus	0.365	0.361	0.475	0.549	0	0	0.000456303721762814	0.377754599940362	0.00172324569689752	0.000386274794100028	0.251824501059848	0.685224220987155	0.00111854983122389	0.907583502147406	0.00548665583954729	0.00115051739748073	0.990828871224787	0.750225728116371
Variovorax_paradoxus	0.192	0.274	0.428	0.525	0	0	0.00011594106150806	0.00270795705772409	0.0775101151145221	0.000148193841463362	0.644967600681082	5.87494036787584e-05	0.000308804558055122	0.0182952220729164	0.112657334475466	0.00047183556419944	0.990828871224787	0.000180817609100179
Eggerthella_lenta	1.512	0.635	1.425	0.766	0.28	0.452	3.51185015433085e-10	0.804622145919551	1.56067936352144e-10	2.11593811028088e-07	0.0927118694783413	8.33123710506868e-08	1.73711159419579e-09	0.999980916292842	1.02930519927486e-09	1.22107261780792e-06	0.990828871224787	6.23716940028115e-07
Streptococcus_sp._I.G2	0.348	0.435	0.304	0.44	0.05	0.201	0.0331528988161389	0.875120899873778	0.0247396238705326	0.132570392682514	0.497811057417791	8.54826996472428e-05	0.0452381919806427	0.999980916292842	0.0489491129438396	0.180896545680081	0.990828871224787	0.000249249555813539
Heliobacterium_modesticaldum	0.257	0.311	0.29	0.378	0	0	0.00588586293704584	0.878054844706089	0.00672007457593171	0.00915457481891369	0.438529746019643	7.04273263770279e-05	0.0112440278176669	0.999980916292842	0.0170776207113127	0.020125533530469	0.990828871224787	0.000214377685785019
Streptococcus_gordonii	0.277	0.391	0.385	0.495	0.085	0.237	0.0621942475520665	0.421048775020014	0.183807057741972	0.0486026979689068	0.829059747783312	0.0111756072351276	0.0745792492291013	0.955987792463474	0.227297120511278	0.0801365912939714	0.990828871224787	0.0188758731959168
.Ruminococcus._torques	2.374	0.446	2.371	0.745	0.396	0.708	2.66349263520484e-26	0.999628599449879	1.66533453693773e-15	1.0325074129014e-14	0.278509653322803	0.000148091850259569	7.37787459951741e-25	0.999980916292842	4.02156940227682e-14	3.88608337428567e-13	0.990828871224787	0.000414358005271724
Rickettsia_africae	0.158	0.21	0.177	0.245	0.308	0.429	0.0876281800715531	0.931815440364535	0.0703633683962949	0.220699404013816	0.779843649580451	0.0231468637881794	0.0998889130856798	0.999980916292842	0.105395575692742	0.27537718428751	0.990828871224787	0.0357832166722761
Desulfurivibrio_alkaliphilus	0.207	0.282	0.091	0.203	0	0	0.00335401762067463	0.0866966150575071	0.0079701707290335	0.482697340364782	0.682366536318691	0.000493209969331061	0.00698543519493889	0.363863066226204	0.0195374981587812	0.5224512846169	0.990828871224787	0.0011480601807118
Mycoplasma_hyopneumoniae	0.87	0.423	1.119	0.5	1.697	0.219	1.00377003002127e-10	0.0186448918631459	8.62481197572151e-11	7.90672927050151e-05	0.890154415691607	3.79526335244109e-05	5.34700573684409e-10	0.114170849375157	5.82700711530453e-10	0.000263875181678183	0.990828871224787	0.000123680935132492
Faecalitalea_cylindroides	1.629	0.457	1.551	0.615	0.314	0.456	4.73701905998458e-17	0.735876986819767	2.80886425230165e-14	1.13364873044475e-12	0.341283567508378	5.08352314320217e-05	3.85927729298744e-16	0.999980916292842	2.73895489621978e-13	1.20777191666613e-11	0.990828871224787	0.000158631581460092
Streptococcus_salivarius	1.238	0.836	1.011	0.832	0.15	0.44	8.67761489259442e-06	0.389720776440612	4.67472330434315e-06	0.00238133211973779	0.646491810767566	3.49071630140082e-05	2.73147650596438e-05	0.907583502147406	2.27175150053167e-05	0.00599662724697607	0.990828871224787	0.000117896508587248
Desulfovibrio_gigas	0.407	0.346	0.341	0.415	0	0	0.000117437916436128	0.6400732589806	6.46825684078589e-05	0.0054247476326732	0.880129340770071	0.00144292792085763	0.000309812408121975	0.999980916292842	0.000259667702159086	0.0128432059337648	0.990828871224787	0.00291745280348586
Propionibacterium_freudenreichii	0.25	0.412	0.117	0.236	0	0	0.0181856533716037	0.202313234975971	0.0302027083594411	0.55645816709082	0.846856783209409	0.00366100964863382	0.0283001459771585	0.615832594377405	0.0569125865004434	0.590570545150028	0.990828871224787	0.00671589187199713
Treponema_primitia	0.15	0.194	0.219	0.263	0	0	0.00271635104296806	0.235709969494457	0.0171261923734223	0.00179334153892752	0.674453507177085	0.443898520587854	0.00578791722232425	0.679539991911941	0.0368372205008335	0.00464257575965348	0.990828871224787	0.508098719846428
Bifidobacterium_thermophilum	0.292	0.372	0.326	0.388	0.05	0.201	0.0339890840072006	0.899449691525434	0.0379941209761677	0.0428974348667708	0.73850080035993	0.000241113938224618	0.0461518444607576	0.999980916292842	0.0670342134420284	0.0728993218288068	0.990828871224787	0.000618412600816844
Geobacter_sp._M18	0.17	0.278	0.264	0.386	0	0	0.0160415472140265	0.285365543545314	0.0768662856614346	0.0113901002542142	0.572093092967123	0.000161624136428173	0.0258343521993334	0.767439374388853	0.112655878985277	0.0240844104612009	0.990828871224787	0.000447698857906038
Geobacillus_sp._C56.T3	0.118	0.243	0.825	0.494	0.191	0.349	2.55957777307297e-18	2.63122856836162e-14	0.668344318876792	6.86314349795936e-09	0.109247975282396	0.507315875257966	2.53215372550433e-17	7.74420931422397e-13	0.714792958798731	4.75272687233685e-08	0.990828871224787	0.568933188042335
Aeromonas_hydrophila	0.096	0.192	0.167	0.238	0	0	0.0226163831560029	0.19765054889114	0.156451580783861	0.0171805933838798	0.58974780024503	0.0313804397812743	0.0331467626148825	0.608324467142729	0.198793981087751	0.0342375853765086	0.990828871224787	0.0467332355882419
Desulfovibrio_vulgaris	0.622	0.428	0.559	0.542	0.05	0.201	1.76823295299453e-05	0.776300966457405	9.09189694819901e-06	0.000838706791717381	0.752299288132593	8.28049122788384e-12	5.26667234386544e-05	0.999980916292842	3.99754834071607e-05	0.00234668465965368	0.990828871224787	3.27670867160546e-10
Ralstonia_solanacearum	0.156	0.233	0.198	0.29	0	0	0.0222152240424507	0.678062457040507	0.0379324102742095	0.0207804973730044	0.96718237110563	0.000211508519914485	0.0327320056370151	0.999980916292842	0.0670342134420284	0.0402531312749805	0.995274663330216	0.000547550093610395
Enterococcus_faecalis	0.62	0.383	0.549	0.513	0	0	2.01351324137359e-07	0.678252389863963	9.02082288867234e-08	4.67527676499824e-05	0.350968757023035	0.000692562048247417	8.202105409713e-07	0.999980916292842	5.31652753226008e-07	0.000161881457988064	0.990828871224787	0.00151054871940578
Candidatus_Carsonella_ruddii	0.343	0.294	0.714	0.407	1.148	0.432	4.18513281899835e-16	2.50432562864944e-06	3.76365605347928e-14	0.000192793989818862	0.806093027296264	0.330906446097539	2.89820447715636e-15	3.15317363243589e-05	3.15919008125382e-13	0.000606862899770737	0.990828871224787	0.39171404089324
Clavibacter_michiganensis	0.133	0.223	0.032	0.119	0	0	0.00622138170040821	0.0432025809042512	0.0318589875426781	0.855972558914326	0.37186004449116	0.0294082691400354	0.0118035803494046	0.217583907463229	0.0592277822102137	0.878164440071364	0.990828871224787	0.0440329219015666
Allochromatium_vinosum	0.123	0.186	0.129	0.263	0	0	0.0576349272537655	0.990081691595553	0.0524924686434112	0.0911622768197583	0.7993838079576	0.289575868297828	0.0701185702782228	0.999980916292842	0.0855318459660288	0.130164694222026	0.990828871224787	0.345743601372838
Geobacillus_sp._Y4.1MC1	0.088	0.198	0.465	0.464	0	0	2.24240026301863e-10	8.68758731620289e-10	0.423134216590599	1.86737140528415e-07	0.0324696191340405	0.749825677729944	1.12935431428393e-09	1.50403855411763e-08	0.476456008112178	1.10055718992278e-06	0.990828871224787	0.814516520514488
Butyrivibrio_fibrisolvens	0.525	0.373	0.676	0.481	0.05	0.201	2.50503632596723e-06	0.15962549551106	2.85484198003783e-05	2.00026521646191e-06	0.669600031769001	0.999847762818493	8.78348180117623e-06	0.552703278207045	0.000119816852798557	9.39107567728725e-06	0.990828871224787	0.999898642035521
Cellulosilyticum_lentocellum	0.368	0.325	0.45	0.455	0	0	8.27661389994653e-05	0.495265741320774	0.0002257775120168	0.000102901981614001	0.0805776795830865	0.00141902892430829	0.000222873872016535	0.999980916292842	0.000812212608164334	0.000331440103570677	0.990828871224787	0.00289022802965733
.Clostridium._sticklandii	0.243	0.265	0.232	0.292	0	0	0.00204971854201899	0.977346071765323	0.00140361388820021	0.0109115615976322	0.0322362646878432	0.858674579779591	0.0045061272709465	0.999980916292842	0.00457412996507597	0.0232500197118778	0.990828871224787	0.897557956977157
Bacillus_coagulans	0.146	0.216	0.18	0.245	0	0	0.0195456785279296	0.736795191992377	0.0297571666839114	0.019931540008516	0.987205104306885	0.78581419265222	0.0295855352581229	0.999980916292842	0.0564570902153661	0.0388805393123869	0.996590484230865	0.8436842300956
Lachnoclostridium_phytofermentans	0.543	0.357	0.565	0.493	0	0	7.93326532995099e-07	0.956325321603564	7.08673475346977e-07	8.96461964938755e-06	0.995103916480269	0.100358398552625	3.01029383068003e-06	0.999980916292842	3.77504908982909e-06	3.54742806125764e-05	0.996809323716691	0.131750125114109
Dickeya_dadantii	0.174	0.246	0.213	0.324	0.295	0.356	0.255553490520644	0.795583395786001	0.241075383819455	0.608716983455677	0.813861840210662	0.38297302932246	0.267125724053655	0.999980916292842	0.286600349004245	0.641120168886778	0.990828871224787	0.447609827520344
Runella_slithyformis	0.169	0.225	0.095	0.224	0	0	0.00834066520583256	0.240936455524074	0.0106224964329793	0.331803611039499	0.708503499490076	0.0359098024547198	0.0147156959364052	0.681014267144577	0.025148987281498	0.384558996895152	0.990828871224787	0.053192595079986
.Eubacterium._siraeum	2.115	0.77	2.11	0.932	0.546	0.63	7.21435711604256e-11	0.999590823282634	4.8853920908698e-11	1.14398132078364e-08	0.765136948050085	8.06683076809922e-08	3.99675384228758e-10	0.999980916292842	3.56119370834456e-10	7.54482918707304e-08	0.990828871224787	6.20697811878746e-07
Pusillimonas_sp._T7.7	0.143	0.228	0.153	0.334	0	0	0.0785460745976153	0.980782521194478	0.0745535000112647	0.11111011831185	0.679098620724437	2.94720960038601e-05	0.0914170700148716	0.999980916292842	0.11043486365305	0.155193284997646	0.990828871224787	0.000103338868266699
Escherichia_coli	1.638	1.009	2.676	1.125	1.564	0.579	1.05100878262112e-05	9.33190556329233e-06	0.958658276823107	0.00148252455263098	0.36936748469414	2.67583687181593e-10	3.27111722231519e-05	9.94206861935375e-05	0.976280671617649	0.00398698350561924	0.990828871224787	4.94137875662008e-09
Streptococcus_agalactiae	0.105	0.21	0.561	0.679	0.059	0.238	4.77498721865897e-08	5.36998187028459e-08	0.881749514360845	4.30459585937237e-05	0.986929219316224	0.0212578767503353	2.06667415557584e-07	7.43742489034416e-07	0.907972548245182	0.000150933297853943	0.996590484230865	0.0330810778642858
Erwinia_billingiae	0.256	0.269	0.193	0.308	0	0	0.00170646707366513	0.500872223599121	0.00119305936526237	0.0531225303490691	0.348422499320378	0.465885863825592	0.00381202725326808	0.999980916292842	0.00393425528782949	0.0853300450984724	0.990828871224787	0.526736262366078
Thermaerobacter_marianensis	0.231	0.272	0.247	0.368	0	0	0.00768646446564339	0.964690143453546	0.0071808238909582	0.0153097605457554	0.511074867422051	0.00113658854230688	0.0140075701117317	0.999980916292842	0.0180722023945405	0.0309547713224397	0.990828871224787	0.00238246573038546
Desulfotomaculum_ruminis	0.096	0.18	0.195	0.272	0	0	0.00512956166782389	0.049201902950583	0.15640513730638	0.0045838148052898	0.965538845407909	0.313711908363077	0.0100062576196283	0.239186000370334	0.198793981087751	0.0110410147918719	0.995274663330216	0.372953642131212
Acinetobacter_baumannii	0.451	0.484	1.435	0.676	0.472	0.416	8.24569833171621e-15	3.47499806707674e-14	0.987625034581502	4.83429297704063e-08	0.019895779041898	0.442823120740286	5.19104190428498e-14	7.94851364214712e-13	0.991203386156073	2.97577589920057e-07	0.990828871224787	0.508098719846428
Odoribacter_splanchnicus	2.57	0.524	2.322	0.83	0.508	0.636	1.133383365007e-23	0.141041760259172	2.33146835171283e-15	3.1641356201817e-14	0.55362172549221	3.29688816848733e-05	2.21476210588393e-22	0.514060099891981	4.61297666731753e-14	4.41308101173377e-13	0.990828871224787	0.000112745434897653
Faecalibacterium_prausnitzii	3.134	0.617	3.18	0.737	1.178	0.704	1.71135398275459e-20	0.941142152814868	1.67643676718399e-14	3.07531777821168e-14	0.959312139068961	0.000568641161109199	2.06106544879574e-19	0.999980916292842	2.11078629322711e-13	4.41308101173377e-13	0.995274663330216	0.00130176530270453
Streptococcus_equi	0.099	0.185	0.422	0.472	0.092	0.258	3.53039022250807e-07	2.63323721494402e-07	0.994549468398858	0.000371213989062813	0.0124945222950681	0.821859845119512	1.41727259657208e-06	3.47336527875949e-06	0.994549468398858	0.00111767690185217	0.990828871224787	0.868912889687423
Mycobacterium_tuberculosis	0.182	0.206	0.112	0.222	0.339	0.432	0.0129150799701508	0.36944184759789	0.0467832238942523	0.00939359038998211	0.216509123791054	0.999846625367362	0.021551067179107	0.899341353616021	0.0799935371525178	0.0203283167033207	0.990828871224787	0.999898642035521
Desulfatibacillum_alkenivorans	0.17	0.264	0.121	0.23	0.05	0.201	0.183326554306973	0.644794006670619	0.188808201127796	0.642537601990797	0.843722139235611	1.17827345795673e-05	0.197593212229694	0.999980916292842	0.230395910627311	0.671633644345097	0.990828871224787	4.53307983130576e-05
Thiobacillus_denitrificans	0.135	0.233	0.137	0.295	0	0	0.093850728971795	0.999576536022779	0.0827338758820447	0.150749346247747	0.186378496108582	0.0065490834035558	0.105249602935981	0.999980916292842	0.116924916425135	0.200581851304079	0.990828871224787	0.0114816209037022
Paenibacillus_terrae	0.151	0.212	0.114	0.211	0	0	0.0211856161652116	0.662381086022258	0.0164987294600721	0.171264149892833	0.594545159945008	0.569377055420404	0.0317211658257492	0.999980916292842	0.0368372205008335	0.222723800564857	0.990828871224787	0.630869777405808
Bacillus_cereus	0.169	0.371	0.706	0.871	0.085	0.237	3.11799643861711e-06	4.13206405924793e-06	0.806007759959755	0.00031796854637256	0.175471944899131	2.87311971388238e-05	1.06627779444067e-05	4.76909060171532e-05	0.836195316512555	0.000978636526057768	0.990828871224787	0.000102032584710951
Prevotella_dentalis	1.046	0.596	1.182	0.801	0.213	0.5	3.79593240508287e-06	0.574880240778003	8.6701016572821e-06	8.57004297660779e-06	0.691139643454496	2.63070195113483e-12	1.28228448318043e-05	0.999980916292842	3.87357767591475e-05	3.44043754278313e-05	0.990828871224787	1.82176110116087e-10
Thioflavicoccus_mobilis	0.204	0.271	0.096	0.21	0	0	0.00317009803414843	0.102652160405684	0.00650787940906006	0.418215929621325	0.178766790880724	3.90841125344521e-05	0.00665240269287208	0.412096354092385	0.0166915055213855	0.46550057514588	0.990828871224787	0.000125887199674921
Fusobacterium_nucleatum	0.138	0.31	0.321	0.53	0.044	0.177	0.0206922331941941	0.0424380663688454	0.589491376956174	0.0353091742749	0.262459246367356	0.000620339160042286	0.03115080758039	0.217583907463229	0.642870517389213	0.0620669965604238	0.990828871224787	0.00138575763977188
Singulisphaera_acidiphila	0.105	0.187	0.123	0.304	0	0	0.126677096741911	0.918607926054042	0.139604536890963	0.139525422046474	0.186464823539526	0.0444921837221688	0.13979902708171	0.999980916292842	0.181551439994351	0.188529472716455	0.990828871224787	0.0635274994383544
Olsenella_uli	0.619	0.436	0.699	0.547	0.05	0.201	7.70112138134818e-06	0.678771927524013	1.36118791815854e-05	2.03551687351089e-05	0.747919832075783	1.59297913202375e-07	2.45196623291201e-05	0.999980916292842	5.89139145827991e-05	7.41892334161206e-05	0.990828871224787	1.05060766564423e-06
Vibrio_nigripulchritudo	0.12	0.196	0.102	0.218	0.05	0.201	0.430441851980977	0.909712100804178	0.404230531641347	0.688545136979877	0.796685800951038	0.00289622343735338	0.440114716432882	0.999980916292842	0.457027988835319	0.717018808057992	0.990828871224787	0.00538425430971064
Geobacillus_sp._WCH70	0.286	0.364	1.197	0.528	0.363	0.449	7.9162847074734e-19	2.40918396343659e-14	0.754131948047644	1.95800098357068e-09	0.00630616914233975	0.850558491013548	9.13671193320889e-18	7.74420931422397e-13	0.791267233368172	1.50657297902522e-08	0.873404426214055	0.895290925988623
Pelotomaculum_thermopropionicum	0.12	0.229	0.143	0.229	0	0	0.0849886035156238	0.873672207320909	0.101098424065491	0.0908473042246982	0.204486151895862	0.112016321389306	0.0976839965718996	0.999980916292842	0.13795203677902	0.130164694222026	0.990828871224787	0.145971496092393
Desulfovibrio_aespoeensis	0.186	0.273	0.163	0.279	0.05	0.2	0.171858404434231	0.912854850902304	0.14622513757907	0.37306312257449	0.625030299216908	0.00884007674942262	0.186685404032479	0.999980916292842	0.189272724810292	0.42007514208591	0.990828871224787	0.0152093245937271
Geobacillus_thermodenitrificans	0.399	0.427	1.341	0.521	0.451	0.489	1.00000497423214e-16	3.06421554796543e-14	0.904945428348987	1.06038009484166e-08	0.0954888286154898	0.999812663517144	7.91432508178009e-16	7.74420931422397e-13	0.928406976491368	7.16403137246684e-08	0.990828871224787	0.999898642035521
Symbiobacterium_thermophilum	0.258	0.31	0.28	0.334	0	0	0.00477635897247821	0.937784512703054	0.00475039997079807	0.00924342490235697	0.969914955421984	2.74110661067062e-05	0.00958732924185844	0.999980916292842	0.0130283246723868	0.0201608558893928	0.995274663330216	9.86086404098391e-05
Aeromonas_salmonicida	0.216	0.233	0.228	0.367	0	0	0.00575412714626747	0.976162669568056	0.00515739928930536	0.012880971188274	0.23513753491531	0.180897068612484	0.0110687029133062	0.999980916292842	0.0137365346455537	0.026827285858285	0.990828871224787	0.227765854571173
Streptococcus_constellatus	0.108	0.247	0.528	0.576	0	0	1.3486824389951e-08	4.71625080100679e-08	0.442280067287159	2.57535606984494e-06	0.469178795297287	0.148341155441183	6.02556509034907e-08	6.87579722041517e-07	0.493998300961867	1.16946496942139e-05	0.990828871224787	0.189357143120772
Bifidobacterium_bifidum	0.902	0.528	0.908	0.573	0.05	0.201	2.95622441384312e-08	0.998360239356678	2.11739313860093e-08	1.0998217441216e-06	0.249985545510176	7.11416706399702e-09	1.29980025815007e-07	0.999980916292842	1.30337310976102e-07	5.53910223857605e-06	0.990828871224787	7.57932414125836e-08
Clostridium_sp._SY8519	1.077	0.387	1.031	0.563	0.05	0.201	2.16952589190784e-15	0.859221152111825	3.1641356201817e-14	1.18957066419512e-11	0.212265749620386	0.00178702824982385	1.39757830711273e-14	0.999980916292842	2.73895489621978e-13	1.13624508269671e-10	0.990828871224787	0.00356120018130365
Lactobacillus_kefiranofaciens	0.106	0.197	0.222	0.371	0	0	0.00815041816162012	0.0560347284181534	0.209805844579483	0.00778311834075807	0.900212058362029	0.0148992064800365	0.0145655860049598	0.258693662863808	0.252679212819639	0.0173864820999192	0.995274663330216	0.0242769423233535
Lawsonia_intracellularis	0.447	0.306	0.786	0.405	1.239	0.178	1.08692060714423e-16	5.65339290126143e-06	3.07531777821168e-14	3.56531305768515e-05	0.790057277698388	0.00279732228889378	8.36325022719308e-16	6.26395933459767e-05	2.73895489621978e-13	0.000126614322689588	0.990828871224787	0.00530724845221629
Pelobacter_propionicus	0.207	0.281	0.261	0.328	0	0	0.00921842192148474	0.633245174183072	0.0173493605256063	0.0087678954488889	0.970432957159436	0.00020190741867625	0.0160597664921464	0.999980916292842	0.0369674835814842	0.0194296563147378	0.995274663330216	0.00052762599031435
Porphyromonas_asaccharolytica	0.493	0.385	1.628	1.004	0.309	0.487	2.17593865354147e-16	3.07531777821168e-14	0.457535197370171	4.06765732208214e-11	0.963629562115216	0.000187519320113821	1.62901353251618e-15	7.74420931422397e-13	0.508984938439909	3.63464863940888e-10	0.995274663330216	0.000494693825443127
Slackia_heliotrinireducens	0.534	0.449	0.477	0.465	0.051	0.206	0.000326533628942915	0.817905954456899	0.000187869208113756	0.0059567680459256	0.769205218380772	8.04624619749071e-07	0.000807587635867744	0.999980916292842	0.000693863608633471	0.0139832605823847	0.990828871224787	3.98001820840165e-06
Enterobacter_aerogenes	0.211	0.435	0.267	0.394	0.05	0.201	0.232753295202015	0.803085938848022	0.312955966610909	0.213673866001923	0.531333815756383	1.61420707610684e-05	0.246078865538009	0.999980916292842	0.359704575731211	0.267817470056709	0.990828871224787	6.12514191892594e-05
Desulfovibrio_magneticus	0.269	0.31	0.275	0.366	0	0	0.0048459065594323	0.995329062604414	0.0039854292215975	0.0132676992772468	0.979710269905281	1.38777410931929e-06	0.00965695048174637	0.999980916292842	0.0117442967487501	0.0272233533318323	0.996590484230865	6.30185948002366e-06
Geobacter_uraniireducens	0.116	0.188	0.122	0.237	0.051	0.206	0.464215201187463	0.987507654027981	0.462553186284455	0.500831994313919	0.514376787293298	0.28422586423048	0.471152643662053	0.999980916292842	0.512508930403176	0.537714970639362	0.990828871224787	0.342306801703665
Roseburia_intestinalis	2.481	0.612	2.285	0.638	0.435	0.594	4.57232853512383e-23	0.29849519406613	2.99760216648792e-15	2.94209101525666e-14	0.43087500752966	0.0405953010556337	7.91584377643314e-22	0.79503046881075	5.53557200078103e-14	4.41308101173377e-13	0.990828871224787	0.0590338509006784
Desulfarculus_baarsii	0.224	0.286	0.183	0.333	0.169	0.309	0.684790144705827	0.79407791864683	0.771145612434891	0.987855216910708	0.415100913899405	1.60115677597124e-06	0.687271268418529	0.999980916292842	0.806065413752698	0.998671149942577	0.990828871224787	7.03015962088792e-06
Treponema_succinifaciens	0.595	0.38	0.607	0.449	0	0	1.05795486985197e-07	0.988104309578134	8.25370993773333e-08	2.43100492869353e-06	0.696610395002783	3.38545808078624e-08	4.44020452953026e-07	0.999980916292842	4.97016881033072e-07	1.12231394208018e-05	0.990828871224787	3.02507060767029e-07
Paenibacillus_sp._Y412MC10	0.119	0.199	0.166	0.282	0	0	0.039927521656356	0.549967671655721	0.0882460857441199	0.0323097498757482	0.41352316861221	0.188394575118894	0.0519245234685944	0.999980916292842	0.122835003774478	0.05774064977795	0.990828871224787	0.234014786134231
Burkholderia_mallei	0.11	0.17	0.2	0.342	0.047	0.189	0.0553130614921684	0.127741040776736	0.526331241751907	0.0641657332438309	0.106526225626094	0.464650069792908	0.0680965245925807	0.491448170766055	0.580851609423419	0.0971251809209899	0.990828871224787	0.526736262366078
Desulfotomaculum_kuznetsovii	0.235	0.262	0.21	0.314	0	0	0.00444600838717403	0.895397089855077	0.00293978634485503	0.0294409340031248	0.971808279167996	2.04474245845941e-06	0.00904235194995891	0.999980916292842	0.00904800908360938	0.0532909618266344	0.995274663330216	8.71374863066548e-06
Caldanaerobacter_subterraneus	0.146	0.244	0.288	0.331	0.859	0.389	7.39594459932021e-16	0.0492187798595994	2.94209101525666e-14	3.40656891584246e-09	0.0773913429882555	0.469448477318586	4.9967723268578e-15	0.239186000370334	2.73895489621978e-13	2.41953740945733e-08	0.990828871224787	0.528606618769302
.Clostridium._clariflavum	0.154	0.236	0.132	0.256	0	0	0.0465727246663368	0.89959991840693	0.0356091343940895	0.156244697395704	0.791744566521765	0.130927345929054	0.0594499757261534	0.999980916292842	0.0640501962802779	0.205117446344123	0.990828871224787	0.168683138708595
Oceanimonas_sp._GK1	0.118	0.223	0.24	0.373	0	0	0.00774929808818884	0.059922694915673	0.188267566184648	0.00706935983948176	0.579283031349937	0.00419704826118957	0.0140297749701197	0.267719136961959	0.230395910627311	0.0162360084420721	0.990828871224787	0.00764856821282573
Streptococcus_intermedius	0.125	0.235	0.587	0.563	0.05	0.2	6.44164003404433e-10	1.29089050560083e-09	0.661065730204522	1.12209482239223e-06	0.0872811971700552	0.424578470613264	3.13041103408821e-09	2.10339217677311e-08	0.709748865374622	5.55036188933298e-06	0.990828871224787	0.492084670961816
Geobacter_metallireducens	0.141	0.226	0.088	0.187	0	0	0.0327016300482031	0.454538002881552	0.0329812841227556	0.365757433987493	0.873212839887658	0.0799906419871619	0.0450029070916891	0.999980916292842	0.0605020907417437	0.413529833528716	0.990828871224787	0.108084916246068
Oscillibacter_valericigenes	1.429	0.461	1.47	0.671	0.156	0.343	2.67002783239124e-16	0.921532738012926	2.98649993624167e-14	1.70419234279962e-13	0.513352971334023	3.09302301293239e-10	1.89640438351891e-15	0.999980916292842	2.73895489621978e-13	2.05244034328475e-12	0.990828871224787	5.03980808577807e-09
Bifidobacterium_breve	0.538	0.513	0.764	0.917	0.104	0.224	0.00244395605242204	0.180072156903803	0.0207965024706219	0.00155831813084617	0.950995449788365	5.82071760307072e-07	0.00528887364469458	0.583866370524413	0.0429897849579274	0.00415052040619605	0.995274663330216	3.10065149240498e-06
Bacteroides_fragilis	3.201	0.498	3.017	0.505	0.848	0.617	1.21106415810214e-34	0.221784116488105	1.66533453693773e-15	1.66533453693773e-15	0.934748680944395	2.35854240643517e-08	6.70929543588587e-33	0.653555321991543	4.02156940227682e-14	1.94770125953407e-13	0.995274663330216	2.17772082194181e-07
Bifidobacterium_asteroides	0.164	0.258	0.136	0.258	0	0	0.0475419357676002	0.853954853307183	0.0365950640050637	0.180732241744458	0.540426982558148	0.0115460813345903	0.0604087899432351	0.999980916292842	0.0653989208348558	0.231772365570439	0.990828871224787	0.0193834213920092
Pseudomonas_aeruginosa	0.327	0.34	0.527	0.408	0.395	0.468	0.0407896439323861	0.0318053189194825	0.774403493120492	0.482843064483489	0.0900155704814251	0.0142045876304664	0.0526075181358216	0.172746536092091	0.806427697723219	0.5224512846169	0.990828871224787	0.0232820755836639
Coprococcus_sp._ART55.1	1.53	0.656	1.427	0.732	0.091	0.277	6.33221364867393e-13	0.73365488084568	2.91877633173954e-13	2.22822416073853e-09	0.812890607609876	8.01448267838533e-08	3.65421495975558e-12	0.999980916292842	2.31000298254815e-12	1.66815700682317e-08	0.990828871224787	6.20697811878746e-07
Bifidobacterium_longum	1.466	0.779	1.241	0.681	0.111	0.244	9.34825457881848e-10	0.315211626688148	3.73386321861346e-10	5.34783075001322e-06	0.456068803550225	2.08760448226741e-07	4.46459744540124e-09	0.821449443408562	2.40530258501379e-09	2.21096883246815e-05	0.990828871224787	1.3448056781118e-06
Megasphaera_elsdenii	0.471	0.558	0.527	0.661	0.067	0.267	0.0191316521388189	0.886802345539401	0.0217556698765561	0.0254709222471924	0.551445374235592	2.42924589295995e-09	0.0291179540794111	0.999980916292842	0.0443111805573973	0.0476719288004884	0.990828871224787	3.0586414197723e-08
Deinococcus_proteolyticus	0.123	0.176	0.123	0.234	0	0	0.0384945661377917	0.999962665690568	0.0321112161872135	0.0778870634148384	0.21330924389287	0.00242252200357472	0.0505355204747313	0.999980916292842	0.0592987125590542	0.114759130669735	0.990828871224787	0.00465999024298748
Lactobacillus_ruminis	0.341	0.428	0.358	0.406	0.123	0.338	0.134277372139034	0.980985862803546	0.12976223297209	0.173136807970376	0.335520482640931	0.000167215158117722	0.147015146571195	0.999980916292842	0.171981524082627	0.224106989756048	0.990828871224787	0.000454103909790285
Emticicia_oligotrophica	0.159	0.259	0.102	0.207	0.063	0.174	0.239029464309527	0.515316118674419	0.308906424352609	0.865914430223396	0.460347850094743	0.0107262300017384	0.251753466211935	0.999980916292842	0.356529498106969	0.885085967423914	0.990828871224787	0.0183405290770465
Alkaliphilus_oremlandii	0.151	0.221	0.162	0.259	0.05	0.2	0.225641546137055	0.973439531188053	0.226167704694747	0.260205081882051	0.198291154703195	0.286343560088222	0.239473978084154	0.999980916292842	0.270036440519159	0.314745885071302	0.990828871224787	0.343364355603626
Unclassified	3.661	0.214	3.685	0.332	2.472	0.229	3.16454360744542e-38	0.892012088743347	1.66533453693773e-15	1.66533453693773e-15	0.91541003465557	2.39655296630696e-07	2.92192859754127e-36	0.999980916292842	4.02156940227682e-14	1.94770125953407e-13	0.995274663330216	1.46035797981681e-06
Citrobacter_rodentium	0.148	0.243	0.246	0.375	0.087	0.24	0.1311756614803	0.215802972939091	0.687914946954543	0.154810307569487	0.716183430995811	0.0407056517040779	0.144189119960488	0.649754603305741	0.732894001178494	0.204202167603562	0.990828871224787	0.0590338509006784
Haliangium_ochraceum	0.172	0.296	0.21	0.317	0.05	0.2	0.205929905753385	0.820346518340686	0.269567499542842	0.192236057247181	0.648350362718483	1.46545659961601e-07	0.220241636655165	0.999980916292842	0.313740325098181	0.24426324705261	0.990828871224787	1.01482869523408e-06
Selenomonas_ruminantium	0.31	0.3	0.438	0.426	0	0	8.2314367502912e-05	0.139271207752733	0.00102440065695142	5.06920010046041e-05	0.421783585615253	3.83109873207148e-07	0.000222873872016535	0.514060099891981	0.00346047538994565	0.000173354126892288	0.990828871224787	2.08081244859569e-06
Myxococcus_stipitatus	0.12	0.219	0.109	0.199	0	0	0.0930024178668669	0.966341986325369	0.0757312798710925	0.202796606837311	0.424505330408903	0.000428372864212217	0.104722234752529	0.999980916292842	0.111582790022833	0.255339364063342	0.990828871224787	0.00100558714734563
Alicyclobacillus_acidocaldarius	0.137	0.213	0.269	0.326	0	0	0.000920757558969329	0.0219922489949673	0.0705131444669505	0.000759742735918056	0.336462799109685	0.00218525333678932	0.00214327599860928	0.126913603575124	0.105395575692742	0.00216957461700311	0.990828871224787	0.00423297324678771
Prosthecochloris_aestuarii	0.208	0.297	0.123	0.295	0	0	0.0161778998838629	0.333647212809828	0.0181398253576009	0.343972349767845	0.316878634848008	3.1742328804545e-07	0.0259033425886128	0.840184344984749	0.0377799370229734	0.397001420357054	0.990828871224787	1.79441328139979e-06
Histophilus_somni	0.307	0.309	0.526	0.404	0.379	0.415	0.0120466212420718	0.00868183713088322	0.712329545147541	0.354320791293786	0.115005060609491	0.35373589771242	0.0204718655463429	0.0559271833780152	0.753111771014767	0.407248378375015	0.990828871224787	0.41519001553534
Granulicella_tundricola	0.156	0.262	0.205	0.391	0	0	0.0594854649543949	0.695236744891757	0.0976030654531688	0.0530944789783127	0.768045946557047	4.08622116494383e-08	0.0716411904015973	0.999980916292842	0.13384182737885	0.0853300450984724	0.990828871224787	3.4299492808771e-07
Streptococcus_sanguinis	0.259	0.343	0.251	0.409	0	0	0.0187173593804763	0.992807286850981	0.014475993163357	0.0511950082741752	0.444747948490021	0.0275802899008317	0.0289648522256533	0.999980916292842	0.0336962193802512	0.0834177487761561	0.990828871224787	0.0419765950688482
Desulfomicrobium_baculatum	0.18	0.268	0.226	0.263	0.05	0.201	0.0947036635718873	0.689914485187469	0.15609579154422	0.0826148952397142	0.234135505427065	1.99141762461151e-05	0.105777882296019	0.999980916292842	0.198793981087751	0.119813225033512	0.990828871224787	7.45436056780254e-05
Geobacillus_sp._JF8	0.374	0.403	1.336	0.547	0.648	0.449	7.66289810212054e-18	2.76445533131664e-14	0.0556247718564988	4.52797282790574e-06	0.114523824938826	0.853273662314067	7.07540924762463e-17	7.74420931422397e-13	0.0890639410650299	1.90037647474226e-05	0.990828871224787	0.895290925988623
Ferrimonas_balearica	0.16	0.237	0.213	0.297	0.032	0.128	0.0577149242723278	0.564919139628368	0.122513086437486	0.0469762120626382	0.772650690666105	0.0028810051400488	0.0701185702782228	0.999980916292842	0.163942632575766	0.0779186271937173	0.990828871224787	0.00538425430971064
Mobiluncus_curtisii	0.372	0.291	0.869	0.866	0	0	9.5073292983305e-09	2.9497612887841e-06	0.00765761157475231	2.67465224412788e-08	0.655580538674391	0.0286410225588299	4.31726264858615e-08	3.55253859562259e-05	0.0189389143411285	1.7229736549382e-07	0.990828871224787	0.0431171915695428
Desulfurispirillum_indicum	0.102	0.201	0.23	0.288	0	0	0.00138333038446276	0.0126883558115745	0.171159733063588	0.00167680697739658	0.0927928873022123	0.000616104600276323	0.00316679765699326	0.079878967268321	0.21550566390279	0.00438184464847975	0.990828871224787	0.00138575763977188
Alistipes_shahii	2.953	0.523	2.426	0.749	0.544	0.584	6.84691915469372e-31	0.000122363035501949	1.66533453693773e-15	2.65343302885412e-14	0.63300727646742	3.0480317677641e-09	3.1609943430836e-29	0.00116877795979448	4.02156940227682e-14	4.41308101173377e-13	0.990828871224787	3.67089043335068e-08
Dehalococcoides_mccartyi	0.187	0.275	0.271	0.426	0	0	0.0159831218801398	0.389900493702315	0.0540950291405796	0.0117784855708938	0.501603148904184	0.000413213393736151	0.0258343521993334	0.907583502147406	0.0871181573950032	0.024716973508618	0.990828871224787	0.000978291539016357
Polaribacter_sp._MED152	0.153	0.246	0.187	0.287	0	0	0.0378950469596647	0.789519844706815	0.0522590987133682	0.0389520293396018	0.471778285761589	0.000610315522643999	0.0499858289181374	0.999980916292842	0.0855318459660288	0.0674357007941857	0.990828871224787	0.00138571639157695
Thioalkalivibrio_sulfidiphilus	0.136	0.209	0.183	0.326	0	0	0.0352783873577819	0.596439586761944	0.0707710363857398	0.0296274661418834	0.863976457574114	0.0183897257549217	0.0476688453566126	0.999980916292842	0.105395575692742	0.0532909618266344	0.990828871224787	0.0291083087663617
Thermobacillus_composti	0.21	0.279	0.193	0.296	0	0	0.0159497676220633	0.950542066402561	0.0115643190483702	0.0595159844755517	0.496972047813549	5.09682698554087e-05	0.0258343521993334	0.999980916292842	0.02714674895253	0.0931408344617391	0.990828871224787	0.000158631581460092
Clostridium_cellulovorans	0.173	0.254	0.098	0.198	0	0	0.0127415064423176	0.276376228220422	0.0157153156563026	0.363529900878748	0.256175056409854	0.548498697176799	0.0213902865728605	0.75055112957899	0.0357567335517265	0.413529833528716	0.990828871224787	0.61017726553403
Azospira_oryzae	0.129	0.207	0.127	0.225	0	0	0.0575769067121057	0.998839013620786	0.0481467117532463	0.111492648788923	0.631627293447575	0.0574451963017082	0.0701185702782228	0.999980916292842	0.0813209704612757	0.155193284997646	0.990828871224787	0.0799614038973526
Rothia_mucilaginosa	0.348	0.465	0.348	0.589	0	0	0.021640146346518	0.999980916292842	0.0176545610763492	0.0494829741744023	0.394059420844032	2.207447529553e-05	0.0321706667264334	0.999980916292842	0.0373306367797613	0.0811052298598191	0.990828871224787	8.15283954248243e-05
Flavobacterium_psychrophilum	0.078	0.192	0.585	0.513	1.612	0.16	1.93370150270528e-43	1.57762691799235e-13	1.66533453693773e-15	8.54871728961371e-15	0.281865008238	0.187658035885955	2.67817658124681e-41	3.12144754488486e-12	4.02156940227682e-14	3.88608337428567e-13	0.990828871224787	0.234014786134231
Prevotella_ruminicola	0.7	0.62	0.897	0.779	0.128	0.514	0.0008337108955606	0.32886361703874	0.0036853373302298	0.000629832518206919	0.62528378240087	7.13856008561048e-12	0.00199084412129557	0.835735980914964	0.0109767574244479	0.00183645902677175	0.990828871224787	3.27670867160546e-10
Ruminococcus_albus	0.72	0.478	0.535	0.615	0	0	7.82282003490692e-07	0.179043217822033	4.78872740017344e-07	0.00163108177079674	0.649476620922026	1.19388643037849e-06	3.00961270787391e-06	0.583866370524413	2.70709691805723e-06	0.00430294905248282	0.990828871224787	5.6051956138109e-06
Catenulispora_acidiphila	0.117	0.214	0.153	0.311	0	0	0.0888473403298088	0.733102597962238	0.13559019333053	0.080326099787654	0.39436967068439	0.178632113328342	0.100863578980971	0.999980916292842	0.178002291718279	0.117726611858096	0.990828871224787	0.225941074849091
Streptococcus_sp._I.P16	0.315	0.46	0.212	0.377	0	0	0.0188228720558337	0.491981522767782	0.0168394317483546	0.24310664096964	0.61574111149378	7.9752703475254e-07	0.0289663086636997	0.999980916292842	0.0368372205008335	0.296654359244892	0.990828871224787	3.98001820840165e-06
Atopobium_parvulum	0.267	0.279	0.329	0.465	0	0	0.00262116334780967	0.630304565495285	0.00500170218635532	0.0028040118175735	0.687294482083443	0.0940846523838099	0.00562838951428898	0.999980916292842	0.013507355348504	0.00699739886007082	0.990828871224787	0.125295426491901
Adlercreutzia_equolifaciens	1.605	0.853	1.26	0.736	0.172	0.316	2.5161397095136e-09	0.107005460593902	1.34692934583569e-09	6.88990482553553e-05	0.726956454065964	1.29795925706994e-08	1.16161783255878e-08	0.42343589406444	8.47953247264741e-09	0.000232744345935773	0.990828871224787	1.28405255074419e-07
