Taxa	stoolMeans	swabMeans	Origin p-value	Time p-value	Individual p-value	Origin (adj p-value)	Time (adj p-value)	Individual (adj p-value)
Acetanaerobacterium	1.18069746104819	1.02329727764295	0.0294407240672293	0.738864268616969	0.00567987923512721	0.0588814481344586	0.87731482420995	0.00667532198767527
Acetivibrio	0.517285560968555	0.310282718643863	0.000493394996794511	0.292110231218154	2.3352092867966e-19	0.00144975090360699	0.775486621161699	8.06708662711551e-19
Acidaminococcus	0.415629457874042	0.471462352408618	0.340798167000618	0.0201394860996023	9.95795849729009e-35	0.441488534523527	0.382650235892445	8.10862334779336e-34
Acinetobacter	0.066800590562761	0.983448265262518	6.50587354172751e-24	0.361932634813939	0.131085959937191	8.24077315285484e-23	0.775486621161699	0.139661676942427
Actinomyces	1.32071691914401	1.00974196918985	0.00125458350907737	0.450190216089504	0.0800712825339402	0.0032505118189732	0.80149246696993	0.0869345353225636
Akkermansia	1.55388715270708	1.20507771374139	0.00336135874831885	0.335899582755349	4.32688982129835e-15	0.0075136254374186	0.775486621161699	1.04950093537875e-14
Alistipes	3.35748142926323	2.99679803380629	3.55546486210521e-07	0.491013358164803	5.52773871875725e-20	1.35107664759998e-06	0.80149246696993	2.03278133528492e-19
Allisonella	0.148572670317246	0.26938455462895	0.0141350905913915	0.498994534411943	0.00114394495711549	0.0287750058467613	0.80149246696993	0.00141749701207789
Allobaculum	0.520582386552989	0.665463951387759	0.0573122159389915	0.775679996564313	1.93576663752813e-15	0.102087384641329	0.886908862190933	4.9039421484046e-15
Anaerococcus	0.28546752243663	2.03064656239741	1.23281204486586e-44	0.97259294171384	0.00626346311112293	7.02702865573543e-43	0.989960672815873	0.00728606933334708
Anaerofilum	0.863198421402273	0.826256408400643	0.62443092820613	0.288381746473845	2.8223672727524e-07	0.691117726364066	0.775486621161699	4.59642670133962e-07
Anaerofustis	0.610288534815063	0.274511458768838	2.08604812770283e-07	0.486043625164933	0.000673891217291638	8.20032712269389e-07	0.80149246696993	0.000844215371112602
Anaerosphaera	0.0576194463536519	1.28697453760819	6.56107811078839e-33	0.924300910033208	0.0117773150660652	1.06851843518554e-31	0.984769193867156	0.0134261391753143
Anaerostipes	1.83882987588692	1.59393269335569	0.00398873854645975	0.0772740500038827	7.8182321055212e-07	0.00874454219800792	0.499442085296903	1.25532177468932e-06
Anaerotruncus	2.42201204788856	2.28648691059327	0.082260935161895	0.116906239352478	5.63817057601054e-16	0.135909371137044	0.538321781620648	1.53036058491715e-15
Anaerovorax	2.00550096030041	1.95704728520113	0.41836942274994	0.0478444905741769	3.84084041443225e-11	0.529934602149924	0.499442085296903	7.17796405320125e-11
Anoxybacillus	1.33380769364612	2.91284779535401	5.23960433539372e-37	0.11805302228523	0.00533058864131539	1.49328723558721e-35	0.538321781620648	0.00633007401156203
Aquabacterium	0.698391451913016	0.696727793099226	0.949309230378822	0.843793149920622	5.57793612948201e-45	0.949309230378822	0.930963551113482	1.58971179690237e-43
Asaccharobacter	1.38260819012181	0.736597657842674	8.04715447026489e-17	0.608738461208645	6.83573466948428e-18	6.55268292578713e-16	0.817901460745616	2.22649643520345e-17
Atopobium	0.35057595063366	0.489512280535925	0.0692143307670976	0.0552110429242633	0.158450721459927	0.12139128780691	0.499442085296903	0.167253539318812
Bacteroides	4.56553637644947	4.51522259397426	0.0538611358455999	0.431103212152918	1.77611561245446e-12	0.0974630077206093	0.796913749611748	3.8937919196117e-12
Barnesiella	1.77246445010699	1.75709840449829	0.944556820285486	0.554167159999173	9.88262891514031e-47	0.949309230378822	0.812916202886197	5.63309848162998e-45
Beijerinckia	0.332566678601308	0.302136429721441	0.610637955592054	0.332944403326585	0.000314028142482062	0.686110323517209	0.775486621161699	0.000402238294864664
Bifidobacterium	0.421941768931513	0.254100061762652	0.00214836658426802	0.899971723131592	1.24759281113037e-10	0.00521093171503307	0.967894117330202	2.22227469482597e-10
Bilophila	1.58788368583111	1.64545285556029	0.285383228025761	0.369135785327654	1.03083952997237e-30	0.39197214451731	0.775486621161699	6.91268861275592e-30
Blautia	3.64258018985084	3.57802901231105	0.199808664146444	0.0616845433398362	0.0643855816466429	0.284727346408682	0.499442085296903	0.0705765029588202
Butyricicoccus	2.62458210770332	2.56955187090397	0.234600249231812	0.109651422277942	1.3095714480983e-05	0.330178128548476	0.538321781620648	1.86613931354008e-05
Butyricimonas	1.50425552091043	1.49404273087332	0.934793373859881	0.433409232244986	8.22404507669841e-37	0.949309230378822	0.796913749611748	8.52310126130563e-36
Butyrivibrio	0.831159399691975	0.727293040967876	0.148571345077259	0.563336666912365	7.45648550908035e-16	0.217142735112916	0.812916202886197	1.97683569310502e-15
Campylobacter	0.332287450346593	1.48507890771635	8.80747946522641e-24	0.370316040729081	1.17392006555735e-05	1.00405265903581e-22	0.775486621161699	1.69401123384224e-05
Catenibacterium	0.512689647904836	0.440647077829359	0.337578834646593	0.763610756596929	1.16944463507699e-31	0.441488534523527	0.886908862190933	8.8877792265851e-31
Clostridium_IV	3.05247956685723	2.87232881841985	0.00323991328702551	0.849300081717563	4.45689734919374e-11	0.00738700229441816	0.930963551113482	8.19494028722721e-11
Clostridium_XI	1.90365827497832	1.67002542704538	0.00967998987191322	0.611793918262324	8.81053886869542e-16	0.0200639790072383	0.817901460745616	2.28273052507109e-15
Clostridium_XIX	0.376162892434447	0.392434629559169	0.543159469395741	0.374138282139416	4.75772328239586e-25	0.638352366093964	0.775486621161699	1.93707305068974e-24
Clostridium_XVIII	2.60864518541211	2.56704135726949	0.453837384514351	0.00469699193837254	2.76389568398882e-11	0.56236371559387	0.182275227314223	5.4324846202539e-11
Clostridium_XlVa	3.19110074546216	3.39804364315748	1.02495985644482e-07	0.0733340658805346	7.0702671251584e-18	4.17305084409677e-07	0.499442085296903	2.23891792296683e-17
Clostridium_XlVb	2.6107381450975	2.70949271957557	0.102244868292271	0.56104660619308	4.28428379165475e-15	0.16188770812943	0.812916202886197	1.04950093537875e-14
Clostridium_sensu_stricto	1.4155270373539	1.01922989823617	0.000125941415838877	0.701137073487887	1.16885321255334e-17	0.000410209183018056	0.870346322299377	3.60133151975895e-17
Collinsella	2.24332774798438	2.08291633710804	0.0529026730258201	0.996899505467416	3.57007987233408e-30	0.0972726568539272	0.996899505467416	2.26105058581158e-29
Coprobacillus	1.31184105879613	1.62591181323546	0.00082761071896473	0.287606840794409	1.67897034228722e-16	0.00230116151126779	0.775486621161699	4.66835656148154e-16
Coprococcus	2.79814103489275	2.8186795011415	0.596140291709705	0.506618606341818	5.6995296361208e-26	0.686110323517209	0.80149246696993	2.49902453276066e-25
Corynebacterium	0.10469664298147	0.830527794857671	7.87340338686069e-15	0.960955339455318	0.338313960665931	5.60979991313824e-14	0.989960672815873	0.341307889521382
Desulfovibrio	0.879323159057551	0.763671112724398	0.119027898078194	0.605197433917677	4.59571431896601e-37	0.183367302444785	0.817901460745616	5.23911432362125e-36
Dialister	1.4197366939501	2.09753892228951	1.32936901976884e-09	0.509059753437043	7.15318650187034e-20	6.06192273014592e-09	0.80149246696993	2.54832269129131e-19
Dorea	3.15837157207004	2.91451479164327	1.00677086264173e-06	0.0186579116278187	2.31806369223139e-06	3.70231865616637e-06	0.382650235892445	3.52345681219171e-06
Eggerthella	1.60491664555168	1.60988864980803	0.842709549251956	0.601187500274205	1.19066347839066e-14	0.881365950593789	0.817901460745616	2.77011503135785e-14
Enterobacter	0.508953080211361	0.78358763703631	0.00183156979490629	0.424782309654064	2.42518171823246e-12	0.00453910775259385	0.796913749611748	5.21642860148113e-12
Enterococcus	0.295582219376577	0.386169825235915	0.0891756572252985	0.342050656676243	1.50544929921228e-27	0.1452289274812	0.775486621161699	6.86484880440802e-27
Erysipelotrichaceae_incertae_sedis	2.15174996487089	2.33716913024752	0.0042371597845138	0.741344562887762	9.77017735855966e-28	0.0091138908572561	0.87731482420995	5.06272826761728e-27
Escherichia_Shigella	1.00838475855384	1.8355118785313	1.52382651750305e-13	0.990571276141588	3.83107470977347e-13	9.65090127751929e-13	0.996899505467416	8.73485033828352e-13
Ethanoligenens	0.953498084462802	0.699410873910001	0.000495967414391864	0.621099253247776	1.5758377035912e-16	0.00144975090360699	0.817901460745616	4.49113745523491e-16
Eubacterium	0.382292949880913	0.307902655231598	0.274747791349818	0.322390611844383	1.64718472973913e-06	0.381966441632674	0.775486621161699	2.60804248875362e-06
Faecalibacterium	3.578578260509	3.63902239303591	0.441390447638657	0.332861759203516	1.11725581325857e-36	0.552950670668208	0.775486621161699	1.06139302259564e-35
Finegoldia	0.306566928398801	2.08364078546124	6.43907590786357e-42	0.639944898728441	0.209583065267897	2.44684884498816e-40	0.820026261788065	0.215247472437299
Flavonifractor	2.6820242805492	2.67655736259231	0.923920089141367	0.960713777012247	1.32922483225673e-05	0.948890902361403	0.989960672815873	1.87076087502798e-05
Fusibacter	1.38585706303339	0.917692476290249	2.00762826004267e-10	0.00122953085027765	6.85259477671977e-29	1.04031646202211e-09	0.140166516931652	3.90597902273027e-28
Fusobacterium	0.346765689047877	0.996185636150521	1.47163545466838e-11	0.462351474540783	5.0387261822811e-08	7.98887818248552e-11	0.80149246696993	8.44727624676538e-08
Gemella	0.702744357626619	0.512159164333612	0.0492903931432795	0.746487174985659	0.276160505177205	0.0921164724317026	0.87731482420995	0.281091942769655
Gemmiger	0.952294162509916	0.883497425750579	0.0765238081721867	0.35222392484244	2.50621513450984e-40	0.128882092939712	0.775486621161699	5.71417050668242e-39
Geobacillus	1.64108745199689	3.12815089709108	1.86527279186887e-33	0.340295723726326	0.344228172221778	3.54401830455086e-32	0.775486621161699	0.344228172221778
Gordonibacter	1.42301954142501	0.860436711023219	7.16160766984107e-10	0.2188541488727	1.61031184009547e-09	3.40176364317451e-09	0.7338050873967	2.78144772380126e-09
Granulicatella	0.789141780236709	0.266339313566318	3.16493844591868e-13	0.52581053467491	0.00496964095814725	1.89896306755121e-12	0.810032445309997	0.0059635691497767
Haemophilus	0.548325112445859	0.494636428955119	0.509889733648349	0.170154611624203	2.33045590326651e-10	0.611867680378019	0.656494450917706	4.08726112265203e-10
Hallella	0.22981188598113	0.682307475504454	1.2349685529265e-06	0.138187719053533	2.89079875898502e-11	4.39957546980065e-06	0.583459258226026	5.58561116142869e-11
Hespellia	0.272628455618265	0.281447564777471	0.816230818792317	0.547510667519172	3.9107783972e-05	0.86157697539189	0.812916202886197	5.30748496762857e-05
Holdemania	1.46263194397761	1.50203786723448	0.603028173181681	0.660730593964491	1.14135171221649e-07	0.686110323517209	0.836925419021689	1.88571152453158e-07
Howardella	0.760253827316881	0.778053713981452	0.704709910821561	0.181711751223396	7.45889565071448e-49	0.757895564468472	0.656494450917706	8.50314104181451e-47
Hydrogenoanaerobacterium	0.72435668086105	0.66432290327754	0.398920441230434	0.640195941220507	3.61253396980146e-11	0.510976744946848	0.820026261788065	6.86381454262277e-11
Klebsiella	0.38018080613388	0.309137248460851	0.321618503476397	0.282633166654007	6.65723817151108e-28	0.43373340820345	0.775486621161699	3.61392929310602e-27
Lachnobacterium	0.285685902468389	0.292678475576546	0.872485169179089	0.332574502486252	0.0571878378390735	0.904211902603783	0.775486621161699	0.0639158187613174
Lachnospiracea_incertae_sedis	4.09637151822629	3.91103163457781	1.12655284332951e-05	0.146839698726304	8.39876450898489e-06	3.89172800422923e-05	0.597847344814238	1.24345344678478e-05
Lactobacillus	0.892001082324991	0.946710575091591	0.562057504576409	0.624187956884812	1.49195809977856e-05	0.653821995119496	0.817901460745616	2.07418565091166e-05
Lactococcus	1.04927651081502	0.735855313096	0.000976688659278157	0.00479671650826903	0.000230584331109271	0.00258936063157465	0.182275227314223	0.000298711519846101
Lactonifactor	0.602663978099414	0.500439645501894	0.0743474251681555	0.108329797425313	0.000468469557591079	0.128418279835905	0.538321781620648	0.0005933947729487
Marvinbryantia	0.433882533441874	0.570599460805055	0.0452102695306924	0.408836772767787	3.2439037139704e-12	0.0858995121083156	0.796913749611748	6.8482411739375e-12
Megasphaera	0.341839091940215	0.547018523639373	0.00224666664980527	0.488375177235508	1.17570341622679e-27	0.00533583329328753	0.80149246696993	5.58459122707725e-27
Microbacterium	0.28898511372277	0.313239870821173	0.613888184199608	0.0736757326090638	4.58171999963028e-18	0.686110323517209	0.499442085296903	1.53622376458192e-17
Mobiluncus	0.0542928505218138	0.555301484624044	3.13469005474541e-10	0.173353893068979	0.160226617090954	1.55371594017816e-09	0.656494450917706	0.16757646191164
Mogibacterium	0.717898570618167	0.680936203906866	0.465515974238615	0.30801145228496	8.09843143786055e-15	0.564561926204278	0.775486621161699	1.92337746649188e-14
Murdochiella	0.124748355865618	1.2625421121488	4.24266333423411e-23	0.483554416729352	0.00264260357704906	4.39694200093354e-22	0.80149246696993	0.00323932051380208
Negativicoccus	0.0133594990110073	0.751480516070302	3.77488782167603e-19	0.543787778471244	0.0605832317218217	3.3102862436236e-18	0.812916202886197	0.0670532855950259
Odoribacter	2.19607737872319	2.17005297738075	0.631733894660922	0.80689276000491	4.09597956069917e-30	0.692477538378319	0.901821320005487	2.4575877364195e-29
Oribacterium	0.275317008068655	0.201489917146359	0.122487311285568	0.184279144117251	8.92499424008287e-05	0.186180713154064	0.656494450917706	0.000119699922749347
Oscillibacter	3.28494293571284	3.3027399325813	0.698467106998501	0.608223401958578	2.36603346362553e-17	0.757895564468472	0.817901460745616	6.91609781675156e-17
Parabacteroides	3.37466503360347	3.33226692526981	0.462804512963935	0.8010190457466	3.24539642255543e-39	0.564561926204278	0.901821320005487	5.2853598881617e-38
Paraprevotella	1.91191647498926	1.79668503634232	0.111477330520295	0.60338683693432	4.77712514682652e-31	0.174087886017995	0.817901460745616	3.4037016671139e-30
Parasutterella	2.16523999577518	2.34487268964311	0.034188470081598	0.0487537442885674	9.2393982568082e-46	0.0671980274017616	0.499442085296903	3.51097133758712e-44
Parvimonas	0.153536761755823	0.454622198861387	0.000262073720674295	0.43097128887338	0.00336867665580683	0.000829900115468601	0.796913749611748	0.00408541636980829
Peptococcus	0.15447675169775	0.619446347340905	5.05589322891834e-12	0.247224857415893	1.83527691492752e-06	2.88185914048346e-11	0.775486621161699	2.86604888084572e-06
Peptoniphilus	0.573078479470016	2.51219539628231	6.69863250426656e-47	0.132960380773028	0.00973584976309393	7.63644105486388e-45	0.582980131081737	0.0112109785150779
Peptostreptococcus	0.18322779859289	1.01416426422995	3.75144137284579e-15	0.287309393631867	0.000130970644209731	2.8510954433628e-14	0.775486621161699	0.000173612249301271
Phascolarctobacterium	2.68964086538737	2.42701966798243	0.000703037614952215	0.702384751329322	2.21960823868413e-39	0.00200365720261381	0.870346322299377	4.21725565349985e-38
Porphyromonas	0.45737837688778	1.80737723074683	9.28154627905119e-29	0.216104210518313	2.17633772709942e-06	1.3226203447648e-27	0.7338050873967	3.35273649850451e-06
Prevotella	1.7250942256215	2.83710971488249	4.95428569140734e-23	0.392146195104675	1.96941681583597e-22	4.70657140683697e-22	0.796913749611748	7.74184541397587e-22
Propionibacterium	0.163995474390896	0.236807469367255	0.0925671320822909	0.102456050782116	2.93334094901671e-05	0.148628916301143	0.538321781620648	4.02892612274584e-05
Pseudoflavonifractor	2.44332857472997	2.52620840460415	0.140694294958302	0.0785520938722014	6.74864676963976e-06	0.20830064448372	0.499442085296903	1.01229701544596e-05
Ralstonia	0.426765734065789	0.496371649024962	0.323397716642923	0.353249992035148	0.000160895115461214	0.43373340820345	0.775486621161699	0.000210828082328487
Robinsoniella	0.272254589158476	0.376023444235786	0.076877037893863	0.108166782255397	9.89433584593419e-06	0.128882092939712	0.538321781620648	1.44609523902115e-05
Roseburia	3.43521867678641	3.15908740382579	4.67237904405897e-08	0.0668746372163183	8.42694452903085e-11	1.97278226304712e-07	0.499442085296903	1.52487567668177e-10
Rothia	0.429225887244028	0.24139865646374	0.0013412044594192	0.724473731650079	2.44761489635727e-09	0.00339771796386198	0.87731482420995	4.16459848036909e-09
Ruminococcus	2.65505607407806	2.5530610289255	0.189396846430244	0.969377122363792	1.07434132234359e-27	0.27330684168415	0.989960672815873	5.32499611944214e-27
Salmonella	0.142441563266868	0.390680206158555	2.32781349578048e-05	0.711127535404851	4.61133462708436e-12	7.80502172114631e-05	0.871704720818849	9.3873597765646e-12
Slackia	0.604204074833679	0.446833226654696	0.00921447725702508	0.35290195426429	3.51522541410938e-35	0.0194527853203863	0.775486621161699	3.08258228621899e-34
Solobacterium	0.493784925378454	0.513587705763116	0.769022345810259	0.430078156744778	5.75523917650903e-12	0.81933221890065	0.796913749611748	1.15104783530181e-11
Sporobacter	0.52554109734108	0.357039209566385	0.00263308862779066	0.948612553153622	1.86506898850378e-17	0.00612596129730888	0.989960672815873	5.59520696551135e-17
Streptococcus	2.75057398340394	2.8081275856611	0.339210782491863	0.777990229992047	3.75051140799032e-12	0.441488534523527	0.886908862190933	7.7737872820163e-12
Streptophyta	0.753782448900543	0.251711260714973	1.51815159016537e-09	0.872628038091436	0.177444474349861	6.6565108184174e-09	0.947424727070702	0.183897000689856
Subdoligranulum	3.01215139661049	2.9017054735971	0.039007797157704	0.513236404287762	2.25193168678072e-38	0.0753709978979366	0.80149246696993	2.85244680325558e-37
Sutterella	0.950223662722265	1.04385659054278	0.135176989971595	0.486173773634096	1.77558675643288e-38	0.202765484957393	0.80149246696993	2.53021112791686e-37
Syntrophococcus	2.253140425598	2.22028707394419	0.53686318580938	0.0284209644453688	1.53349448676559e-25	0.637525033148638	0.46285570668172	6.47475449967694e-25
TM7_genera_incertae_sedis	0.891515982628505	0.315884592915335	1.13660637575977e-13	0.0979678928419338	0.0302373396632952	7.6219486374479e-13	0.538321781620648	0.0341292744714421
Thermus	0.207716066601939	1.58312491833903	2.32599472457762e-34	0.0788592766258269	0.111808999110373	5.30326797203698e-33	0.499442085296903	0.120247414137571
Turicibacter	0.831200067236486	0.556373014828478	0.000861621575505859	0.0112710030555725	4.87267922096359e-13	0.0023386871335159	0.321223587083817	1.0891871199801e-12
Veillonella	1.36021637046156	1.0627949889865	0.000323627049084238	0.0754260700507912	3.25915908881958e-22	0.000997121178259543	0.499442085296903	1.23848045375144e-21
