Taxa	stoolMeans	swabMeans	tissueMeans	Origin p-value	OriginSwabStool p-value	OriginTissueStool p-value	OriginTissueSwab p-value	Time p-value	Individual p-value	Origin (adj p-value)	OriginSwabStool (adj p-value)	OriginTissueStool (adj p-value)	OriginTissueSwab (adj p-value)	Time (adj p-value)	Individual (adj p-value)
Blautia	1.09870201039389	1.75310523848197	0	0.049502549611823	0.393893274646696	0.193103687531402	0.0474044205887996	0.990480143684472	0.593691589919453	0.113855864107193	0.999816050731035	0.986974402938277	0.249902250257787	0.998728996343096	0.758605920452634
Clostridium	0.283464768702664	0.570075211347082	0	0.339170974774278	0.555427656067487	0.694983687439272	0.33980783080671	0.791914119051543	0.427159709544553	0.520062161320559	0.999816050731035	1	0.914199811146187	0.994404046320833	0.677563677208601
Phascolarctobacterium	0.169163964115593	0.211769281166358	0	0.262947483541893	0.975969589452028	0.785523704446964	0.75613289891079	0.998728996343096	2.4136192865114e-05	0.417089111825072	0.999816050731035	1	1	0.998728996343096	0.000138783108974406
Porphyromonas	0	1.25488581085762	0	2.08362489349864e-06	8.7677808291442e-07	1	0.000959728175715324	0.0695989791466775	0.564789548208225	2.39616862752343e-05	4.03317918140633e-05	1	0.014715832027635	0.601984694770294	0.758605920452634
Methanobrevibacter	0.122484749125543	0	0	0.78941153363762	0.703496343835005	0.800711276007747	1	0.129983130262838	0.589759723846064	0.876772968148028	0.999816050731035	1	1	0.601984694770294	0.758605920452634
Acidaminococcus	0.172649638584274	0.403080268787156	0	0.0381016814480252	0.562704024725889	0.81502918551475	0.441068275540594	0.506662431004095	5.97091787439112e-11	0.101301763152106	0.999816050731035	1	0.967527665354942	0.832373993792442	9.15540740739972e-10
Haemophilus	0.0626492169542664	0	0	0.893415465698576	0.840905651326766	0.896350322235641	1	0.293305192173762	0.549289232251643	0.893415465825035	0.999816050731035	1	1	0.601984694770294	0.758605920452634
Enterococcus	0.0583117211028015	0	0	0.893304292415028	0.840863838101798	0.896322156039649	1	0.28505078058229	0.549803437682412	0.893415465825035	0.999816050731035	1	1	0.601984694770294	0.758605920452634
Faecalibacterium	2.01011928048574	2.5268364024796	0	4.15001287722116e-06	0.640318490835695	0.0166609716425153	0.00864461748856271	0.0981661760752773	0.000244033697167557	3.81801184704346e-05	0.999816050731035	0.127734115925951	0.0994131011184712	0.601984694770294	0.0010205045517916
Paraprevotella	0.593034205409961	0.196143833398499	0	0.0920261424978551	0.463682509385655	0.339878848661052	0.915558613775087	0.143468915926425	1.71886399539795e-12	0.18405228499571	0.999816050731035	1	1	0.601984694770294	3.95338718941529e-11
Bifidobacterium	0.381168275798312	0.386378973684005	0	0.162511093487342	0.999816050731035	0.539554580877134	0.625366693269839	0.245606569312133	3.82408304995601e-05	0.287519626939143	0.999816050731035	1	1	0.601984694770294	0.000195453133664418
Veillonella	0.0641583842257817	0	0	0.893415465825035	0.840905651326766	0.896350322235639	1	0.293305192110772	0.549289232251643	0.893415465825035	0.999816050731035	1	1	0.601984694770294	0.758605920452634
Roseburia	1.11418563411874	0.78618717606878	0	0.0402440307912188	0.739387783840002	0.115926033013989	0.447204260159285	0.834905837379294	0.237905073006915	0.101301763152106	0.999816050731035	0.666574689830436	0.967527665354942	0.998728996343096	0.405319754011782
Adlercreutzia	0.0494034818878052	0	0	0.799260743747711	0.840863838101798	0.896322156039649	1	0.317390638488509	0.971445600867839	0.876772968148028	0.999816050731035	1	1	0.601984694770294	0.999847019189657
Parabacteroides	2.4421356879488	1.19540907797415	0	6.57548598895871e-05	0.0710732723054806	0.002083140732136	0.315918512914407	0.724768338379556	0.0131418687684223	0.000432103364988715	0.544895087675351	0.0231138968792489	0.914199811146187	0.981932482272899	0.0274784528794285
Clostridiaceae_noname	0	0.19400648996165	0	0.130248143747083	0.113436069748244	1	0.35773036088329	0.316298780596684	0.999847019189657	0.239656584494633	0.680563233741384	1	0.914199811146187	0.601984694770294	0.999847019189657
Bilophila	0.320365331750216	0.177054709483501	0	0.0224445526106574	0.828713806402649	0.554396112220922	0.874716805177277	0.725776182549534	0.000279889898634657	0.06452808875564	0.999816050731035	1	1	0.981932482272899	0.00107291127809952
Anaeroglobus	0.0642968963488333	0.206781160494941	0	0.447682084504436	0.623097172112499	0.940761307067653	0.628256138758614	0.127229339111679	0.00790616896592211	0.624041693551638	0.999816050731035	1	1	0.601984694770294	0.0181841886216209
Sutterellaceae_unclassified	0.0488279215365346	0	0	0.893304291585918	0.840863838101798	0.896322156039649	1	0.285050780975186	0.549803437682475	0.893415465825035	0.999816050731035	1	1	0.601984694770294	0.758605920452634
Klebsiella	0.326811170556751	0.236087359878522	0	0.120599391969076	0.944493183591516	0.627801234406419	0.835144500187393	0.269284068226348	1.85369634698785e-08	0.231148834607397	0.999816050731035	1	1	0.601984694770294	2.13175079903603e-07
Oscillibacter	0.696549124949475	0.518715131708265	0	0.0418420326063045	0.871527866137308	0.268682450158064	0.580822613892758	0.544402148667974	0.0749504500866268	0.101301763152106	0.999816050731035	1	1	0.840216981860032	0.143655029332701
Lachnospiraceae_noname	0.405356095657055	1.24683252356199	0	0.0165599718600234	0.0454256455493411	0.627681697199369	0.0422576642143131	0.117335949490774	0.426188399923468	0.0507839137040718	0.417915939053938	1	0.249902250257787	0.601984694770294	0.677563677208601
Flavonifractor	0.106740487418317	0	0	0.217139826883963	0.706800856349165	0.803089446165665	1	0.978038246634437	0.00408674335493807	0.356729715595082	0.999816050731035	1	1	0.998728996343096	0.0104438996848417
Streptococcus	0.358938784875249	0	0	0.417732976575511	0.340517407385528	0.505217272909223	1	0.298926098053015	0.0012537167929726	0.600491153827298	0.999816050731035	1	1	0.601984694770294	0.00360443577979622
Escherichia	0.944060437419666	2.76719140910299	0.90537975918789	0.00375425978576827	0.00243997856398304	0.998180924985149	0.0488939185286975	0.148697997965912	0.000661578745098344	0.0215307337801844	0.0561195069716098	1	0.249902250257787	0.601984694770294	0.00234097094419414
Alistipes	2.95123300224857	1.75191102019732	0	1.8677374471533e-09	0.118358823259371	0.000451052988424738	0.119505663634072	0.302109910820428	2.12388740064286e-05	2.86386408563506e-08	0.680563233741384	0.00691614582251265	0.474074902343449	0.601984694770294	0.000138783108974406
Megamonas	0.0607632363895806	0	0	0.800531840482982	0.840905651326766	0.89635032223564	1	0.326719435252118	0.958607620608461	0.876772968148028	0.999816050731035	1	1	0.601984694770294	0.999847019189657
Prevotella	0.622256790850572	1.79975763448711	0	0.00514865373004409	0.0263628319602965	0.516099041604385	0.0192672188920954	0.799846732910236	1.37606471835722e-07	0.0215307337801844	0.30317256754341	1	0.177258413807277	0.994404046320833	1.26597954088864e-06
Akkermansia	1.64515522079336	1.56283146522423	0	0.00508429766985129	0.988285755840166	0.0561974135671447	0.143739785307799	0.264233678655102	2.33664056486489e-05	0.0215307337801844	0.999816050731035	0.369297289155522	0.508617701858366	0.601984694770294	0.000138783108974406
Butyrivibrio	0.0558617642639319	0	0	0.79926074500315	0.840863838101798	0.896322156039649	1	0.317390638614719	0.971445600869105	0.876772968148028	0.999816050731035	1	1	0.601984694770294	0.999847019189657
C2likevirus	0.15471784018103	0	0	0.515694502780487	0.592111117716982	0.717908020563368	1	0.547967596865238	0.999824597780446	0.697704327291247	0.999816050731035	1	1	0.840216981860032	0.999847019189657
Anaerostipes	0.114561182873254	0	0	0.759486498725785	0.70804396294941	0.803982996811569	1	0.905210274535325	0.822271763167066	0.876772968148028	0.999816050731035	1	1	0.998728996343096	0.995756451909597
Bacteroides	5.78157695370586	5.1182298450919	0	3.16565204741375e-14	0.388680068406926	3.31956684362922e-14	4.2046011117236e-10	0.419445852945369	0.185495105566454	1.45619994181032e-12	0.999816050731035	1.52700074806944e-12	1.93411651139286e-08	0.742096509057192	0.341310994242275
Barnesiella	0.515718056847815	0.593172118889332	0	0.0688422863037426	0.971441671768974	0.447657145725453	0.455602168078878	0.579038219512741	0.002141871040943	0.150797389046293	0.999816050731035	1	0.967527665354942	0.859218003147939	0.0057956510519634
Ruminococcus	0.822623625589975	1.42522522878301	0	0.012730002248439	0.333448820633191	0.275575446642447	0.0599913401358856	0.137723771939246	0.020156957617187	0.0418271502448711	0.999816050731035	1	0.275960164625074	0.601984694770294	0.0403139152343741
Collinsella	0.79779241551809	0.55928669041693	0	0.00476964678362694	0.813244970620257	0.23691370797105	0.589552013204014	0.710054496774688	0.00958815353421113	0.0215307337801844	0.999816050731035	1	1	0.981932482272899	0.0210026220273196
Dialister	0.699114346562686	0.405479304363854	0	0.0897715510251949	0.707173345492605	0.29301019843613	0.734671882914006	0.438938540801738	7.3205950750279e-05	0.18405228499571	0.999816050731035	1	1	0.747821217662221	0.000336747373451283
Sutterella	0.11901514923363	0	0	0.759360600707472	0.707930187637508	0.803901239086062	1	0.930549569450145	0.822581416794885	0.876772968148028	0.999816050731035	1	1	0.998728996343096	0.995756451909597
Eggerthella	0.100415911519989	0	0	0.645609029082955	0.710155361623183	0.805499332070144	1	0.160256180355577	0.961803856966506	0.848514723937599	0.999816050731035	1	1	0.601984694770294	0.999847019189657
Odoribacter	0.128242821141872	0.468299254385538	0	0.00705543605164682	0.300799513228856	0.896626134058346	0.344952724044645	0.943028649563544	6.80781877528562e-15	0.0270458381979795	0.999816050731035	1	0.914199811146187	0.998728996343096	3.13159663663139e-13
Dorea	0.172792644034005	0.382568903053596	0	0.360537796116473	0.607632757129648	0.807371275109586	0.462730622561059	0.169344195691221	0.193717873728264	0.534991568430896	0.999816050731035	1	0.967527665354942	0.601984694770294	0.342731622750006
Coprococcus	0	0.316689842772586	0	0.00888429085906837	0.0125953984751794	1	0.123671713654813	0.939027852022826	0.00626635366889538	0.0314367215013188	0.193129443286085	1	0.474074902343449	0.998728996343096	0.0151711720404836
Pyramidobacter	0.0455414183062529	0	0	0.799309915133495	0.840905651326766	0.896350322235642	1	0.327165594983856	0.971435235214311	0.876772968148028	0.999816050731035	1	1	0.601984694770294	0.999847019189657
Eubacterium	2.62887375405059	2.34097042299847	0	6.27977942458523e-05	0.88600685209059	0.00251238009557053	0.0274357976546623	0.997633732687591	0.000734305967702608	0.000432103364988715	0.999816050731035	0.0231138968792489	0.210341115352411	0.998728996343096	0.00241271960816571
Acinetobacter	0.11416083898579	0.470484290104179	0	0.198663682955107	0.2232748569319	0.906085357484562	0.29433323181149	0.0428899122813665	0.999782296005921	0.338464052442034	0.999816050731035	1	0.914199811146187	0.601984694770294	0.999847019189657
Subdoligranulum	4.9714079946174	4.79478842164099	0	7.7771370605754e-13	0.945825369491276	1.67798774874939e-10	8.09175345617419e-08	0.76261196165952	0.000981097619864468	1.78874152393234e-11	0.999816050731035	3.85937182212359e-09	1.86110329492006e-06	0.994404046320833	0.00300869936758437
