Taxa	stoolMeans	stoolSD	swabMeans	swabSD	tissueMeans	tissueSD	Origin p-value	OriginSwabStool p-value	OriginTissueStool p-value	OriginTissueSwab p-value	Time p-value	Individual p-value	Origin (adj p-value)	OriginSwabStool (adj p-value)	OriginTissueStool (adj p-value)	OriginTissueSwab (adj p-value)	Time (adj p-value)	Individual (adj p-value)
Aeromonas	0.388	0.321	0.414	0.425	0	0	6.73332433031995e-05	0.925683936538259	6.64024484362535e-05	0.000269916623483968	0.887805352189223	0.00416017151092611	0.000237910793004638	0.999986120067965	0.000281546381369715	0.00100390042418599	0.992849071326454	0.00648497323762012
Novosphingobium	0.154	0.247	0.081	0.168	0	0	0.0175067935313709	0.257244383699153	0.0239555488795314	0.45383939876686	0.0119697741939192	0.00132825209703111	0.0279055656289521	0.786532984142464	0.0447295077698768	0.495948208961723	0.992849071326454	0.00249360830000332
Thioalkalivibrio	0.199	0.258	0.259	0.368	0	0	0.00874626502228564	0.551022988111669	0.0197530683691363	0.00755713935487468	0.991520665829365	0.000801940574552499	0.015847933202774	0.999986120067965	0.0387745416134897	0.0182058357185617	0.995687648170567	0.00155973763123972
Proteus	0.096	0.265	0.452	0.71	0.445	0.387	2.05754241889509e-05	0.00019044180719141	0.00470926320292253	0.998248662383046	0.694914008951819	0.0651190749594188	7.78926772867427e-05	0.0026915775416386	0.0129113435103742	0.999998290159146	0.992849071326454	0.081687833676904
Veillonella	0.738	0.596	0.512	0.601	0.051	0.206	5.24852103469795e-05	0.156614979729689	4.73388035728828e-05	0.0292601255846796	0.632419100333459	0.000566263743966447	0.000195208150764205	0.562752130554138	0.000209079715780232	0.0544424832100525	0.992849071326454	0.00117040705005
Rickettsia	0.189	0.226	0.226	0.278	0.308	0.429	0.23770505294985	0.792659919919692	0.222534138002971	0.586183066823871	0.979411064781586	0.302449011217034	0.249472629828556	0.999986120067965	0.25639802856864	0.627630354377074	0.995687648170567	0.327138726418424
Butyrivibrio	0.765	0.417	0.91	0.558	0.05	0.201	3.66512558278667e-09	0.259704287216851	2.55978229724008e-08	8.69749816612142e-09	0.711043309524237	0.916588090399	1.85001577035899e-08	0.786532984142464	1.42808907109183e-07	6.35817107316462e-08	0.992849071326454	0.929744857246833
Methylocystis	0.063	0.148	0.186	0.365	0.341	0.423	8.28736780422496e-05	0.0553033111454981	0.000148971708368917	0.114262796562392	0.827393686423316	0.433350972649333	0.000283374512015434	0.300623127252451	0.000584851892115007	0.152350395416523	0.992849071326454	0.452563577348072
Azospirillum	0.321	0.352	0.318	0.378	0	0	0.00214131306569583	0.998909144812644	0.00158636301544346	0.00864342246271532	0.202313083237068	6.57576712187108e-09	0.00488127279491953	0.999986120067965	0.00473674590526779	0.0201363248581939	0.992849071326454	7.7447923879815e-08
Gluconobacter	0.124	0.223	0.11	0.225	0	0	0.0971569842080023	0.946278753407356	0.0787929839789534	0.226265834548147	0.583338775822272	0.0536163105103133	0.107839165717783	0.999986120067965	0.105057311971938	0.283836431504185	0.992849071326454	0.0693088891962586
Paludibacter	0.562	0.388	0.393	0.453	0	0	8.12554627132866e-07	0.101080066767766	6.36620515193087e-07	0.00368251101760575	0.772820911388804	9.58471264605096e-07	3.66514002025888e-06	0.448454179642699	3.29179388343743e-06	0.0100088760991336	0.992849071326454	5.07989770240701e-06
Olsenella	0.619	0.436	0.699	0.547	0.05	0.201	7.70112138134818e-06	0.678771927524013	1.36118791815854e-05	2.03551687351089e-05	0.747919832075783	1.59297913202375e-07	3.14445090855009e-05	0.999986120067965	6.55845087840022e-05	9.18148036562359e-05	0.992849071326454	1.06628182072523e-06
Faecalibacterium	3.134	0.617	3.18	0.737	1.178	0.704	1.71135398275459e-20	0.941142152814868	1.67643676718399e-14	3.07531777821168e-14	0.959312139068961	0.000568641161109199	2.12640016942509e-19	0.999986120067965	2.09061526260591e-13	3.97355351237018e-13	0.995687648170567	0.00117040705005
Acidaminococcus	0.982	0.625	0.924	0.882	0.198	0.366	0.000109511713424884	0.912088904355882	6.34437705619995e-05	0.00178062785331867	0.280192588901688	3.04942860349931e-16	0.000362757550719929	0.999986120067965	0.000274491415492732	0.00531680429441632	0.992849071326454	6.46478863941854e-14
Listeria	0.193	0.239	0.173	0.256	0	0	0.00908917509557003	0.917717049895469	0.00628823914754439	0.0453612901491373	0.37978527223436	0.105200188020506	0.0163297044089902	0.999986120067965	0.0156836082268166	0.0776112482787515	0.992849071326454	0.123879485463302
Lactococcus	0.628	0.543	0.361	0.54	0	0	2.05475466142141e-05	0.0431855030730971	3.59932250350026e-05	0.0674894792949896	0.509336065758511	0.0459945833486987	7.78926772867427e-05	0.269380798579449	0.00016235241930682	0.100486276788872	0.992849071326454	0.0598211758891051
Rothia	0.406	0.478	0.353	0.601	0	0	0.00851862576350211	0.864806197410423	0.0058055950735143	0.052457744430059	0.500735712591548	6.48521669952448e-05	0.0156448451593183	0.999986120067965	0.0148287488624703	0.0868831392122852	0.992849071326454	0.000183315458706559
Achromobacter	0.161	0.238	0.235	0.312	0	0	0.00964238368125874	0.337655843326904	0.0390349345930141	0.00686923585234367	0.829781113737225	0.00213934253487089	0.0170348778368904	0.906114415003844	0.0636569702593768	0.0171326823611395	0.992849071326454	0.00371754604420188
Acidovorax	0.308	0.3	0.256	0.389	0	0	0.00124442017020966	0.709819634226817	0.000766191198378507	0.0223224918439888	0.833019729461479	0.0242682602930438	0.00317851898896924	0.999986120067965	0.00253800834462881	0.044986218547975	0.992849071326454	0.0336266090334986
Allochromatium	0.123	0.186	0.129	0.263	0	0	0.0576349272537655	0.990081691595553	0.0524924686434112	0.0911622768197583	0.7993838079576	0.289575868297828	0.0691274799193982	0.999986120067965	0.0800604557726847	0.125496121336291	0.992849071326454	0.314820943995587
Acetobacterium	0.143	0.2	0.142	0.247	0	0	0.0294595921905289	0.999954506713903	0.0242928720481225	0.0632470288473334	0.810141622576223	0.0769392266766226	0.0428925303817862	0.999986120067965	0.0447833815147997	0.0969174149156371	0.992849071326454	0.09320637745968
Pelobacter	0.239	0.31	0.294	0.364	0	0	0.00689145279193098	0.677686389700671	0.0118332694720517	0.00716650831519106	0.693884689137732	5.08623850218708e-05	0.0135166968584445	0.999986120067965	0.0245946385105387	0.0174632156646035	0.992849071326454	0.000148017441223927
Actinoplanes	0.181	0.259	0.185	0.301	0	0	0.0288421663475695	0.997638231957472	0.0246683526013248	0.0566737282389209	0.374960176006731	8.54040354226893e-05	0.0424620782339218	0.999986120067965	0.0450835409610419	0.0917162624935209	0.992849071326454	0.000232123788584745
Tistrella	0.104	0.191	0.184	0.319	0	0	0.0242031863372472	0.190892941738461	0.172602522517864	0.0187239156247911	0.957770464739983	0.0205279999385777	0.0358816468775973	0.626761211194884	0.205571543672962	0.0389163736515267	0.995687648170567	0.0286311578090689
Pedobacter	0.169	0.221	0.162	0.24	0	0	0.0129743030749785	0.987599651578603	0.0097411337716613	0.0407290455061198	0.0664049236991811	0.0761396687386722	0.0221818729991569	0.999986120067965	0.0212899006143525	0.0713599805561768	0.992849071326454	0.0927678722563132
Chromobacterium	0.119	0.196	0.183	0.258	0.183	0.336	0.298517837896538	0.38591860127065	0.545808435452383	0.999998290159146	0.0666016537300227	0.00254595290612106	0.308711129922274	0.972457701939892	0.584669026267545	0.999998290159146	0.992849071326454	0.00426860679862603
Brevibacillus	0.129	0.227	0.099	0.163	0	0	0.0583370232164503	0.769935170436584	0.0471688420655396	0.254981878125644	0.0303922686834484	0.243364167219771	0.0694800501229633	0.999986120067965	0.074072551984403	0.310770490424044	0.992849071326454	0.267322297671458
Prevotella	1.699	0.653	2.002	0.926	0.506	0.714	1.54871773519637e-09	0.124791308640587	2.55387424541453e-08	2.24165297435519e-09	0.615179729421712	1.83341740815208e-09	8.20820399654077e-09	0.489921433922305	1.42808907109183e-07	1.82780934832039e-08	0.992849071326454	3.23903742106868e-08
Shewanella	0.284	0.309	0.432	0.503	0.184	0.292	0.0558467250113701	0.123505138821441	0.546058807551764	0.066643121209255	0.194939544777981	3.33033381064383e-06	0.0684364491468813	0.489921433922305	0.584669026267545	0.100201004938738	0.992849071326454	1.47089743303436e-05
Rhodobacter	0.155	0.237	0.276	0.306	0	0	0.00144360163520782	0.0513061340466476	0.0465297276297765	0.000989861044067508	0.540497487293685	2.31102458482943e-06	0.00344011052010748	0.293659630601998	0.0736141959515867	0.0032284698668048	0.992849071326454	1.06508089561704e-05
Faecalitalea	1.629	0.457	1.551	0.615	0.314	0.456	4.73701905998458e-17	0.735876986819767	2.80886425230165e-14	1.13364873044475e-12	0.341283567508378	5.08352314320217e-05	4.56476382143969e-16	0.999986120067965	2.83464073469947e-13	1.14444538502041e-11	0.992849071326454	0.000148017441223927
Flavobacterium	0.257	0.252	0.736	0.487	1.612	0.16	4.54530150510397e-35	4.10499412240029e-11	1.66533453693773e-15	3.1863400806742e-14	0.168120733938541	0.0670503359912046	2.40900979770511e-33	1.60692696186497e-09	3.530509218308e-14	3.97355351237018e-13	0.992849071326454	0.0836157131184434
Catenulispora	0.117	0.214	0.153	0.311	0	0	0.0888473403298088	0.733102597962238	0.13559019333053	0.080326099787654	0.39436967068439	0.178632113328342	0.101266861021072	0.999986120067965	0.16810012272557	0.11506171050664	0.992849071326454	0.199315831713729
Bacillus	0.698	0.477	1.22	0.926	0.508	0.484	6.27809497235799e-05	0.00018908770900794	0.46068132518102	0.000545531488705953	0.355923112888574	4.57015117102831e-08	0.000229475195541361	0.0026915775416386	0.503424953290599	0.00189594550173216	0.992849071326454	3.875488193032e-07
Blautia	2.664	0.407	2.629	0.715	0.56	0.765	7.12987596136701e-30	0.94770779776133	1.66533453693773e-15	2.33146835171283e-15	0.251780090208505	0.00135266487971878	2.15933386258544e-28	0.999986120067965	3.530509218308e-14	1.2356782264078e-13	0.992849071326454	0.00249360830000332
Treponema	0.759	0.363	0.898	0.403	0.035	0.141	1.2726653912987e-12	0.166474152089423	1.59706692315353e-11	5.80946402095606e-12	0.995687648170567	2.18722568989463e-09	8.17591099864622e-12	0.569234197467058	1.20920781324482e-10	5.35481031496819e-11	0.995687648170567	3.56686035582816e-08
Histophilus	0.307	0.309	0.526	0.404	0.379	0.415	0.0120466212420718	0.00868183713088322	0.712329545147541	0.354320791293786	0.115005060609491	0.35373589771242	0.0207632821408067	0.0865204057151533	0.751312754085964	0.41046998772832	0.992849071326454	0.375126980786176
Magnetospirillum	0.192	0.257	0.187	0.309	0.07	0.192	0.223423302473219	0.995145692699457	0.198518716700599	0.33276361916186	0.328565910734369	0.00579469935161974	0.235650448379713	0.999986120067965	0.231241582090808	0.389756283217206	0.992849071326454	0.00871259760669067
Zymomonas	0.118	0.213	0.156	0.304	0	0	0.0763765380567108	0.702476277635292	0.123357465762083	0.0677808376453241	0.393162473780205	0.0711052816767759	0.0899545892667927	0.999986120067965	0.154744276577287	0.100486276788872	0.992849071326454	0.0876413936946308
Riemerella	0.65	0.565	0.43	0.539	0.077	0.308	0.00032066082083647	0.140784309018935	0.000374243680797415	0.0962695886169559	0.739506951800766	5.66427970308015e-12	0.000944167972462938	0.524576371490252	0.00130065016932872	0.131671953463191	0.992849071326454	4.00275765684331e-10
Agrobacterium	0.215	0.261	0.159	0.254	0.045	0.179	0.0395397838261602	0.560756127577254	0.0359032040814117	0.319107768129702	0.551659677179472	0.000158606100856584	0.0523902135696622	0.999986120067965	0.0604085655972958	0.377937691863111	0.992849071326454	0.000415117202241924
Ferrimonas	0.16	0.237	0.213	0.297	0.032	0.128	0.0577149242723278	0.564919139628368	0.122513086437486	0.0469762120626382	0.772650690666105	0.0028810051400488	0.0691274799193982	0.999986120067965	0.154744276577287	0.0790393409307882	0.992849071326454	0.00462706886129049
Desulfurivibrio	0.207	0.282	0.091	0.203	0	0	0.00335401762067463	0.0866966150575071	0.0079701707290335	0.482697340364782	0.682366536318691	0.000493209969331061	0.00733043026374249	0.427434474237012	0.0179752786654798	0.524778646960686	0.992849071326454	0.00103525260889292
Geobacillus	1.172	0.506	2.357	0.539	1.527	0.346	2.66442545056866e-20	1.40998324127395e-14	0.0228706752966505	9.16860868227509e-07	0.0413301654808055	0.999801234704226	2.97293787116082e-19	2.34190444814431e-12	0.0440645350765531	4.8593626016058e-06	0.992849071326454	0.99986045111219
Acholeplasma	0.207	0.289	0.308	0.36	0	0	0.00398835477972653	0.242642201849494	0.0240526598385187	0.00265721216862136	0.950124100780376	0.00744860523269725	0.00845531213302024	0.75647274694254	0.0447295077698768	0.0076125537803747	0.995687648170567	0.0108157829406289
Streptococcus	2.021	0.651	2.5	0.544	0.512	0.659	1.28244148176017e-17	0.00164000180554202	4.34097202628436e-14	3.07531777821168e-14	0.842351490754471	0.070509945887681	1.29465521015788e-16	0.0185308218091081	3.68114427828914e-13	3.97355351237018e-13	0.992849071326454	0.0874158393461308
Paracoccus	0.196	0.294	0.146	0.286	0	0	0.0320791641689203	0.680014698903866	0.0257347683050654	0.213864397976167	0.462018484369803	0.000415602957879145	0.0453385520254074	0.999986120067965	0.0462353464463887	0.27149252916735	0.992849071326454	0.000899059459901825
Dehalobacter	0.107	0.187	0.169	0.335	0.037	0.146	0.15351781072641	0.385464855383527	0.467875919198017	0.137912282687278	0.603675310056865	0.385184756398711	0.166049876908158	0.972457701939892	0.508665101897332	0.181598782172068	0.992849071326454	0.4062645191867
Slackia	0.534	0.449	0.477	0.465	0.051	0.206	0.000326533628942915	0.817905954456899	0.000187869208113756	0.0059567680459256	0.769205218380772	8.04624619749071e-07	0.000948289442957506	0.999986120067965	0.000691294062126256	0.0154004247041003	0.992849071326454	4.48895840491587e-06
Fibrella	0.339	0.346	0.303	0.462	0	0	0.00243760553296431	0.886830409793132	0.00156049733951502	0.0196691246513531	0.889725871429095	0.000290551724506775	0.00549757843604717	0.999986120067965	0.00472607765681692	0.0404840235542413	0.992849071326454	0.000690601054513348
Sphaerochaeta	0.169	0.233	0.266	0.415	0.512	0.42	0.00017268855778529	0.289763379006473	0.000127151388367497	0.0276286165048143	0.844344235478306	0.256674387082885	0.000530579336963499	0.830132923640165	0.000508605553469987	0.0527681684596453	0.992849071326454	0.280489536399853
Frankia	0.204	0.296	0.214	0.372	0	0	0.0355245895328505	0.985800482758998	0.0323322602370604	0.0597991418344467	0.394396776323598	7.97577806229249e-06	0.0489039803958722	0.999986120067965	0.0552777352440064	0.0946075975291246	0.992849071326454	3.38172989841202e-05
Emticicia	0.159	0.259	0.102	0.207	0.063	0.174	0.239029464309527	0.515316118674419	0.308906424352609	0.865914430223396	0.460347850094743	0.0107262300017384	0.249626829722265	0.999986120067965	0.348341287035921	0.891135238870679	0.992849071326454	0.0154691208188336
Chlorobium	0.302	0.288	0.217	0.346	0.081	0.224	0.0163074129025301	0.372736557008242	0.0169977104700714	0.308392725191546	0.676707483749596	0.0186787572008927	0.026190693449518	0.972457701939892	0.0343191868538584	0.367299200789931	0.992849071326454	0.0262244803085381
Capnocytophaga	0.189	0.281	0.189	0.352	0	0	0.0441636493254044	0.999986120067965	0.0372781814049165	0.0853695675532917	0.599279080504511	0.000318022413664609	0.0570895954694252	0.999986120067965	0.0617419879518929	0.119876073903136	0.992849071326454	0.000717242039328692
Xanthomonas	0.228	0.276	0.303	0.327	0.188	0.296	0.365968919976792	0.448291284683744	0.860482534142693	0.410649638808656	0.135804089916955	0.127012723794088	0.376628208908155	0.999986120067965	0.877030275183898	0.460622875277435	0.992849071326454	0.147140423193151
Neisseria	0.295	0.307	0.24	0.337	0.163	0.295	0.255424515684784	0.686448454735072	0.265619207375677	0.717405791482157	0.472718650082175	0.569143096251037	0.265441163358697	0.999986120067965	0.304385253857532	0.756666804946354	0.992849071326454	0.58857725075717
Alkaliphilus	0.323	0.302	0.404	0.414	0.05	0.2	0.00178352265430711	0.459715839661642	0.00517198465997504	0.00153690859717592	0.473060857973498	0.00701084189361074	0.00415501981003414	0.999986120067965	0.0135365524433915	0.00485731252559145	0.992849071326454	0.0103215172322603
Peptoclostridium	1.678	0.428	1.67	0.54	0.109	0.247	4.84598105234565e-26	0.995761080779669	1.66533453693773e-15	1.18793863634892e-14	0.31218556404934	0.000296437245097711	1.14149775899697e-24	0.999986120067965	3.530509218308e-14	3.73225260221131e-13	0.992849071326454	0.000690601054513348
Oceanimonas	0.118	0.223	0.24	0.373	0	0	0.00774929808818884	0.059922694915673	0.188267566184648	0.00706935983948176	0.579283031349937	0.00419704826118957	0.0148004612134778	0.309844178588358	0.222374103550515	0.0174267940229085	0.992849071326454	0.0064947024187751
Erysipelothrix	0.26	0.331	0.364	0.406	0.05	0.201	0.0135969459005166	0.323267320261624	0.0571644444146957	0.0096783245223705	0.461008415875634	9.8485236599528e-06	0.0230604202472762	0.894749271973858	0.0859493774178403	0.0218277106249207	0.992849071326454	4.09389610962744e-05
Eubacterium	2.959	0.622	2.766	0.788	0.72	0.661	1.24014688650088e-23	0.364583732883067	2.33146835171283e-15	2.98649993624167e-14	0.638907113708096	1.00239990463745e-06	2.02239338413989e-22	0.966146892140127	3.80208685048554e-14	3.97355351237018e-13	0.992849071326454	5.18314097032045e-06
Methylobacterium	0.235	0.288	0.232	0.314	0.035	0.141	0.0319894749393552	0.999210829593166	0.0261314985547494	0.0699409231025675	0.682752923695561	0.000408516194639024	0.0453385520254074	0.999986120067965	0.0465535940639233	0.102968581234335	0.992849071326454	0.000899059459901825
Enterobacter	0.603	0.564	0.866	0.888	0.114	0.317	0.00080660060842297	0.120111007258924	0.0110593924638617	0.000483419484728853	0.217906374496777	4.54915188953435e-05	0.00213749161232087	0.489683337286383	0.0236827394175624	0.00173703272478842	0.992849071326454	0.000137774314368755
Escherichia	1.655	1.011	2.692	1.115	1.572	0.582	1.01416209195739e-05	9.30006934829475e-06	0.948731130785681	0.00134468814629807	0.375779487046337	2.10177445330569e-10	4.05664836782956e-05	0.000164301225153207	0.957766665364593	0.00431930131841197	0.992849071326454	5.56970230126008e-09
Haemophilus	0.658	0.791	0.39	0.645	0.104	0.287	0.00995767461097031	0.201606992552924	0.0148709924711993	0.422965989204516	0.485946190754045	2.11272120280427e-05	0.0174465042770719	0.647586097291211	0.0303139461912908	0.469470103200824	0.992849071326454	7.59147279651703e-05
Ralstonia	0.236	0.285	0.246	0.337	0.035	0.141	0.0295391954516075	0.986326791921423	0.0266789787652237	0.0516769692971468	0.781936620125548	0.000201334049829729	0.0428925303817862	0.999986120067965	0.0471328624852286	0.0862639172519301	0.992849071326454	0.000520522177608567
Alistipes	3.242	0.515	2.722	0.708	0.819	0.588	4.14721281372975e-32	9.93214478126614e-05	1.66533453693773e-15	2.23154827949656e-14	0.649176670787082	1.09838795145426e-06	1.46534852751785e-30	0.0016197036104834	3.530509218308e-14	3.97355351237018e-13	0.992849071326454	5.54424394543577e-06
Salinispora	0.129	0.209	0.168	0.279	0	0	0.0388397144036013	0.662118268093345	0.0681608031722234	0.034404436846637	0.197869215055733	0.00276416618671823	0.0520448406003826	0.999986120067965	0.0963339351500757	0.0628770742369572	0.992849071326454	0.00450771716603281
Desulfatibacillum	0.17	0.264	0.121	0.23	0.05	0.201	0.183326554306973	0.644794006670619	0.188808201127796	0.642537601990797	0.843722139235611	1.17827345795673e-05	0.196289037944839	0.999986120067965	0.222374103550515	0.681089858110244	0.992849071326454	4.62581431642273e-05
Granulicella	0.196	0.279	0.22	0.395	0	0	0.0341697499363586	0.921087629774768	0.0365407085087931	0.0453952584271943	0.672333065323476	3.29143588845343e-08	0.0476578091217633	0.999986120067965	0.0609970882194026	0.0776112482787515	0.992849071326454	3.0338452537049e-07
Rhodospirillum	0.241	0.297	0.227	0.293	0	0	0.00694962244137006	0.966311479311456	0.00490868238602404	0.0295324790997926	0.974062883764886	2.04376274074682e-05	0.0135166968584445	0.999986120067965	0.0131726666561658	0.0544424832100525	0.995687648170567	7.47030519031597e-05
Salmonella	0.39	0.522	0.68	0.693	0.114	0.317	0.00356807936126084	0.0368002285520281	0.148368901897869	0.00330198935994719	0.923900185194354	1.59860265052487e-08	0.00771870229170712	0.251666079129999	0.180771305760622	0.00909119148452992	0.995400790792213	1.61382743767273e-07
Helicobacter	0.143	0.24	0.161	0.267	0.108	0.242	0.784781599755634	0.937941096486354	0.852466589839494	0.76625520628775	0.154202131619663	0.775145018585684	0.788500943830305	0.999986120067965	0.8730575702704	0.800227111985237	0.992849071326454	0.790051653558486
Syntrophobotulus	0.16	0.24	0.154	0.252	0	0	0.0367952436016227	0.993353066426203	0.0294069052518342	0.0853834299970448	0.857436492583114	0.0917326768196255	0.0503263977002839	0.999986120067965	0.051522842259412	0.119876073903136	0.992849071326454	0.109871906699212
Desulfotomaculum	0.426	0.351	0.432	0.431	0.05	0.201	0.000529821169119653	0.997193965326751	0.000409481201991801	0.00238486310674879	0.81314945632054	4.74335888134255e-07	0.00147792220859693	0.999986120067965	0.00140016152939132	0.0069259038168595	0.992849071326454	2.79331134123506e-06
Lachnoclostridium	2.122	0.497	2.144	0.664	0.242	0.506	1.71126777714653e-25	0.980571603002187	1.88737914186277e-15	1.23234755733392e-14	0.361992631032344	0.000305510555599226	3.29807971595512e-24	0.999986120067965	3.63749434613551e-14	3.73225260221131e-13	0.992849071326454	0.000696432664376731
Cellulosilyticum	0.368	0.325	0.45	0.455	0	0	8.27661389994653e-05	0.495265741320774	0.0002257775120168	0.000102901981614001	0.0805776795830865	0.00141902892430829	0.000283374512015434	0.999986120067965	0.000811268348263757	0.000411607926456004	0.992849071326454	0.00257123189703724
Edwardsiella	0.114	0.193	0.097	0.221	0	0	0.0844630124053051	0.906535310666011	0.0676192533931166	0.23232721426078	0.189755000541422	0.0394034094773065	0.0978255643754951	0.999986120067965	0.0962099444251055	0.288031400136172	0.992849071326454	0.0518852348396831
Brachyspira	0.36	0.33	0.51	0.408	0.05	0.2	0.000120077576152606	0.0954089892417185	0.00224078058503674	6.81564695274028e-05	0.264622229492948	0.0162856422971134	0.000385703729459887	0.448454179642699	0.00641953356794309	0.000280896119810295	0.992849071326454	0.0233280822093787
Nocardia	0.143	0.223	0.157	0.285	0	0	0.0515787115843256	0.955218746376922	0.0516281361017672	0.070909227122916	0.458965326596157	0.000248005150495956	0.0650874217611727	0.999986120067965	0.079891714259669	0.103514478404007	0.992849071326454	0.000618554022413443
Porphyromonas	0.905	0.413	1.765	0.889	0.372	0.477	2.64370784749854e-14	4.54790649584425e-11	0.00117500670720028	6.40487662906253e-13	0.747145092025863	0.00047143094159028	1.8682202122323e-13	1.60692696186497e-09	0.00371793167054416	7.14649392295398e-12	0.992849071326454	0.000999433596171394
Pusillimonas	0.143	0.228	0.153	0.334	0	0	0.0785460745976153	0.980782521194478	0.0745535000112647	0.11111011831185	0.679098620724437	2.94720960038601e-05	0.0919987172082566	0.999986120067965	0.101969948402504	0.149597731286403	0.992849071326454	9.91759421082277e-05
Caldicellulosiruptor	0.644	0.294	0.806	0.357	0.955	0.41	0.000542494444322171	0.0526371035984713	0.00136151536230988	0.305744785399776	0.638705563978703	0.981820288328959	0.00149362106748442	0.293659630601998	0.00418320662043037	0.366202793812162	0.992849071326454	0.991170957741616
Parabacteroides	2.981	0.638	2.605	0.927	0.823	0.602	1.07667481260912e-20	0.0357429563900035	1.12132525487141e-14	7.988054662178e-13	0.96074036011272	5.82413519025719e-11	1.42659412670708e-19	0.251666079129999	1.48575596270462e-13	8.46733794190868e-12	0.995687648170567	1.76388094333503e-09
Marinobacter	0.109	0.189	0.173	0.299	0	0	0.0304517721191342	0.324979688405599	0.123184383170631	0.0225786421297653	0.401297924276917	0.164284617399233	0.0439168414235133	0.894749271973858	0.154744276577287	0.044986218547975	0.992849071326454	0.185257121748071
Coprococcus	2.157	0.566	2.219	0.699	0.239	0.514	5.03780414320867e-23	0.876147517278254	4.55191440096314e-15	2.32036612146658e-14	0.76432209336819	0.00150557754603419	7.62867484543026e-22	0.999986120067965	6.8928989500299e-14	3.97355351237018e-13	0.992849071326454	0.00265985366466041
Anaeromyxobacter	0.284	0.314	0.345	0.403	0	0	0.00175741192700171	0.649478563825803	0.00322171341989763	0.00202880795953564	0.453665302122687	2.40980278676035e-05	0.00413968142804847	0.999986120067965	0.00898688480287234	0.00597371232529938	0.992849071326454	8.5146365132199e-05
Shigella	0.286	0.507	0.726	0.809	0.506	0.415	0.00138705937040651	0.00116995064535452	0.325254934289976	0.431014718382065	0.159421698582768	8.56860934330466e-07	0.00341926263402536	0.0145899727538329	0.364836222589814	0.475912084880196	0.992849071326454	4.65780815584766e-06
Leadbetterella	0.195	0.293	0.173	0.308	0.05	0.201	0.180133546327402	0.933400717209036	0.15345570467083	0.364770348911791	0.470147893281793	0.00027595768908244	0.193849298585833	0.999986120067965	0.185900625086948	0.415759752523117	0.992849071326454	0.000664807160062241
Atopobium	0.267	0.279	0.329	0.465	0	0	0.00262116334780967	0.630304565495285	0.00500170218635532	0.0028040118175735	0.687294482083443	0.0940846523838099	0.00584933294458579	0.999986120067965	0.0132545107938416	0.00792600673767444	0.992849071326454	0.112055878120043
Yersinia	0.164	0.245	0.263	0.391	0.413	0.474	0.00856038697396663	0.298572207723131	0.00944526663447387	0.273183639858585	0.602319283303043	0.422536976782845	0.0156448451593183	0.843964107164049	0.0208582971511298	0.330942466571543	0.992849071326454	0.443454648900807
Deinococcus	0.421	0.366	0.459	0.414	0	0	6.39565661349249e-05	0.873275379039794	7.1945334149226e-05	0.00021006080384578	0.921569123064209	6.27704727730478e-09	0.000229810034247527	0.999986120067965	0.000299066879208547	0.000795230185987594	0.995400790792213	7.7447923879815e-08
Cronobacter	0.23	0.349	0.232	0.35	0.05	0.201	0.134980305050094	0.999818130472553	0.120612301575522	0.2028468507335	0.636589907999197	0.00136702541366109	0.147504250879485	0.999986120067965	0.154034987554281	0.259057423828326	0.992849071326454	0.00249835679048407
Acinetobacter	0.51	0.541	1.591	0.756	0.499	0.453	1.72805745010734e-14	4.41868763800812e-14	0.996964330911965	3.27465664584636e-08	0.0347492718927282	0.0648163429815326	1.2632695842164e-13	2.34190444814431e-12	0.996964330911965	2.23944260941751e-07	0.992849071326454	0.081687833676904
Dyadobacter	0.121	0.219	0.103	0.281	0.035	0.141	0.373555872537406	0.929785543405723	0.342018524275581	0.604486697814542	0.496255709645552	0.00528284865432277	0.382578961246039	0.999986120067965	0.379622655216875	0.643975778576296	0.992849071326454	0.00801467819142585
Pantoea	0.127	0.218	0.301	0.425	0.074	0.216	0.00602277079662312	0.00897853266855364	0.747034077329216	0.0227053084180817	0.567499053835662	0.000681249315945469	0.0120544176718934	0.0865204057151533	0.780153814747753	0.044986218547975	0.992849071326454	0.00133726717574481
Dehalococcoides	0.187	0.275	0.271	0.426	0	0	0.0159831218801398	0.389900493702315	0.0540950291405796	0.0117784855708938	0.501603148904184	0.000413213393736151	0.0260647833737665	0.972457701939892	0.0819153298414491	0.0260108223023904	0.992849071326454	0.000899059459901825
Mycoplasma	0.96	0.356	1.345	0.445	2.033	0.227	1.80543410611564e-20	7.14414005942299e-06	1.96509475358653e-14	4.44454822945417e-08	0.988588259390358	0.313035867480585	2.12640016942509e-19	0.000137687062963425	2.31444493200191e-13	2.8552855292251e-07	0.995687648170567	0.336871085816671
Pelodictyon	0.131	0.23	0.11	0.249	0	0	0.0955655311287118	0.903909109148146	0.0773126293710359	0.255066345914074	0.682948622364329	0.003125904385897	0.106631013680457	0.999986120067965	0.104229785394612	0.310770490424044	0.992849071326454	0.00498264458503883
Pseudoxanthomonas	0.164	0.266	0.105	0.227	0	0	0.0386248172594541	0.497529645210109	0.0376096287534468	0.363072660592496	0.819139034643442	0.0170407229202915	0.0520448406003826	0.999986120067965	0.061808072059928	0.415759752523117	0.992849071326454	0.0240842217273454
Chlorobaculum	0.208	0.27	0.101	0.249	0	0	0.00383457844093265	0.119694449291509	0.00722623657120713	0.406829211812189	0.328599069233943	1.09854359786437e-05	0.00821142049977498	0.489683337286383	0.0166879244525321	0.458764855873319	0.992849071326454	4.46630212537982e-05
Gordonibacter	1.248	0.608	1.022	0.587	0.114	0.332	1.3102137388432e-10	0.162738858891593	5.5405569021616e-11	4.26914050899452e-06	0.0712811554004404	3.46204404927322e-09	7.30961349038839e-10	0.565584230901929	3.55938807047957e-10	2.05694951797009e-05	0.992849071326454	4.58720836528702e-08
Erwinia	0.327	0.301	0.34	0.399	0	0	0.000413960029159075	0.978329266403886	0.000351907834409082	0.00157645731042666	0.344424801059024	0.150825794249402	0.00118593954299627	0.999986120067965	0.00124340768157876	0.00485731252559145	0.992849071326454	0.17283820746418
Bordetella	0.208	0.263	0.142	0.261	0.05	0.201	0.0571979889491727	0.457458245558058	0.0623765255312039	0.49059226926207	0.934362063054955	1.11657553134495e-05	0.0691274799193982	0.999986120067965	0.0918321070320502	0.530640617773259	0.995400790792213	4.46630212537982e-05
Enterococcus	1.405	0.456	1.288	0.594	0.102	0.278	9.53465470132368e-18	0.481862457990602	2.83106871279415e-14	1.23712151633981e-12	0.713558899464539	2.04010175753932e-08	1.01067339834031e-16	0.999986120067965	2.83464073469947e-13	1.192135279382e-11	0.992849071326454	1.96591623908335e-07
Azoarcus	0.155	0.25	0.121	0.244	0	0	0.0523588162903772	0.782017223809093	0.0416500406051115	0.231024127997965	0.693053172756724	0.000300643283333513	0.0656808819737276	0.999986120067965	0.0663895384081476	0.288031400136172	0.992849071326454	0.000692786696377227
Mycobacterium	0.654	0.294	0.675	0.34	0.39	0.446	0.00836180267967987	0.952593717636738	0.00808754734235329	0.0155403175544284	0.490135170561663	0.0546703708643512	0.015550019018352	0.999986120067965	0.018048000385041	0.0332829121840569	0.992849071326454	0.0702431431711664
Rhodopseudomonas	0.265	0.335	0.322	0.326	0.287	0.36	0.729997189855073	0.71103112869375	0.969723176710463	0.940000257953367	0.210008359877429	0.00725695196909925	0.736949544044169	0.999986120067965	0.974319021149849	0.958077185990931	0.992849071326454	0.0106101642582692
Anoxybacillus	0.611	0.512	1.633	0.625	0.718	0.509	1.59591108370731e-14	3.73034936274053e-14	0.738449166644612	6.22535922700784e-07	0.241055130568413	0.75457826005692	1.20833267766411e-13	2.34190444814431e-12	0.775006056082464	3.47309514769911e-06	0.992849071326454	0.772804788077618
Megamonas	0.162	0.418	0.322	0.559	0	0	0.0514024057614207	0.192167352488997	0.341170625588651	0.0463395510842195	0.883220715572615	9.57924588268873e-12	0.0650874217611727	0.626761211194884	0.379622655216875	0.0785918786388363	0.992849071326454	4.42559053066261e-10
Roseburia	2.777	0.584	2.527	0.668	0.564	0.668	8.11620501304842e-26	0.140018878683198	1.66533453693773e-15	2.79776202205539e-14	0.638856197819192	0.0289351766733379	1.72063546276627e-24	0.524576371490252	3.530509218308e-14	3.97355351237018e-13	0.992849071326454	0.0393221631714592
Rhizobium	0.264	0.301	0.324	0.332	0	0	0.00144419734098852	0.604822653107422	0.00292842447541364	0.0015809177559708	0.603782103020904	0.000267885256399441	0.00344011052010748	0.999986120067965	0.00827767985050255	0.00485731252559145	0.992849071326454	0.000652777866168753
Asticcacaulis	0.117	0.218	0.086	0.183	0	0	0.0900716079519364	0.738697913420592	0.0776806891148522	0.359599245933897	0.338444183977579	0.0625337949971147	0.10211326676904	0.999986120067965	0.104229785394612	0.414320870315142	0.992849071326454	0.0793842187987324
Desulfitobacterium	0.295	0.307	0.434	0.4	0	0	9.75097527229263e-05	0.0977366227123145	0.00178287261583776	5.55547988528859e-05	0.741101438207553	0.000226279785702648	0.000328128056781911	0.448454179642699	0.00524956936885563	0.000235552347136236	0.992849071326454	0.000571087078201921
Cellulomonas	0.165	0.265	0.152	0.256	0	0	0.0514649299010268	0.969995136272489	0.0404506337263725	0.12886148483964	0.990981366920807	0.000267747467189993	0.0650874217611727	0.999986120067965	0.0649661693181134	0.170741467412524	0.995687648170567	0.000652777866168753
Spirochaeta	0.214	0.315	0.251	0.333	0	0	0.020083394446903	0.838678770158469	0.0251338791956364	0.0240404660196291	0.42371215218479	0.000218499989514402	0.0310779534506819	0.999986120067965	0.0455417298245719	0.0471905444089015	0.992849071326454	0.000558096358759678
Ruminococcus	2.666	0.505	2.701	0.747	0.596	0.665	4.68359341407275e-26	0.957033755633489	1.66533453693773e-15	8.77076189453874e-15	0.98171985276511	0.000667143255741955	1.14149775899697e-24	0.999986120067965	3.530509218308e-14	3.71880304328442e-13	0.995687648170567	0.00132181654408686
Pelotomaculum	0.12	0.229	0.143	0.229	0	0	0.0849886035156238	0.873672207320909	0.101098424065491	0.0908473042246982	0.204486151895862	0.112016321389306	0.0978255643754951	0.999986120067965	0.129896156981116	0.125496121336291	0.992849071326454	0.130480550189741
Desulfurispirillum	0.102	0.201	0.23	0.288	0	0	0.00138333038446276	0.0126883558115745	0.171159733063588	0.00167680697739658	0.0927928873022123	0.000616104600276323	0.00341926263402536	0.116953540524078	0.205004878019665	0.00507832970297251	0.992849071326454	0.00124067832008457
Clostridium	1.409	0.384	1.38	0.478	0.156	0.373	1.65530274102371e-21	0.936931679407138	8.54871728961371e-15	3.10862446895044e-14	0.134213526301936	0.00397906761939962	2.33949454064684e-20	0.999986120067965	1.2082187102654e-13	3.97355351237018e-13	0.992849071326454	0.00624860989120533
Lawsonia	0.447	0.306	0.786	0.405	1.239	0.178	1.08692060714423e-16	5.65339290126143e-06	3.07531777821168e-14	3.56531305768515e-05	0.790057277698388	0.00279732228889378	1.00185725528077e-15	0.000119851929506742	2.83464073469947e-13	0.000154254360863113	0.992849071326454	0.00452696431485101
Rhodococcus	0.233	0.296	0.229	0.37	0	0	0.014464467577244	0.99673117860683	0.0112393698317941	0.0398606470981886	0.509278800921742	2.3932489180962e-06	0.0241454104439034	0.999986120067965	0.0238274640434034	0.0704204765401332	0.992849071326454	1.07950802263063e-05
Eggerthella	1.621	0.604	1.475	0.761	0.369	0.465	6.18080325892186e-11	0.518164114212276	2.34040564706106e-11	2.27465237090385e-07	0.131320156776235	4.84328936536811e-08	3.63980636358731e-10	0.999986120067965	1.65388665725648e-10	1.33951750731005e-06	0.992849071326454	3.94914363637707e-07
Desulfovibrio	1.125	0.458	1.066	0.618	0.14	0.401	5.07341643083952e-11	0.839564011417492	2.31724639476738e-11	3.90754973933483e-08	0.722954642563681	6.10618381607966e-16	3.07304080953708e-10	0.999986120067965	1.65388665725648e-10	2.58875170230932e-07	0.992849071326454	6.47255484504444e-14
Thermoanaerobacterium	0.131	0.23	0.181	0.285	0	0	0.0427455517465559	0.567482594524229	0.0908416657792681	0.0349521723194683	0.831211354140925	0.171743428558662	0.0555954415353979	0.999986120067965	0.11742947039759	0.0633321412968144	0.992849071326454	0.192643422510245
Thiobacillus	0.135	0.233	0.137	0.295	0	0	0.093850728971795	0.999576536022779	0.0827338758820447	0.150749346247747	0.186378496108582	0.0065490834035558	0.105831673095854	0.999986120067965	0.10894150116145	0.196066634383573	0.992849071326454	0.00977750479967485
Serratia	0.39	0.363	0.488	0.373	0.242	0.392	0.106888285528639	0.430936941215403	0.299363887080892	0.0879084475732713	0.511286032417056	0.105765032400272	0.118022481937872	0.999986120067965	0.339385797118445	0.122609150562721	0.992849071326454	0.123879485463302
Thermanaerovibrio	0.132	0.225	0.166	0.283	0	0	0.0553087465247303	0.765526542608097	0.0797606062832205	0.0532927718485044	0.24904819031933	3.53263906597168e-05	0.068171245716528	0.999986120067965	0.105682803325267	0.0875819196269996	0.992849071326454	0.000113472648785757
Arthrobacter	0.296	0.306	0.294	0.355	0	0	0.00140331059507352	0.999521286599764	0.00103695963421557	0.00607080020217621	0.504202582440941	1.50197697320395e-07	0.00341956145006421	0.999986120067965	0.00333084003717729	0.015506140275438	0.992849071326454	1.06139706106413e-06
Thermaerobacter	0.231	0.272	0.247	0.368	0	0	0.00768646446564339	0.964690143453546	0.0071808238909582	0.0153097605457554	0.511074867422051	0.00113658854230688	0.0148004612134778	0.999986120067965	0.0166879244525321	0.0332829121840569	0.992849071326454	0.00217078172044196
Vibrio	0.362	0.296	0.438	0.39	0.118	0.267	0.00504223234179759	0.503191362186378	0.0128665587566547	0.0042715119320309	0.76247698473294	6.96386146351258e-05	0.0103781869559329	0.999986120067965	0.026482625790396	0.0114627915138044	0.992849071326454	0.000193903807687402
Sorangium	0.244	0.301	0.233	0.279	0.172	0.314	0.675943409573521	0.985641911870634	0.649866685090872	0.791911642026505	0.602740098862394	0.00034369215007389	0.688942321296088	0.999986120067965	0.688858686196324	0.822967000537348	0.992849071326454	0.000766976166480681
Desulfomicrobium	0.18	0.268	0.226	0.263	0.05	0.201	0.0947036635718873	0.689914485187469	0.15609579154422	0.0826148952397142	0.234135505427065	1.99141762461151e-05	0.106228448027725	0.999986120067965	0.188024476178265	0.117546025441741	0.992849071326454	7.40667607750245e-05
Symbiobacterium	0.258	0.31	0.28	0.334	0	0	0.00477635897247821	0.937784512703054	0.00475039997079807	0.00924342490235697	0.969914955421984	2.74110661067062e-05	0.00992733433495472	0.999986120067965	0.0129113435103742	0.0210710331107492	0.995687648170567	9.42729747673724e-05
Desulfarculus	0.224	0.286	0.183	0.333	0.169	0.309	0.684790144705827	0.79407791864683	0.771145612434891	0.987855216910708	0.415100913899405	1.60115677597124e-06	0.694619668314045	0.999986120067965	0.801386616844103	0.999998290159146	0.992849071326454	7.54322747790898e-06
Heliobacterium	0.257	0.311	0.29	0.378	0	0	0.00588586293704584	0.878054844706089	0.00672007457593171	0.00915457481891369	0.438529746019643	7.04273263770279e-05	0.0119981052178242	0.999986120067965	0.0160073686527812	0.0210710331107492	0.992849071326454	0.000193903807687402
Bacteroides	4.168	0.422	3.956	0.584	1.976	0.534	2.46883835394468e-35	0.0942676372278179	1.66533453693773e-15	1.66533453693773e-15	0.68944078482609	0.00134995246333634	1.7446457701209e-33	0.448454179642699	3.530509218308e-14	1.2356782264078e-13	0.992849071326454	0.00249360830000332
Alteromonas	4.834	0.161	4.792	0.271	5.064	0.009	5.69072048407262e-06	0.512275456124097	1.52411099239025e-05	1.03934479563916e-05	0.42174888983781	6.19067762967992e-10	2.41286548524679e-05	0.999986120067965	7.18025623081628e-05	4.89646881501117e-05	0.992849071326454	1.31242365749214e-08
Aggregatibacter	0.16	0.335	0.108	0.291	0	0	0.146964838563946	0.718361732972616	0.136658815252178	0.502552758807943	0.481869968163047	0.159616584738262	0.159777157823367	0.999986120067965	0.168439935078266	0.540818197295857	0.992849071326454	0.181928580454363
Azospira	0.129	0.207	0.127	0.225	0	0	0.0575769067121057	0.998839013620786	0.0481467117532463	0.111492648788923	0.631627293447575	0.0574451963017082	0.0691274799193982	0.999986120067965	0.0750522271447662	0.149597731286403	0.992849071326454	0.0733637446744707
Clavibacter	0.133	0.223	0.032	0.119	0	0	0.00622138170040821	0.0432025809042512	0.0318589875426781	0.855972558914326	0.37186004449116	0.0294082691400354	0.0123264758923976	0.269380798579449	0.0549114256833152	0.885200890194327	0.992849071326454	0.0397105290298568
Dickeya	0.26	0.285	0.289	0.334	0.295	0.356	0.847930845217	0.894612010889311	0.902721376631817	0.997780469525311	0.934230374320521	0.00696871773309762	0.847930845217	0.999986120067965	0.915679099741365	0.999998290159146	0.995400790792213	0.0103215172322603
Megasphaera	0.471	0.558	0.527	0.661	0.067	0.267	0.0191316521388189	0.886802345539401	0.0217556698765561	0.0254709222471924	0.551445374235592	2.42924589295995e-09	0.0298228695105117	0.999986120067965	0.0423137799433935	0.049089413785498	0.992849071326454	3.6785723521965e-08
Adlercreutzia	1.605	0.853	1.26	0.736	0.172	0.316	2.5161397095136e-09	0.107005460593902	1.34692934583569e-09	6.88990482553553e-05	0.726956454065964	1.29795925706994e-08	1.30102833760216e-08	0.453703152918144	8.39850062697548e-09	0.000280896119810295	0.992849071326454	1.44824927630962e-07
Kocuria	0.118	0.189	0.169	0.258	0	0	0.0217181035301193	0.432159589132476	0.0647240764608149	0.0164161619646429	0.109665019227118	0.096529755201706	0.0326541698467042	0.999986120067965	0.0939829055458408	0.034802263365043	0.992849071326454	0.114325743590847
Hyphomicrobium	0.164	0.269	0.121	0.191	0	0	0.0408379890914419	0.686528422493448	0.0334440818151998	0.245416628713719	0.477387274517568	0.00163916564976523	0.0534423067122573	0.999986120067965	0.0567211627585788	0.302490263298305	0.992849071326454	0.0028719265929771
Campylobacter	1.15	0.562	1.405	0.718	0.164	0.372	5.16275256931246e-10	0.103652145294775	1.05579537335032e-08	7.46466777279409e-10	0.51562248244535	5.66915008696711e-08	2.80641934536985e-09	0.448454179642699	6.39510340429337e-08	6.33003827132939e-09	0.992849071326454	4.45133266087788e-07
Thermomonospora	0.114	0.182	0.15	0.286	0	0	0.0504860028850561	0.675046147564726	0.0861922932174386	0.0446292731294989	0.520428947541457	0.0169945871532867	0.0648668643129206	0.999986120067965	0.112794852852451	0.0775525074053588	0.992849071326454	0.0240842217273454
Sinorhizobium	0.295	0.29	0.318	0.417	0	0	0.00129845282896113	0.931319382476193	0.00128985435836859	0.00308888957324061	0.56166188719491	0.0014826204692446	0.00327704761594952	0.999986120067965	0.00402131064667855	0.00861637617798695	0.992849071326454	0.00264130705445257
Runella	0.169	0.225	0.095	0.224	0	0	0.00834066520583256	0.240936455524074	0.0106224964329793	0.331803611039499	0.708503499490076	0.0359098024547198	0.015550019018352	0.75647274694254	0.0229792779978736	0.389756283217206	0.992849071326454	0.0481827729139278
Parvibaculum	0.099	0.171	0.135	0.283	0	0	0.0740939013157114	0.642891320372496	0.133836832297582	0.0630017169663225	0.350775736695214	0.0381505710066318	0.0877536708320158	0.999986120067965	0.166902402629926	0.0969174149156371	0.992849071326454	0.0505495065837871
Thermoanaerobacter	0.144	0.214	0.295	0.4	0.695	0.367	7.61172143166768e-11	0.0334468679160971	5.09324804554012e-11	3.07075309672333e-05	0.470680756727626	0.000116882500548431	4.36131065814473e-10	0.244508137869399	3.37427683017033e-10	0.000135624928438614	0.992849071326454	0.000309738626453342
Unclassified	3.515	0.214	3.559	0.332	2.413	0.211	1.93419477935296e-35	0.673943052518261	1.66533453693773e-15	1.66533453693773e-15	0.926296747627332	6.9090977421965e-06	1.7446457701209e-33	0.999986120067965	3.530509218308e-14	1.2356782264078e-13	0.995400790792213	2.98924228846053e-05
Fusobacterium	0.138	0.31	0.321	0.53	0.044	0.177	0.0206922331941941	0.0424380663688454	0.589491376956174	0.0353091742749	0.262459246367356	0.000620339160042286	0.0317880683852836	0.269380798579449	0.628000863893009	0.0634368215786339	0.992849071326454	0.00124067832008457
Ethanoligenens	0.748	0.416	0.754	0.541	0.067	0.267	1.28419096861906e-07	0.997530060959444	9.29513723768594e-08	3.41132875503192e-06	0.418239167110559	1.27512769542183e-09	5.91844533363567e-07	0.999986120067965	5.05274126766517e-07	1.6818644094576e-05	0.992849071326454	2.45751883117662e-08
Alicyclobacillus	0.137	0.213	0.269	0.326	0	0	0.000920757558969329	0.0219922489949673	0.0705131444669505	0.000759742735918056	0.336462799109685	0.00218525333678932	0.00238049515245729	0.166512742390467	0.0977044877581274	0.00251664781272856	0.992849071326454	0.00376645290568566
Corynebacterium	0.623	0.357	0.753	0.531	0.105	0.287	1.16855760290712e-06	0.268913536686236	7.29795522880217e-06	1.39585833858202e-06	0.46124697271861	4.21289361551459e-05	5.16112941283979e-06	0.802953095457494	3.68372978215728e-05	7.217608970229e-06	0.992849071326454	0.000129439629925956
Haliscomenobacter	0.387	0.363	0.247	0.381	0	0	0.0001717617188416	0.147468465982552	0.00018122278192767	0.0638573136390505	0.849822527707631	4.01737469491809e-05	0.000530579336963499	0.539022668763811	0.000686057674440466	0.0969174149156371	0.992849071326454	0.000125247564018035
Mesorhizobium	0.157	0.254	0.206	0.31	0	0	0.032580769056426	0.640988104075479	0.0597275495525215	0.0285620066712404	0.833236335364076	0.00134809367358585	0.0457425366884921	0.999986120067965	0.0891707077826377	0.0540637983419908	0.992849071326454	0.00249360830000332
Candidatus_Carsonella	0.343	0.294	0.714	0.407	1.148	0.432	4.18513281899835e-16	2.50432562864944e-06	3.76365605347928e-14	0.000192793989818862	0.806093027296264	0.330906446097539	3.4124929139525e-15	6.63646291592102e-05	3.32456284724003e-13	0.000743133197119979	0.992849071326454	0.354303871579183
Citrobacter	0.214	0.309	0.384	0.481	0.087	0.24	0.015804912529195	0.0588345333361672	0.358687858293304	0.018349492685243	0.826973731553054	0.00236276560469559	0.0260647833737665	0.309844178588358	0.394756169926594	0.0385157668244705	0.992849071326454	0.00400725046556372
Thermobacillus	0.21	0.279	0.193	0.296	0	0	0.0159497676220633	0.950542066402561	0.0115643190483702	0.0595159844755517	0.496972047813549	5.09682698554087e-05	0.0260647833737665	0.999986120067965	0.0242736201807374	0.0946075975291246	0.992849071326454	0.000148017441223927
Lactobacillus	0.931	0.53	1.008	0.48	0.134	0.37	7.00345401138715e-08	0.75850169194451	1.06383010511912e-07	5.18173759456175e-07	0.619816359278595	0.000295349402711634	3.29940500092017e-07	0.999986120067965	5.63829955713135e-07	2.96899559472187e-06	0.992849071326454	0.000690601054513348
Caulobacter	0.218	0.303	0.257	0.378	0	0	0.0177716833191941	0.819259535590703	0.0230715254410254	0.0208506968913832	0.339385788835926	3.49191725614357e-07	0.0280071586109645	0.999986120067965	0.0440645350765531	0.0425033436632042	0.992849071326454	2.11510416657839e-06
Thermus	0.514	0.424	1.476	0.569	0.645	0.477	1.14333617989748e-16	3.00870439673417e-14	0.540129454230497	1.34537425866554e-07	0.0896069655885953	0.353893378100166	1.00994695890944e-15	2.34190444814431e-12	0.584221654575843	8.38880420109104e-07	0.992849071326454	0.375126980786176
Bifidobacterium	1.929	0.705	1.819	0.684	0.348	0.394	6.11233442378858e-14	0.72423137265057	5.55111512312578e-14	3.69532293653663e-10	0.316193020285236	1.70175635601634e-05	4.18004805755864e-13	0.999986120067965	4.52629386962564e-13	3.26420192727402e-09	0.992849071326454	6.44236334777614e-05
Selenomonas	0.644	0.365	0.687	0.529	0	0	1.43882442181958e-08	0.859254559425292	1.7293548704167e-08	2.08996777550929e-07	0.903590683968482	1.17137210539669e-11	6.93251766876706e-08	0.999986120067965	1.01839786813428e-07	1.26592333830849e-06	0.995400790792213	4.42559053066261e-10
Akkermansia	1.86	1.218	1.615	1.282	0.633	0.716	0.000862241226533113	0.600131237524014	0.000538441743432316	0.0245925829573023	0.202067439216098	1.25252562188564e-11	0.00225673012376568	0.999986120067965	0.00181189920012145	0.0478314457518173	0.992849071326454	4.42559053066261e-10
Acidithiobacillus	0.079	0.162	0.227	0.256	0.05	0.201	0.000757521040340841	0.000939221591203965	0.833011290673272	0.00855616004364701	0.215470629274618	0.682402240416907	0.0020328412728134	0.0124446860834525	0.857273755450163	0.0201363248581939	0.992849071326454	0.702278033827108
Verminephrobacter	0.07	0.14	0.184	0.321	0.96	0.192	1.07571095302651e-34	0.0196746579405391	1.66533453693773e-15	2.1094237467878e-15	0.801697535621992	0.99986045111219	4.56101444083239e-33	0.154482499384974	3.530509218308e-14	1.2356782264078e-13	0.992849071326454	0.99986045111219
Oscillibacter	1.429	0.461	1.47	0.671	0.156	0.343	2.67002783239124e-16	0.921532738012926	2.98649993624167e-14	1.70419234279962e-13	0.513352971334023	3.09302301293239e-10	2.26418360186777e-15	0.999986120067965	2.83464073469947e-13	2.00715987040844e-12	0.992849071326454	7.28578754157407e-09
Bibersteinia	0.182	0.274	0.138	0.303	0	0	0.039033630450287	0.710225012840588	0.0313395748263458	0.225845041895433	0.364915245001376	0.00529271201320575	0.0520448406003826	0.999986120067965	0.0544589333047975	0.283836431504185	0.992849071326454	0.00801467819142585
Singulisphaera	0.105	0.187	0.123	0.304	0	0	0.126677096741911	0.918607926054042	0.139604536890963	0.139525422046474	0.186464823539526	0.0444921837221688	0.13914789901184	0.999986120067965	0.171076079889504	0.18258882391267	0.992849071326454	0.0582243391919739
Pectobacterium	0.14	0.224	0.156	0.353	0	0	0.0845267401237499	0.944592738332267	0.0877067078631765	0.104250659721143	0.297314300805015	0.0739955064971967	0.0978255643754951	0.999986120067965	0.114072528018364	0.141673973467194	0.992849071326454	0.0906765744358712
Ruminiclostridium	2.125	0.763	2.123	0.924	0.546	0.63	4.02792728467403e-11	0.999973192648357	2.7887137044047e-11	6.80487965976084e-09	0.787464422014503	8.62119614512362e-08	2.5115311304438e-10	0.999986120067965	1.90712033978644e-10	5.15226602810464e-08	0.992849071326454	6.52747708130788e-07
Tannerella	1.309	0.463	1.016	0.65	0.165	0.397	1.32326337656967e-13	0.0189597800406398	1.08246744900953e-13	6.89862500125038e-07	0.569410191724899	3.73450927461078e-08	8.76661986977408e-13	0.154482499384974	8.49937404407481e-13	3.75002179555149e-06	0.992849071326454	3.29881652590619e-07
Planctomyces	0.221	0.287	0.181	0.253	0	0	0.00940231704284284	0.759672929038746	0.00653253943773879	0.0773742705187301	0.45687369089944	0.00232196604498662	0.0167503463284259	0.999986120067965	0.0157374813727344	0.111587383333135	0.992849071326454	0.00396981291562229
Burkholderia	0.634	0.346	0.714	0.512	0.148	0.317	7.71280411531154e-06	0.590744092072936	1.68242620129933e-05	1.63151395073946e-05	0.981630980283395	2.43106479090782e-07	3.14445090855009e-05	0.999986120067965	7.75379031903167e-05	7.51915125123404e-05	0.995687648170567	1.56177495658321e-06
Polaribacter	0.153	0.246	0.187	0.287	0	0	0.0378950469596647	0.789519844706815	0.0522590987133682	0.0389520293396018	0.471778285761589	0.000610315522643999	0.0514983971503136	0.999986120067965	0.0800604557726847	0.0693935312604672	0.992849071326454	0.00124067832008457
Actinobacillus	0.129	0.225	0.174	0.253	0	0	0.0349534126859877	0.601619388809885	0.069376991330798	0.0294897572125565	0.0222407373263578	0.00262565844468015	0.0484321796694731	0.999986120067965	0.0974034580273455	0.0544424832100525	0.992849071326454	0.00434874679900151
Thioflavicoccus	0.204	0.271	0.096	0.21	0	0	0.00317009803414843	0.102652160405684	0.00650787940906006	0.418215929621325	0.178766790880724	3.90841125344521e-05	0.00700063315874444	0.448454179642699	0.0157374813727344	0.466640931998531	0.992849071326454	0.000123669132198565
Meiothermus	0.136	0.232	0.201	0.271	0	0	0.0210884869369454	0.381483364990912	0.072537242715679	0.0155424920104794	0.827656715396623	0.0014581366445327	0.0321637354721756	0.972457701939892	0.0998564639982074	0.0332829121840569	0.992849071326454	0.0026197031240757
Anaplasma	0.021	0.084	0.279	0.366	1.001	0.335	1.97831390397049e-36	1.24548607316477e-07	1.66533453693773e-15	1.67643676718399e-14	0.895543537481127	0.188750419419149	4.19402547641744e-34	3.77204353587045e-06	3.530509218308e-14	3.97355351237018e-13	0.994006439507848	0.209503083334343
Geobacter	0.597	0.408	0.614	0.455	0.13	0.289	0.000138850538667686	0.980554409965028	0.000115507460122344	0.000671078084323984	0.916365511982493	3.39630724999541e-09	0.000439347973097752	0.999986120067965	0.000470915029729555	0.0022662070655363	0.995400790792213	4.58720836528702e-08
Moorella	0.159	0.23	0.173	0.325	0	0	0.0408325501776233	0.957318929551851	0.0404273033826904	0.0587605139285917	0.881682625407614	0.00510950309406389	0.0534423067122573	0.999986120067965	0.0649661693181134	0.0943729466125867	0.992849071326454	0.0078493815647938
Phycisphaera	0.138	0.245	0.107	0.234	0	0	0.0853666481578613	0.806356983220753	0.0704420149471627	0.300700660870542	0.860078641075205	0.00333723704203916	0.0978255643754951	0.999986120067965	0.0977044877581274	0.362207614230426	0.992849071326454	0.0052798078575545
Delftia	0.089	0.167	0.187	0.291	0	0	0.0060272088359467	0.0448921161740874	0.197110295513761	0.00587969656506837	0.778741737071742	0.0250583318376725	0.0120544176718934	0.271917960825901	0.230869517397334	0.015388835454253	0.992849071326454	0.0344958853869258
Klebsiella	0.964	1.087	1.297	0.987	0.343	0.551	0.0139656897473938	0.28643051144794	0.067032123302893	0.00984511165599378	0.714457994737765	1.44591581557346e-08	0.0234978271940277	0.830132923640165	0.0960189874338737	0.0219701439060072	0.992849071326454	1.53267076450787e-07
Propionibacterium	0.507	0.457	0.436	0.395	0.037	0.147	0.00029407171385286	0.707127265926923	0.000167622078127594	0.00820035915862916	0.137027154206629	2.7570398281024e-05	0.000878073286433892	0.999986120067965	0.00064610691932818	0.0195334397935886	0.992849071326454	9.42729747673724e-05
Cupriavidus	0.185	0.227	0.219	0.27	0	0	0.00437385851583548	0.749632991543579	0.00648378930677296	0.00539389051518413	0.0279281858069695	0.0361561735626061	0.00918077233026854	0.999986120067965	0.0157374813727344	0.0142938098652379	0.992849071326454	0.0482082314168081
Thermodesulfobacterium	0.174	0.229	0.094	0.172	0.045	0.179	0.0319801227892591	0.187001631834131	0.0637956108594784	0.735488919518054	0.0403554897912948	0.130532340887285	0.0453385520254074	0.626761211194884	0.093273582773858	0.771899262068453	0.992849071326454	0.150395957978828
Fretibacterium	0.301	0.294	0.261	0.373	0.05	0.201	0.0104656599432193	0.81342941746638	0.00724192947940072	0.0712882728631369	0.889817563924652	1.58668160424339e-06	0.0181862287537908	0.999986120067965	0.0166879244525321	0.103514478404007	0.992849071326454	7.54322747790898e-06
Coriobacterium	0.512	0.489	0.597	0.525	0.035	0.141	0.000460484281367165	0.685082898011028	0.00078495990554639	0.000673448326079185	0.857511104176746	6.65097541728341e-07	0.00130163556866452	0.999986120067965	0.00256017692270515	0.0022662070655363	0.992849071326454	3.81082915801103e-06
Sphingobium	0.142	0.231	0.165	0.288	0	0	0.0536486724394721	0.890518494628673	0.0614611354481898	0.0624581978102271	0.581020807416598	9.87686711604392e-05	0.0665118044278835	0.999986120067965	0.0911172077973163	0.0969174149156371	0.992849071326454	0.000265050104886242
Desulfosporosinus	0.154	0.225	0.305	0.383	0	0	0.000611416832589395	0.0160131096245434	0.0656820297296611	0.000521466701471462	0.528067911991158	0.00255713709162974	0.00166179959626861	0.135791169616128	0.0947251040999194	0.0018425156785325	0.992849071326454	0.00426860679862603
Desulfococcus	0.15	0.212	0.168	0.248	0.05	0.201	0.190997096208469	0.921097866701907	0.211113474523894	0.201256497517942	0.511305569757222	0.00112865573528446	0.203474293448218	0.999986120067965	0.24456861529544	0.258584105901841	0.992849071326454	0.00217078172044196
Mobiluncus	0.372	0.291	0.869	0.866	0	0	9.5073292983305e-09	2.9497612887841e-06	0.00765761157475231	2.67465224412788e-08	0.655580538674391	0.0286410225588299	4.68733444475829e-08	6.94832659135811e-05	0.017456060794059	1.89008758585037e-07	0.992849071326454	0.0391735276288512
Haliangium	0.172	0.296	0.21	0.317	0.05	0.2	0.205929905753385	0.820346518340686	0.269567499542842	0.192236057247181	0.648350362718483	1.46545659961601e-07	0.218285700098588	0.999986120067965	0.307248977973561	0.248500269124404	0.992849071326454	1.06139706106413e-06
Bradyrhizobium	0.36	0.378	0.554	0.489	0.509	0.387	0.0529292023080816	0.0681021526437259	0.359377079225626	0.934063610904777	0.915326240528085	1.46259409671045e-05	0.0660058287606665	0.343753722868331	0.394756169926594	0.956625533873492	0.995400790792213	5.63763542732029e-05
Paenibacillus	0.554	0.371	0.523	0.478	0.05	0.201	1.40497647187286e-05	0.926240830568583	7.86572157462917e-06	0.000352655105186672	0.682278264616203	0.000447492365878744	5.51583355624159e-05	0.999986120067965	3.87798366004973e-05	0.00128901521206163	0.992849071326454	0.000958266480467613
Filifactor	0.326	0.305	0.586	0.523	0.035	0.141	4.6227424475438e-06	0.0016607811998729	0.00607051308469309	3.33506333738409e-06	0.165875508625902	0.161431720129487	2.00004367118222e-05	0.0185308218091081	0.0153208187375587	1.6818644094576e-05	0.992849071326454	0.183013500895461
Odoribacter	2.57	0.524	2.322	0.83	0.508	0.636	1.133383365007e-23	0.141041760259172	2.33146835171283e-15	3.1641356201817e-14	0.55362172549221	3.29688816848733e-05	2.00231061151237e-22	0.524576371490252	3.80208685048554e-14	3.97355351237018e-13	0.992849071326454	0.000107529275649125
Pseudomonas	0.871	0.38	1.097	0.359	0.938	0.393	0.0214885848490131	0.0157913887216331	0.784960366873122	0.372826977162813	0.189636620845528	1.60948199354751e-07	0.0325398570570769	0.135791169616128	0.811763891595619	0.422670155927895	0.992849071326454	1.06628182072523e-06
Staphylococcus	0.28	0.298	0.29	0.362	0	0	0.00213717018696571	0.985812947820214	0.00181018902990404	0.00623271677014703	0.590748702072973	0.0856579414062125	0.00488127279491953	0.999986120067965	0.00525698731972133	0.0157301899437044	0.992849071326454	0.103178883966574
Prosthecochloris	0.208	0.297	0.123	0.295	0	0	0.0161778998838629	0.333647212809828	0.0181398253576009	0.343972349767845	0.316878634848008	3.1742328804545e-07	0.0261810288196864	0.906114415003844	0.0359405885589851	0.400671088740566	0.992849071326454	1.97922756075399e-06
Cryptobacterium	0.185	0.267	0.177	0.247	0	0	0.0231700302169386	0.986250793450573	0.017810283993677	0.0640020664537226	0.869426489569949	3.2571684938972e-05	0.0345918760985281	0.999986120067965	0.035620567987354	0.0969174149156371	0.992849071326454	0.000107529275649125
Myxococcus	0.244	0.3	0.21	0.315	0	0	0.00830751325658566	0.842435298544185	0.00564915704100122	0.055446559257201	0.879478133874075	1.4604215605928e-06	0.015550019018352	0.999986120067965	0.0146051377157592	0.0904205427886662	0.992849071326454	7.20021792664358e-06
Streptomyces	0.617	0.386	0.458	0.502	0.168	0.304	0.000186551537280337	0.160373533609764	0.000189127620770391	0.0609739810508846	0.37392334250185	0.00275239239768404	0.000564984655763305	0.565584230901929	0.000691294062126256	0.0957517332058336	0.992849071326454	0.00450771716603281
Variovorax	0.192	0.274	0.428	0.525	0	0	0.00011594106150806	0.00270795705772409	0.0775101151145221	0.000148193841463362	0.644967600681082	5.87494036787584e-05	0.000378146231380135	0.0287043448118753	0.104229785394612	0.00058179804426357	0.992849071326454	0.000168309102431038
Caldanaerobacter	0.146	0.244	0.288	0.331	0.859	0.389	7.39594459932021e-16	0.0492187798595994	2.94209101525666e-14	3.40656891584246e-09	0.0773913429882555	0.469448477318586	5.80718612983661e-15	0.289843925839863	2.83464073469947e-13	2.67478744503185e-08	0.992849071326454	0.487858221527158
Roseiflexus	0.156	0.238	0.084	0.192	0	0	0.0178347472286802	0.274352375945639	0.023334612153723	0.433555300880802	0.520956040403319	0.224555522272109	0.0280071586109645	0.807815329173271	0.0441690872909757	0.476236910812072	0.992849071326454	0.247946722508787
