Taxa	stoolMeans	swabMeans	Origin p-value	Time p-value	Individual p-value	Origin (adj p-value)	Time (adj p-value)	Individual (adj p-value)
Geobacter_lovleyi	2.33334366217588	2.02914383253058	5.11190762858942e-07	0.548877916725467	3.09325086720864e-12	2.56398480852284e-06	0.895643129778526	6.67171755672453e-12
Coprococcus_catus	3.13067338152504	2.98929140055719	0.00224845183003365	0.432437493701542	7.87833946889837e-32	0.00588880241199289	0.895643129778526	6.19012386842015e-31
Streptococcus_parasanguinis	1.68745623247411	1.13322235881898	1.40555514448136e-10	0.223682701026006	9.04873314312449e-18	9.09476858193824e-10	0.895643129778526	2.36990629938975e-17
Prevotella_intermedia	0.857172912351927	1.76141385831993	3.34631350521952e-15	0.319684917343149	3.84566756715879e-05	4.60118106967684e-14	0.895643129778526	5.56609779457193e-05
Acholeplasma_brassicae	0.756400442797999	0.654174829953268	0.136638388323012	0.300920429449219	2.91808799192018e-32	0.217829314717845	0.895643129778526	2.6749139925935e-31
Variovorax_paradoxus	0.709579600105072	0.702683521591413	0.983773385164682	0.966648267587472	1.52718171739482e-45	0.997609093716499	0.977642784389693	8.39949944567151e-44
Eggerthella_lenta	1.51703585442379	1.60740565536	0.194815847435834	0.968755122713423	8.14315294850069e-12	0.28959112456678	0.977642784389693	1.69008834780203e-11
Streptococcus_anginosus	0.36737158602839	1.21216782466013	8.56566413530374e-15	0.872182791957846	0.000218894561085536	1.04691450542601e-13	0.977642784389693	0.000304789895182391
Streptococcus_gordonii	0.435760687316358	0.266244677238246	0.00498757501705443	0.791180961697416	1.62080842783733e-09	0.011926809823391	0.977117670670035	2.9227692961001e-09
.Ruminococcus._torques	3.87367364752419	3.8735420203913	0.997609093716499	0.0154960169242641	3.79381525783103e-08	0.997609093716499	0.284093643611508	6.32302542971838e-08
Clostridium_beijerinckii	0.241721274635162	0.185414625784313	0.209373600478586	0.625372506386762	0.0011905286170845	0.303040737534796	0.923088202777085	0.00147143986381231
Roseburia_hominis	2.56846582275407	2.4953111890566	0.164648788826871	0.35436479548681	5.50704621076659e-11	0.251546760707719	0.895643129778526	1.10140924215332e-10
Faecalitalea_cylindroides	1.27923076185888	1.39733196409849	0.133599014221293	0.872758206920051	5.86503032668415e-27	0.216116052416797	0.977642784389693	3.22576667967628e-26
Beutenbergia_cavernae	0.185907273868325	0.168316726780917	0.626083333477598	0.834445285163232	0.893470814538192	0.740528674005761	0.977642784389693	0.910016570362973
Eubacterium_rectale	3.29993285903436	3.12599893997068	0.00129447256933812	0.640001422455987	6.86192997107123e-32	0.00374715743755771	0.923088202777085	5.80624843706027e-31
Haemophilus_parainfluenzae	0.544594290183649	0.493466632484935	0.530481899370939	0.171823979718099	2.39575267813691e-10	0.648366765897815	0.895643129778526	4.54366887232862e-10
Pantoea_ananatis	0.702140007697148	0.81648555176081	0.105630493518152	0.0956285019261061	1.54899732253999e-06	0.184434195031695	0.70265479638458	2.50573096293234e-06
Acidaminococcus_fermentans	2.87353391584967	2.5990702171595	4.70713074052336e-05	0.929320324566362	4.22405290520549e-33	0.000167027219825022	0.977642784389693	4.44301126986193e-32
Streptococcus_salivarius	1.37671446408983	0.968626942307287	8.94481417172682e-06	0.405342799029589	2.5158785083701e-23	3.64418355144426e-05	0.895643129778526	9.88380842573969e-23
Parabacteroides_distasonis	3.42472709003	3.35206668550784	0.115773559774741	0.885742453683868	4.44301126986193e-33	0.196474641939865	0.977642784389693	4.44301126986193e-32
Methylobacterium_nodulans	0.545913993528072	0.416881873776331	0.0387759370595446	0.423510059343342	6.65266435218209e-11	0.0748307557289456	0.895643129778526	1.30677335489291e-10
Streptococcus_macedonicus	0.451140176648515	0.718271299664067	0.00833798132279567	0.610965684088238	0.00346349294606795	0.0191078738647401	0.923088202777085	0.00405302366029228
Methylocella_silvestris	0.58815204261809	0.507358031725874	0.129281904299413	0.0011733117416141	1.2261772535002e-05	0.21225387273038	0.129064291577551	1.84766435458934e-05
Desulfovibrio_vulgaris	1.19981870230153	0.993334990377916	0.0124688238132288	0.792520411599323	7.80325348082894e-25	0.0249376476264575	0.977117670670035	3.43343153156474e-24
Ruminococcus_bromii	2.02479457088164	2.01119678695923	0.712505290943469	0.671336874746971	7.60032700788189e-35	0.807250539673933	0.923088202777085	9.28928856518898e-34
Desulfotomaculum_reducens	0.11006364043002	0.230086813348194	0.000315647385443524	0.516587255681473	2.19801153358878e-06	0.00102121212937611	0.895643129778526	3.50407635789516e-06
Ruminiclostridium_thermocellum	0.976769788130177	0.823054028024727	0.0374018219326435	0.952537378645329	9.16869706882684e-20	0.0734678645105497	0.977642784389693	2.88159050734558e-19
.Clostridium._sticklandii	0.572361348979683	0.945936172353382	1.65280400710583e-05	0.241688977688361	6.91255376984287e-06	6.2692565786773e-05	0.895643129778526	1.07095903476439e-05
Campylobacter_curvus	0.092864694711283	0.818185126363279	6.37517222614977e-16	0.510083211835597	0.000471416067256521	1.00181277839496e-14	0.895643129778526	0.000624768281906233
Jonesia_denitrificans	1.12819338307104	0.785187069816173	0.000168351648953232	0.895882266484125	0.239299291207312	0.000578708793276734	0.977642784389693	0.250694495550517
Geobacillus_sp._GHH01	1.36713660491932	2.89370204810849	9.29901073519662e-35	0.161636435910592	0.401432377807342	3.40963726957209e-33	0.889000397508258	0.41268749120381
Bacillus_amyloliquefaciens	1.38700786085574	1.62337923074889	0.00149000761451188	0.357213516148936	4.39759784003747e-19	0.00409752093990768	0.895643129778526	1.2729888484319e-18
Anoxybacillus_flavithermus	1.30462586811355	2.88915064671521	4.01586233789697e-37	0.120879878019079	0.00567150639815364	2.20872428584333e-35	0.70265479638458	0.00649860108121771
Lachnoclostridium_phytofermentans	0.213776841541468	0.205490905711948	0.812807615985115	0.304889750410278	0.00263481508732432	0.876557232925124	0.895643129778526	0.00315032238701821
Modestobacter_marinus	0.167132909428709	0.147304425475623	0.541427933517135	0.516389623368796	0.999792219869773	0.654473326229504	0.895643129778526	0.999792219869773
.Eubacterium._siraeum	1.51413225464947	1.36390158216954	0.128620374204368	0.817225688196757	1.58834064669596e-26	0.21225387273038	0.977117670670035	7.94170323347982e-26
Escherichia_coli	0.794267159656546	1.45010409604203	2.24423549364839e-10	0.466041095466968	5.12726234690733e-13	1.37147724611846e-09	0.895643129778526	1.15101807787716e-12
Campylobacter_hominis	0.17103112775555	0.869940318394222	3.84922863865627e-12	0.558821722300211	5.52992542930651e-07	3.25703961732454e-11	0.895643129778526	9.07898204811516e-07
Acinetobacter_baumannii	0.0181531830004906	0.540051492226757	2.13194602493023e-16	0.202633676406107	0.229831450622324	3.90856771237208e-15	0.895643129778526	0.243090957388997
Peptoclostridium_difficile	1.94644342206793	2.02680610332565	0.2814879317302	0.99930925827137	5.96704851534959e-14	0.387045906129025	0.99930925827137	1.36744861810095e-13
Odoribacter_splanchnicus	2.24063415031402	2.1930327189497	0.441344552472255	0.551129043014738	3.32443116391687e-25	0.55506808190362	0.895643129778526	1.52369761679523e-24
Faecalibacterium_prausnitzii	3.55922371895093	3.62089694722897	0.427745303678529	0.325911094568949	3.44171488610113e-37	0.547116086100444	0.895643129778526	6.30981062451874e-36
Alistipes_finegoldii	2.59223225641396	2.22352500182886	6.32486747577301e-06	0.751563006195819	7.91541847657665e-29	2.78294168934012e-05	0.97261094919459	5.44185020264645e-28
Clostridium_tetani	0.50622652226172	0.428340519123107	0.207806343612333	0.817013121009525	3.41098402929455e-19	0.303040737534796	0.977117670670035	1.01407633303351e-18
Gordonibacter_pamelaeae	0.691996155200109	0.348267316417932	5.95844694224792e-07	0.517349683503363	3.07340489825766e-05	2.8496920158577e-06	0.895643129778526	4.50766051744457e-05
Lactobacillus_crispatus	0.136804465306287	0.330485197959982	0.000552381159470016	0.717913453474041	0.137089144406895	0.00173605507262005	0.963054632709079	0.147841234164299
Ruminococcus_champanellensis	0.674105556188363	0.668750879413981	0.996909936977518	0.736707865322399	7.57798178920701e-24	0.997609093716499	0.964736490303141	3.08732591412137e-23
Coxiella_burnetii	0.395307730026021	0.436354841233688	0.366211272360203	0.938018054179775	1.6861909496839e-53	0.479562380471695	0.977642784389693	1.85481004465229e-51
Prevotella_dentalis	0.518799900809283	0.449619556362812	0.230717608166164	0.34529168835904	1.7896702667233e-09	0.329596583094519	0.895643129778526	3.1752214409607e-09
Cellulophaga_lytica	0.28126125707504	0.268656564723795	0.808180107664174	0.0893783899696213	0.00168363451330727	0.876557232925124	0.70265479638458	0.00203516259850329
Fusobacterium_nucleatum	0.171852519676393	0.730237519574572	3.09814976100485e-11	0.543598976935731	0.000911282178888756	2.12997796069084e-10	0.895643129778526	0.00113910272361094
Segniliparus_rotundus	0.0402420337630765	0.686818110467169	4.56443242482338e-14	0.361944654553855	0.171131314563128	5.02087566730571e-13	0.895643129778526	0.182761598077127
Bacteroides_thetaiotaomicron	3.67775322949379	3.4901034185885	1.27649634881698e-05	0.695237175771872	8.0043827042406e-19	5.01480708463815e-05	0.944149251048221	2.20120524366617e-18
Olsenella_uli	2.23911693628964	2.16125313516305	0.34251808635329	0.636596095842734	4.52436988475166e-27	0.453939632516409	0.923088202777085	2.61937203854044e-26
Clostridium_perfringens	0.524580134259426	2.19436962825335	6.59960631684631e-40	0.578096929220685	0.000126204869381678	7.25956694853094e-38	0.895643129778526	0.000177981226051085
Streptococcus_lutetiensis	0.191653923687027	0.430625779095736	3.80719310436506e-06	0.00800324912100331	5.88177110880025e-15	1.74496350616732e-05	0.180260264188494	1.37658472759155e-14
.Ruminococcus._obeum	3.35056532641828	3.24649222822004	0.0601982989247117	0.10967385206279	0.0799317341116684	0.108554309536365	0.70265479638458	0.0879249075228352
Clostridium_sp._SY8519	2.35466935410316	2.17770718689998	0.012444970732219	0.277483770432746	5.13473183125724e-06	0.0249376476264575	0.895643129778526	8.06886430626138e-06
Bacteroides_vulgatus	4.06247432558547	4.0627309804546	0.888176976984385	0.958680109482986	1.27843163078925e-31	0.921693089323419	0.977642784389693	9.37516529245449e-31
Syntrophomonas_wolfei	0.385091637448548	0.375273247750117	0.873364100361158	0.277574763492473	4.08273021746557e-24	0.914952867045022	0.895643129778526	1.72730893815851e-23
Ketogulonicigenium_vulgare	0.501414656180443	0.571121466445113	0.293332492076277	0.23338033459293	2.34797527150483e-27	0.39405668104843	0.895643129778526	1.51927811685607e-26
Porphyromonas_asaccharolytica	0.290758232914874	1.34340170448518	1.29584650701701e-19	0.103611304226268	0.000100007303244345	2.85086231543742e-18	0.70265479638458	0.00014286757606335
Slackia_heliotrinireducens	0.593847207320611	0.515001163271538	0.19457222316309	0.429037237865243	5.29877316442465e-35	0.28959112456678	0.895643129778526	7.2858131010839e-34
Fibrobacter_succinogenes	0.95511995192608	0.862729066927008	0.237860370073807	0.0294739779419964	1.36481195907761e-18	0.335444111642548	0.463162510517087	3.66169062191555e-18
Roseburia_intestinalis	2.79822913311957	2.57770887090141	0.00138153157635765	0.861090535278619	6.35323916300111e-21	0.00389662752306004	0.977642784389693	2.11774638766704e-20
Bacteroides_helcogenes	0.39441161332566	0.43893385730373	0.405819843695061	0.198901946838899	2.81622541027727e-27	0.525178621252432	0.895643129778526	1.72102663961389e-26
.Clostridium._saccharolyticum	3.20567065742713	3.19828990082918	0.855863468012089	0.00262687543065912	0.000848168848202255	0.905240206551248	0.144478148686252	0.00109463890393763
Oscillibacter_valericigenes	3.3745367590464	3.39328234748538	0.6510357505485	0.961703622776343	0.000279296908271923	0.753830869056158	0.977642784389693	0.000374666584267213
Rhizobium_sp._IRBG74	0.330401010682872	0.309800168690847	0.738529812130437	0.320168466854827	0.000855808597623968	0.812382793343481	0.895643129778526	0.00109463890393763
Candidatus_Endolissoclinum_faulkneri	0.172279641273422	0.175908455825421	0.900985655407506	0.370272657135272	0.0323779002107953	0.926246935465661	0.895643129778526	0.0363425410529335
Bacteroides_fragilis	2.59515185169567	2.73740506498087	0.040881882774158	0.942870561140903	9.81052840954074e-39	0.0775346052613342	0.977642784389693	2.15831625009896e-37
Coprococcus_sp._ART55.1	1.0450137262956	0.981735695891506	0.444054465522896	0.481375164591081	4.6844445632803e-22	0.55506808190362	0.895643129778526	1.6102778186276e-21
Prevotella_melaninogenica	0.429246696316958	0.601014978068732	0.0103510121357464	0.733550477711401	5.55446527896831e-10	0.0227722266986421	0.964736490303141	1.01831863447752e-09
Megasphaera_elsdenii	0.406551302556416	0.582594473508075	0.0106967161623631	0.646421797210446	2.48522248112546e-25	0.023071348585489	0.923088202777085	1.18858466488609e-24
Listeria_ivanovii	0.185730143682222	0.199527713782072	0.72652548570654	0.121367646648246	0.067209071854679	0.807250539673933	0.70265479638458	0.0746767465051989
Alkaliphilus_oremlandii	0.317477394576734	0.422856284222697	0.0717022443655765	0.935591326520712	1.13248320346847e-05	0.127213659358281	0.977642784389693	1.73018267196571e-05
Paludibacter_propionicigenes	2.15523984066554	2.06433489011482	0.163513558680775	0.572679609598122	2.72280826836827e-35	0.251546760707719	0.895643129778526	4.27869870743585e-34
.Eubacterium._eligens	2.25898014941155	2.09047839878662	0.0481957961070642	0.61474036412544	2.37826973031958e-22	0.0898565690131704	0.923088202777085	8.43902162371464e-22
Unclassified	4.75918866852608	4.70135005724042	7.72394622267499e-06	0.297470211596931	6.46887363595833e-19	3.26782340190096e-05	0.895643129778526	1.82455410244978e-18
Ralstonia_pickettii	0.538264122126334	0.677138653160635	0.0548510223851715	0.467550625017119	1.94373694254826e-11	0.100560207706148	0.895643129778526	3.95946414222793e-11
Selenomonas_ruminantium	0.618429435837272	0.744756543088358	0.116098652055375	0.0974461846758308	1.97977546980456e-10	0.196474641939865	0.70265479638458	3.82061932769301e-10
Marinitoga_piezophila	0.347273971709828	0.371380874114031	0.724133006964335	0.815434064260724	4.19822567892991e-15	0.807250539673933	0.977117670670035	1.00392353191802e-14
Lactococcus_lactis	1.03156971103528	0.70926150358358	0.00063454725904493	0.00500035004385318	0.000242482423739568	0.00193889440263729	0.180260264188494	0.000329297118658672
Clostridium_saccharobutylicum	1.01220542444889	0.612152754844404	3.6912425515251e-05	0.664974673314877	7.17562677636647e-13	0.000135345560222587	0.923088202777085	1.57863789080062e-12
Streptococcus_sanguinis	0.37916149346482	0.120806275835326	5.12796961704567e-07	0.0629197608845333	0.0038539449662792	2.56398480852284e-06	0.70265479638458	0.00446246259253381
Bacteroides_salanitronis	1.0228098665707	0.852545399194397	0.00344195776722328	0.567790469553427	1.80584835410089e-19	0.00841367454210136	0.895643129778526	5.51786997086382e-19
Halothiobacillus_neapolitanus	0.735388397323887	0.687544321076835	0.489507078449214	0.482660375581863	4.08649733055996e-09	0.605008748645095	0.895643129778526	7.02366728689993e-09
Ethanoligenens_harbinense	2.40484164707612	2.49136204739913	0.146826686542061	0.455545772621906	1.82253394526482e-09	0.230727650280382	0.895643129778526	3.18220212665286e-09
Streptococcus_thermophilus	0.559483301381326	0.354889774264794	0.00920995292258311	0.0758555486688625	0.386559346030296	0.0206754045200845	0.70265479638458	0.401146491163514
Haliscomenobacter_hydrossis	0.379766681369798	0.350522179741846	0.575636271187211	0.812720595940795	7.57806075726061e-27	0.688260759028187	0.977117670670035	3.96946039666032e-26
Mobiluncus_curtisii	0.19108168341642	0.825041042551297	1.32316091826532e-12	0.789203538065989	0.012518822415494	1.32316091826532e-11	0.977117670670035	0.01419660273922
Acidaminococcus_intestini	0.417901025566832	0.426766119547973	0.824507188974584	0.00819364837220428	3.76557335032963e-41	0.880541658128196	0.180260264188494	1.03553267134065e-39
Caldilinea_aerophila	0.243347143546335	0.134849230776117	0.0115754338601087	0.548001411584444	0.000237778364696993	0.0240244853700369	0.895643129778526	0.000326945251458365
Alistipes_shahii	2.17680020979375	1.92465204942178	0.000653503377503456	0.931677632290491	9.45485628562489e-43	0.00194284787906433	0.977642784389693	3.46678063806246e-41
Dehalococcoides_mccartyi	0.151055914916945	0.142791542221236	0.718786896538695	0.896887192562821	0.00129111947474515	0.807250539673933	0.977642784389693	0.00157803491357741
Akkermansia_muciniphila	1.5448029175026	1.19516111420473	0.00282870339118022	0.340441986132321	3.01068419654466e-15	0.00723621797743778	0.895643129778526	7.35945025822028e-15
Lactobacillus_helveticus	0.182098274485108	0.205284808017791	0.640020239692864	0.465993016756656	0.999778998492682	0.748959854959734	0.895643129778526	0.999792219869773
Thermus_thermophilus	0.202888034027639	1.57128998198248	3.15271880981621e-34	0.0872371340619347	0.116473624271259	8.66997672699457e-33	0.70265479638458	0.126852462077609
Coriobacterium_glomerans	0.572085756151038	0.139677696986009	1.20510256540564e-11	0.312327275071931	0.00311676770238497	9.46866301390143e-11	0.895643129778526	0.00368649943292845
Desulfotomaculum_carboxydivorans	1.19115842467315	0.966469515936225	0.00198337221280411	0.49538358452016	7.0378283076023e-12	0.00532124252215737	0.895643129778526	1.48877137276203e-11
Clostridium_botulinum	0.285382240915524	0.703336791848571	1.04328753366824e-09	0.253639486970956	5.19724625010425e-09	6.04008572123718e-09	0.895643129778526	8.79533980786873e-09
Veillonella_parvula	1.35297769261755	1.05535765143517	0.000290508095193577	0.0917612819035109	1.88288451120703e-22	0.000968360317311922	0.70265479638458	6.90390987442576e-22
Rothia_mucilaginosa	0.383220473351441	0.223709613891843	0.0033241877795657	0.435158876737819	3.71123618361512e-10	0.00831046944891425	0.895643129778526	6.91925390165531e-10
Prevotella_sp._oral_taxon_299	0.355790667893126	1.10390563774125	2.6911465441452e-11	0.531218474270046	1.91158664508215e-05	1.97350746570648e-10	0.895643129778526	2.84154771566265e-05
Prevotella_ruminicola	0.391556787469762	0.344263851267127	0.293751344054284	0.308275780348584	1.0317269437759e-22	0.39405668104843	0.895643129778526	3.91344702811548e-22
Ruminococcus_albus	1.27355607821591	1.18432474006941	0.273407044700239	0.522367814665891	3.95969020760503e-17	0.38069335338008	0.895643129778526	9.89922551901258e-17
Streptococcus_sp._I.P16	0.892715211333305	0.483822855232096	2.1097592181307e-08	0.341129561094375	2.2795828587267e-17	1.16036756997188e-07	0.895643129778526	5.83149103395203e-17
Atopobium_parvulum	0.44302442890151	0.267009866628288	0.00523409728434254	0.0920749910422906	0.000894182626122278	0.0122500149208017	0.70265479638458	0.00113057573417759
Porphyromonas_gingivalis	0.501586067197269	0.382484870987707	0.011516937917742	0.420759727596782	0.000654367196962374	0.0240244853700369	0.895643129778526	0.000856909424593585
Adlercreutzia_equolifaciens	1.69640794547529	1.13768511077917	2.03622069265206e-12	0.659359000568628	1.78035280605565e-20	1.86653563493106e-11	0.923088202777085	5.75996496076827e-20
