Taxa	stoolMeans	swabMeans	tissueMeans	Origin p-value	OriginSwabStool p-value	OriginTissueStool p-value	OriginTissueSwab p-value	Time p-value	Individual p-value	Origin (adj p-value)	OriginSwabStool (adj p-value)	OriginTissueStool (adj p-value)	OriginTissueSwab (adj p-value)	Time (adj p-value)	Individual (adj p-value)
Burkholderiales	1.20003504604534	1.28047110542571	1.04882467876262	0.227222481420225	0.654079508327803	0.390082124408881	0.197670023003468	0.436993093544129	7.55681123398647e-12	0.274437542494558	0.99995620847492	0.503856077361472	0.311581561683432	0.994363432932635	2.91212207088412e-10
Acidithiobacillales	0.0792921217987149	0.22733280094092	0.0501713787930516	0.000757521040340841	0.000939221591203965	0.833011290673272	0.00855616004364701	0.215470629274618	0.682402240416907	0.00213483202277873	0.0097052897757743	0.890460345202463	0.0215060238934911	0.993339021584748	0.737946608822934
Thermotogales	0.135137977749377	0.116287792192527	0.0238152894117063	0.214161395803457	0.925071658961752	0.185567055922544	0.420301982779915	0.322046031817871	0.000703927024198873	0.262065918548967	0.99995620847492	0.292504003403332	0.54755659222266	0.994363432932635	0.00167859521155116
Aquificales	0.126842726636262	0.0801759370358542	0	0.0757496953705865	0.56600017453717	0.0745681072946921	0.457553065075872	0.555948518971674	0.0174239203280217	0.119402062194314	0.99995620847492	0.138696679568127	0.55262902665008	0.994363432932635	0.0274648235678987
Bacillales	1.60350709966328	2.59934473444399	1.65259988312888	1.34703247401524e-19	1.98729921407903e-14	0.904776741818654	2.09066430834071e-10	0.0352306394364886	0.516947529775338	1.78962885833453e-18	1.38872247035238e-12	0.956184511240168	1.94431780675686e-09	0.993339021584748	0.57233476510841
Chlamydiales	0.171833208766378	0.118247335261628	0	0.11816438802374	0.704655519387095	0.107992098603089	0.453257195063832	0.789869208357785	0.043808222104119	0.164019225167281	0.99995620847492	0.185986392038653	0.55262902665008	0.995692413269522	0.0626794562412779
Nitrospirales	0.065486413032568	0.127284542910306	0	0.0603528861225379	0.222353038006797	0.342858679490514	0.0533794996791381	0.881556981159337	0.000141449938305743	0.1020512438072	0.861618022276339	0.461077049622918	0.101312111635915	0.995692413269522	0.000424349814917228
Thermales	0.636318667999715	1.54124043857125	0.652453947511019	4.57974780300803e-16	2.98649993624167e-14	0.990132282115711	8.46999781423108e-09	0.177526885663018	0.264512687180161	3.87196859708861e-15	1.38872247035238e-12	0.999462195220596	6.56424830602909e-08	0.993339021584748	0.32367999878625
Vibrionales	0.43624989724325	0.474499288201034	0.118236230328426	0.00176697348579256	0.859954604792666	0.00207571680920271	0.00316608750042957	0.791753063592077	0.00010124419969942	0.0041082133544677	0.99995620847492	0.00584974737138946	0.00949826250128871	0.995692413269522	0.000324679674898141
Gemmatimonadales	0.0664425181735002	0.0831953019584084	0	0.268859738116711	0.888994110750365	0.315133840308799	0.262972495635629	0.224035062010878	0.00353459080322934	0.316505767656381	0.99995620847492	0.450883802287974	0.38668786482268	0.993339021584748	0.00684826968125684
Dictyoglomales	0.0471821190756038	0.0122238649330132	0	0.199453069187617	0.378230811571303	0.327623326806514	0.945524786501923	0.821900250920235	0.543871514030831	0.250663992357411	0.99995620847492	0.459962977734292	0.996942283302907	0.995692413269522	0.595059421233732
Thermoanaerobacterales	0.93943559804807	1.28485776538953	1.67453535548281	1.13022866952178e-17	3.72845543661349e-07	3.09752223870419e-14	9.61597749596921e-05	0.99265842955352	0.277394492828622	1.16790295850584e-16	6.93492711210109e-06	3.20077297999433e-13	0.000406493594147789	0.995692413269522	0.335034906922881
Chloroflexales	0.175195711364698	0.113438635096238	0	0.0239302238126748	0.463765955184127	0.0228489026245919	0.300100580825178	0.424708130299748	0.0068174351318456	0.0473512939272076	0.99995620847492	0.0574310255158662	0.412803002124907	0.994363432932635	0.0111231836361691
Phycisphaerales	0.137786830952694	0.1070191239523	0	0.0853666481578613	0.806356983220753	0.0704420149471627	0.300700660870542	0.860078641075205	0.00333723704203916	0.132318304644685	0.99995620847492	0.136481403960128	0.412803002124907	0.995692413269522	0.00660346904063068
Fibrobacterales	0.100536310684077	0.110122697573074	0	0.104381379757814	0.967086111421005	0.10360819055266	0.133168894381306	0.245664489209131	0.0056708171722773	0.151679192460573	0.99995620847492	0.183966573310617	0.225176494135663	0.993339021584748	0.010340901902388
Acholeplasmatales	0.241250238020148	0.36878531075546	0.214423753355766	0.139485369508908	0.145915757282724	0.946628867671069	0.266107777942489	0.235732735387172	0.00643044750812133	0.185316276633264	0.646198353680636	0.982009960681826	0.38668786482268	0.993339021584748	0.0110739046641943
Cytophagales	0.752419165069793	0.660016885955632	0.390107808122779	0.00367027166213621	0.524741633207001	0.00268643891702325	0.0808383247373103	0.555988156048355	0.00268448382333153	0.00832525035557725	0.99995620847492	0.00734820056715183	0.147411062756272	0.994363432932635	0.00554793323488516
Entomoplasmatales	0.0911206094544612	0.0771036510458987	0.0501713787930516	0.723340369794994	0.939677528592298	0.715987441394387	0.898438323684371	0.905104932650987	0.176360747983355	0.739237960339939	0.99995620847492	0.802250988550337	0.971567024449378	0.995692413269522	0.2277992994785
Rubrobacterales	0.0944423052851321	0.131779645506178	0	0.114615244392328	0.665129843677653	0.19697254455517	0.0981841768170912	0.592854062841002	0.109754043706166	0.161503298916462	0.99995620847492	0.305307444060513	0.175598623922875	0.995692413269522	0.147929363256137
Bacteroidales	4.32089349938983	4.07286368918928	2.08827184615601	1.31627025668507e-38	0.0270277844053348	1.66533453693773e-15	1.66533453693773e-15	0.818932400691196	0.00222498198868679	6.12065669358555e-37	0.193352611515088	5.16253706450698e-14	5.85087533977457e-14	0.995692413269522	0.00470280283972436
Desulfurellales	0.0579911526749514	0.0773399565051884	0	0.444317523006706	0.890391697112265	0.519852070518345	0.423914781075608	0.551046017795214	0.00160040257388145	0.474960110800272	0.99995620847492	0.611977753901343	0.54755659222266	0.994363432932635	0.00372093598427437
Thermomicrobiales	0.0398923806862439	0.00972651367243885	0	0.210598969689705	0.382905774348615	0.347047241651659	0.954063045311384	0.327396976986058	0.222588874977077	0.261142722415234	0.99995620847492	0.461077049622918	0.996942283302907	0.994363432932635	0.279740072606327
Clostridiales	3.8546372508642	3.7920582582857	1.76865328600991	9.00662844939451e-32	0.825106604545233	1.66533453693773e-15	1.88737914186277e-15	0.995692413269522	0.0030817434592819	2.7920548193123e-30	0.99995620847492	5.16253706450698e-14	5.85087533977457e-14	0.995692413269522	0.00623048134159166
Parvularculales	0.0291736070440092	0	0	0.191908907328861	0.272219897455207	0.43807624379819	1	0.974451085771264	0.0541528732103814	0.247882338633112	0.973709633205165	0.536066982542522	1	0.995692413269522	0.0763063213419011
Nautiliales	0.0352431291923167	0.0251361806554898	0	0.439432239056225	0.891697514646537	0.418002041813916	0.718956784809883	0.620004468486749	0.999957045800737	0.474960110800272	0.99995620847492	0.532523149160195	0.786623305733166	0.995692413269522	0.999990270309477
Synergistales	0.399809717212446	0.396231045413419	0.0501713787930516	0.00174040805512248	0.998815044225214	0.00128073385896532	0.00738140101569285	0.883922154460532	7.47172315036483e-08	0.0041082133544677	0.99995620847492	0.00372213277761797	0.0190686192905399	0.995692413269522	4.08747207637606e-07
Actinomycetales	1.55681662056442	1.75650896648709	0.627142462960317	6.36637439898146e-12	0.129697508743782	1.04508512954737e-10	1.86627380216464e-11	0.94412423126784	8.12649729105449e-09	4.22909156503769e-11	0.603093415658586	8.09940975399215e-10	2.47947805144731e-10	0.995692413269522	5.81357113898514e-08
Acidobacteriales	0.392680114910984	0.363108595092894	0	0.00057148702404824	0.925396168838327	0.000352275827861459	0.00570432379394048	0.811854116939502	1.20876499580323e-09	0.00171446107214472	0.99995620847492	0.00121339451818947	0.016075821601105	0.995692413269522	1.02195586008819e-08
Neisseriales	0.498600364385221	0.458795219002829	0.340160869399909	0.29919373156901	0.876912674943401	0.273469195110356	0.581702234797493	0.488873078441374	0.037710568334263	0.339329476047779	0.99995620847492	0.409449297782416	0.676228847952086	0.994363432932635	0.0565658525013944
Rhizobiales	1.08119079517198	1.25992637685261	0.96589395999745	0.0552753879625676	0.117557269082312	0.564504213647453	0.0680877340747428	0.638007045436018	5.09445259177065e-09	0.0969926618965809	0.603093415658586	0.656236148365164	0.126643185379022	0.995692413269522	3.94820075862225e-08
Thermodesulfobacteriales	0.189977399001811	0.136624686153274	0.0447182510934897	0.0477932022306285	0.511568626840392	0.0470742934574132	0.396435663654283	0.0381127056562175	0.845955536647388	0.0871523099499697	0.99995620847492	0.101811843989289	0.526693095997834	0.993339021584748	0.904297297795484
Xanthomonadales	0.45199284103991	0.526058884891388	0.302487882048545	0.198081850920699	0.655953911610338	0.340803115857944	0.170982908649756	0.245145629157049	5.31586264188383e-06	0.250663992357411	0.99995620847492	0.461077049622918	0.277728374478896	0.993339021584748	1.97750090278078e-05
Solibacterales	0.0833346493461246	0.0587323415640638	0	0.135190471095313	0.743521069172012	0.121964169598552	0.45672918315742	0.136836802711137	0.911300240449224	0.182213243650204	0.99995620847492	0.206230323139369	0.55262902665008	0.993339021584748	0.963078663202021
Desulfobacterales	0.513189493925404	0.451072786183352	0.111477719259713	0.000638359170222832	0.724026171525895	0.000377742956363392	0.0133696425272761	0.917650371909255	0.000120920765845437	0.0018552313384601	0.99995620847492	0.00125464624792127	0.031084418875917	0.995692413269522	0.000374854374120855
Rhodobacterales	0.580713772866931	0.629390362575318	0	7.38858425870547e-07	0.837449040243964	9.15143162805165e-07	4.7561498488502e-06	0.468852381804973	6.14178581057852e-10	3.43569168029804e-06	0.99995620847492	5.00637142005179e-06	2.77888472421592e-05	0.994363432932635	6.44659469169917e-09
Anaerolineales	0.0472570649991007	0.0477351954496004	0	0.376065459052931	0.999830036605492	0.354874287422772	0.456782467618513	0.343902360887139	0.23714816839763	0.419141446430235	0.99995620847492	0.464835334229828	0.55262902665008	0.994363432932635	0.294063728813061
Cardiobacteriales	0.138801669827502	0.0840529782996217	0	0.0565189245186106	0.489192799779403	0.058736769120632	0.455876763914063	0.152726768974205	0.0417719832108446	0.0973381477820516	0.99995620847492	0.118750424526495	0.55262902665008	0.993339021584748	0.0606999131032586
Legionellales	0.0274470233450179	0.0299042563331282	0	0.617066102904842	0.993769439454033	0.612946734956525	0.650642573524002	0.817854475317621	0.999916243473241	0.644799410900566	0.99995620847492	0.695869291232504	0.720354277830145	0.995692413269522	0.999990270309477
Fusobacteriales	0.357480403305451	0.516040480899755	0.0442495621236677	0.00108559186415243	0.153834854462325	0.0112771570243088	0.000668114678857301	0.0701939750824668	0.00429694256896345	0.00286591406859781	0.650301884772558	0.029132655646131	0.00238979481283573	0.993339021584748	0.00815542161048165
Verrucomicrobiales	1.85962450889462	1.61482646806439	0.632661966377829	0.000862241226533113	0.600131237524014	0.000538441743432316	0.0245925829573023	0.202067439216098	1.25252562188564e-11	0.00235848335492881	0.99995620847492	0.00172672697031743	0.051979777614298	0.993339021584748	2.91212207088412e-10
Erysipelotrichales	1.64202430080606	1.57569945634243	0.319243477490286	4.43093964676068e-17	0.805556023123731	2.80886425230165e-14	7.34856619999391e-13	0.316029477166573	6.05983392802248e-05	4.12077387148744e-16	0.99995620847492	3.20077297999433e-13	1.36683331319887e-11	0.994363432932635	0.000201273055466461
Caldilineales	0.0649665348376043	0.0787310859340989	0	0.298921609650719	0.923617038079287	0.331371177507501	0.301834453166598	0.620204506388202	0.466627155821114	0.339329476047779	0.99995620847492	0.459962977734292	0.412803002124907	0.995692413269522	0.52284729507667
Bdellovibrionales	0.101386877859683	0.158179159834913	0.0853229898244325	0.440462764552295	0.461133257977955	0.961367231728308	0.551333813368907	0.605198627450091	0.00604215504037434	0.474960110800272	0.99995620847492	0.982496181876182	0.657359546709081	0.995692413269522	0.010806161899131
Chlorobiales	0.619395859629698	0.431678616676056	0.0813746587491984	5.54057631544163e-06	0.0779371568919025	5.8588870383014e-06	0.0169142412057343	0.611722910229037	7.99016821166957e-08	2.20718411561756e-05	0.451272172032047	2.86777102401068e-05	0.0383664495642265	0.995692413269522	4.12825357602928e-07
Pseudomonadales	1.05118930246649	1.79660245336115	1.05519960954634	8.56624328721602e-11	5.77463632467357e-11	0.999462195220596	5.89973268994015e-06	0.0214567948177396	0.00172126960320685	5.31107083807393e-10	1.79013726064881e-09	0.999462195220596	3.22750082449667e-05	0.993339021584748	0.00390434324629846
Puniceicoccales	0.0876562389703552	0.0775098576545151	0.0501713787930516	0.80069932980548	0.972672079873895	0.788125253277808	0.910494104942208	0.185927471094721	0.0640418140951385	0.80069932980548	0.99995620847492	0.862301747703955	0.973286801834774	0.993339021584748	0.0888938613559385
Rhodocyclales	0.431078996519141	0.30500477674621	0	1.86877164679719e-05	0.189043489522249	1.39965731363878e-05	0.0120586338347644	0.714796272140475	4.60003087241398e-07	6.43688011674589e-05	0.764393240242138	5.91673318947303e-05	0.0287552037598227	0.995692413269522	2.0371565292119e-06
Caulobacterales	0.347434374320332	0.37066154490399	0	0.00110938609107012	0.949165699490406	0.00104900881441061	0.00293498646276047	0.979651733394101	3.15643868670117e-11	0.00286591406859781	0.99995620847492	0.0032519273246729	0.00941219796678357	0.995692413269522	5.87097595726418e-10
Planctomycetales	0.362392283870712	0.384221846274642	0.0352537561027599	0.00128772824454547	0.95047998833751	0.0012154971107069	0.00333424258529813	0.678587966771055	2.23441485776861e-07	0.00323672234439808	0.99995620847492	0.00364649133212069	0.00969014251352269	0.995692413269522	1.09368727248674e-06
Campylobacterales	1.22475825407359	1.45206822052438	0.249820369518342	9.58204023366344e-11	0.126019894631002	1.59742474803437e-09	1.94562255195763e-10	0.393639871005125	6.35183615093422e-07	5.56956088581688e-10	0.603093415658586	1.06114643976569e-08	1.94431780675686e-09	0.994363432932635	2.68509437289492e-06
Syntrophobacterales	0.149773936041511	0.20237891043084	0	0.0223351586975876	0.548474848470092	0.0500714117532102	0.0183322157230369	0.957816991851518	0.00176684234469837	0.0451558643233836	0.99995620847492	0.105832756660194	0.0405927633867246	0.995692413269522	0.00391229376326069
Mycoplasmatales	0.963469536201373	1.34732435909576	2.03336310489111	2.17869191462405e-20	7.41975372320347e-06	2.00950367457153e-14	4.94409108098282e-08	0.99425665600923	0.350727608053999	3.64118892254913e-19	0.000115006182709654	3.20077297999433e-13	3.5369266963954e-07	0.995692413269522	0.402687253691628
Aeromonadales	0.47671814621573	0.57938940587568	0	3.21332670063042e-06	0.397213227658577	1.21649645551392e-05	4.7808769448876e-06	0.777876349648107	0.000192107784231015	1.35836083253922e-05	0.99995620847492	5.38734144584734e-05	2.77888472421592e-05	0.995692413269522	0.000547997664343204
Enterobacteriales	2.22909949346799	3.03879396499353	1.83375008819607	6.15992710326037e-05	0.000349366178957311	0.277368879142927	0.000273446464594485	0.896033694277426	1.93282517682212e-10	0.000204597578786862	0.00406138183037874	0.409449297782416	0.00105960505030363	0.995692413269522	2.56789630634938e-09
Oceanospirillales	0.52613141391187	0.911037353279287	1.25522905401255	1.49634517811833e-15	3.51101561046896e-07	1.63868918434673e-13	0.00241715499112338	0.499065213968528	0.99984684766863	1.15966751304171e-14	6.93492711210109e-06	1.38543721949315e-12	0.00802840764908838	0.994363432932635	0.999990270309477
Bifidobacteriales	1.93005174668966	1.83861933722293	0.347531132303426	3.9175161114418e-14	0.799544919051685	4.69624339416441e-14	1.72558412003809e-10	0.323262124223595	9.71742337440077e-06	2.80253075664682e-13	0.99995620847492	4.3675063565729e-13	1.94431780675686e-09	0.994363432932635	3.47584759161258e-05
Lactobacillales	2.22947500598084	2.59933959361932	0.603791652755609	2.34915414358008e-20	0.0111100722454907	2.87547763377916e-14	2.09832151654155e-14	0.790013979443608	0.120602512024466	3.64118892254913e-19	0.0939306108027846	3.20077297999433e-13	4.87859752595909e-13	0.995692413269522	0.160229051689648
Chrysiogenales	0.101668369992943	0.230455378442459	0	0.00138333038446276	0.0126883558115745	0.171159733063588	0.00167680697739658	0.0927928873022123	0.000616104600276323	0.00338551909881676	0.0983347575397021	0.274445778877822	0.00577566847769934	0.993339021584748	0.00150783494278153
Solirubrobacterales	0.0611228588392617	0.0332029472335189	0	0.121849231120809	0.514806541553993	0.138114344223367	0.64460656099093	0.981555746020967	0.308067045705886	0.166646742562283	0.99995620847492	0.225344456364441	0.720354277830145	0.995692413269522	0.367244552487063
Rickettsiales	0.267339308648519	0.531621836603848	1.12467609192221	8.9269323655457e-21	7.97226565768527e-05	1.45439216225896e-14	1.80452552900334e-09	0.912487177791376	0.999854807137752	2.07551177498938e-19	0.00105917243737819	3.20077297999433e-13	1.52564431088464e-08	0.995692413269522	0.999990270309477
Myxococcales	0.62297247622276	0.686427630567887	0.222564098901413	0.00450898506121021	0.806693757783278	0.00595324390685892	0.00618775891074552	0.873737064222456	9.61508459938896e-12	0.00998418120696546	0.99995620847492	0.0158186195239394	0.0169253405499804	0.995692413269522	2.91212207088412e-10
Magnetococcales	0.0511084956162451	0.0856503929639544	0	0.240289830989406	0.578142327772474	0.469882921437244	0.211311811302102	0.982999006498107	0.311960426306215	0.286499413871984	0.99995620847492	0.567520931086542	0.325585508368721	0.995692413269522	0.367244552487063
Desulfarculales	0.224088197510459	0.182744321639796	0.168826088002821	0.684790144705827	0.79407791864683	0.771145612434891	0.987855216910708	0.415100913899405	1.60115677597124e-06	0.707616482862688	0.99995620847492	0.853768356624344	1	0.994363432932635	6.20448250688857e-06
Thiotrichales	0.162761730790665	0.163266398919858	0	0.0712032431048631	0.99995620847492	0.0614863483152356	0.123698445137491	0.341035296854041	0.000401310739457232	0.11417071739228	0.99995620847492	0.121664476453551	0.213036211070124	0.994363432932635	0.0010663399648435
Desulfuromonadales	0.68587721311815	0.741486170649469	0.129662946016554	7.01343572300568e-06	0.813644616945056	9.09976418084213e-06	2.78057726609271e-05	0.529694167453224	1.18732301912215e-09	2.60899808895811e-05	0.99995620847492	4.23139034409159e-05	0.000129296842873311	0.994363432932635	1.02195586008819e-08
Dehalococcoidales	0.187083817495215	0.270642235555227	0	0.0159831218801398	0.389900493702315	0.0540950291405796	0.0117784855708938	0.501603148904184	0.000413213393736151	0.0337825076102955	0.99995620847492	0.111796393557198	0.0287552037598227	0.994363432932635	0.00106746793381839
Sphingobacteriales	0.697303205943899	0.580852560735939	0.0352537561027599	2.09024252720142e-08	0.341827263397137	9.03526864437509e-09	4.3664211024308e-05	0.529204956433535	0.000461205839643863	1.07995863905406e-07	0.99995620847492	5.60186655951256e-08	0.000193370077393364	0.994363432932635	0.0011592471104562
Methylococcales	0.161374167890584	0.201616012779165	0	0.0263058006368705	0.723003963231387	0.0411162191869253	0.025625276566718	0.734299294521256	0.000194450784121782	0.0509674887339365	0.99995620847492	0.0955609795803673	0.0529589049045505	0.995692413269522	0.000547997664343204
Sulfuricellales	0.064384351779971	0.0755619463868907	0	0.277661050847304	0.943008696257949	0.297255094455249	0.2908646668901	0.240442072282088	0.213293607768947	0.322780971609991	0.99995620847492	0.431948809130284	0.412803002124907	0.993339021584748	0.271730212637152
Pasteurellales	0.975996465024365	0.994611566601515	0.815568249269322	0.611977123122451	0.989577756382324	0.613562170764143	0.637670759220289	0.483074106876202	0.0285649579829857	0.644799410900566	0.99995620847492	0.695869291232504	0.720354277830145	0.994363432932635	0.0435498539740602
Ignavibacteriales	0.0918758585538533	0.0489139674965936	0	0.112431372599215	0.489002736256638	0.13063874382765	0.647958458926712	0.495159947530564	0.0826311076309924	0.160863348488108	0.99995620847492	0.216953628142348	0.720354277830145	0.994363432932635	0.113010191318857
Flavobacteriales	1.25666004019781	1.49028502567173	1.73747502019877	2.65289377418797e-08	0.00167442190877054	1.57159621982927e-07	0.0320555625342317	0.660127532519188	0.00629377768018362	1.29852168947095e-07	0.015572123751566	9.13490302775766e-07	0.0634290918230542	0.995692413269522	0.0110437985708882
Sphingomonadales	0.423932758318142	0.368339833958427	0	9.06760078654568e-05	0.742098568825202	4.90456489351532e-05	0.00313182730038641	0.469871074411903	6.68994774523584e-08	0.000290788576947844	0.99995620847492	0.00018244981403877	0.00949826250128871	0.994363432932635	3.88853212691833e-07
Gloeobacterales	0.128399790638779	0.113820306960726	0	0.0896576138092139	0.946301853615251	0.0722819403442952	0.213556086134323	0.671287413126465	0.00674701436684622	0.136691116135359	0.99995620847492	0.137188172490193	0.325585508368721	0.995692413269522	0.0111231836361691
Rhodospirillales	0.700843369657835	0.733612173664198	0.215961531230217	0.000103792048189621	0.929520108842113	0.00010150100336892	0.000390384886498452	0.238714727688957	3.86312024429288e-11	0.000321755349387824	0.99995620847492	0.000363061281281137	0.00145223177777424	0.993339021584748	5.98783637865396e-10
Gallionellales	0.157858719722593	0.135888644029779	0	0.0551527217073267	0.90480647221908	0.042706096238522	0.173206943223397	0.646291945774147	0.000380882503728326	0.0969926618965809	0.99995620847492	0.0955609795803673	0.277728374478896	0.995692413269522	0.00104182567196277
Desulfurobacteriales	0.0292343558011726	0.0410185160371917	0	0.378579370969244	0.829301606085041	0.485455872068368	0.350660138491074	0.0704435032866867	0.00498896960852424	0.419141446430235	0.99995620847492	0.578812770543054	0.472628882314056	0.993339021584748	0.00927948347185509
Halanaerobiales	0.140951091710416	0.173696760664892	0	0.0295099475859677	0.757876597394471	0.0431565714233917	0.0297642860887363	0.32335039583453	0.0190390162710288	0.0548885025098999	0.99995620847492	0.0955609795803673	0.0601756218750538	0.994363432932635	0.0295104752200946
Desulfovibrionales	1.23436685887919	1.30074670574785	1.26905413121596	0.753053075725677	0.74465208133566	0.95033222001467	0.969046006506266	0.742046709394734	1.06311806922673e-13	0.761238435244435	0.99995620847492	0.982009960681826	1	0.995692413269522	9.8869980438086e-12
Selenomonadales	1.51046864009431	1.41811657403143	0.267309070653432	1.75940630776274e-09	0.79977891468116	7.86354203974327e-10	7.49012594614129e-07	0.470851789775812	1.27678628997228e-08	9.62498744834908e-09	0.99995620847492	5.62545699766249e-09	4.97558366422243e-06	0.994363432932635	8.41558388169578e-08
Acidimicrobiales	0.065272600206301	0.163318868476898	0	0.0187060847686089	0.0552663737642997	0.43690079122881	0.0243366896352376	0.200958418444709	0.431088763533601	0.0386592418551251	0.367126625719991	0.536066982542522	0.051979777614298	0.993339021584748	0.488917744007621
Spirochaetales	0.94067452399648	1.12699278518084	0.87624699262598	0.0636127825238821	0.0824906120918796	0.824457953538854	0.120446302347993	0.69307046499272	2.36183724263347e-07	0.103962325675708	0.451272172032047	0.890460345202463	0.211349172044592	0.995692413269522	1.09825431782457e-06
Sphaerobacterales	0.107163124277085	0.0614502877761378	0	0.0963791370263767	0.516010370742205	0.104841165435083	0.572147035418296	0.191395765860517	0.161670136268208	0.142273964181794	0.99995620847492	0.183966573310617	0.673540180935462	0.993339021584748	0.211765108069625
Deferribacterales	0.138435817449517	0.0996628202374029	0	0.0286334928616296	0.617913878779664	0.023754242487157	0.230420756996118	0.530285761133665	0.0121839060389821	0.0543452007373787	0.99995620847492	0.0581353829290947	0.345631135494177	0.994363432932635	0.0195362631314713
Methylophilales	0.18503972479755	0.257727244760345	0	0.00878034219603993	0.408809927827241	0.028563682268796	0.00658901498798536	0.0807831156192041	0.00210172143550207	0.0189900424239933	0.99995620847492	0.0681133961794367	0.0175079541109325	0.993339021584748	0.0045455835698068
Deinococcales	0.465036287641173	0.486574769825454	0	1.862275363326e-05	0.959039166569025	1.6545000465884e-05	0.000114621642331003	0.804432192478407	1.35735223898319e-08	6.43688011674589e-05	0.99995620847492	6.41118768053006e-05	0.000463470118990578	0.995692413269522	8.41558388169578e-08
Hydrogenophilales	0.135482032833448	0.136866264581292	0	0.093850728971795	0.999576536022779	0.0827338758820447	0.150749346247747	0.186378496108582	0.0065490834035558	0.140776093457692	0.99995620847492	0.150867656020199	0.250351592875723	0.993339021584748	0.0110739046641943
Chromatiales	0.538575440214888	0.55511357062656	0.0238152894117063	1.655380644675e-06	0.975072114796501	1.37714060222116e-06	1.8726198489416e-05	0.512473484489051	1.05942552116823e-06	7.33097142641787e-06	0.99995620847492	7.11522644480933e-06	9.16598136587206e-05	0.994363432932635	4.28376406385416e-06
Coriobacteriales	2.25293085657805	1.98611867092586	0.631800007424401	1.78964217594474e-18	0.0774630311419827	2.38697950294409e-14	1.39332989590457e-11	0.0964689145228681	1.24946891792794e-05	2.08045902953576e-17	0.451272172032047	3.20077297999433e-13	2.15966133865209e-10	0.993339021584748	4.3037262728629e-05
Unclassified	2.96992364601059	2.95925502193624	2.27203146323832	1.1325610623118e-42	0.920024100500556	1.66533453693773e-15	1.66533453693773e-15	0.308600911846666	0.348633996634399	1.05328178794997e-40	0.99995620847492	5.16253706450698e-14	5.85087533977457e-14	0.994363432932635	0.402687253691628
Elusimicrobiales	0.0268374984557101	0	0	0.181354449855523	0.260374779042711	0.425823701871034	1	0.357349202756429	0.999990270309477	0.237548786430474	0.968594178038886	0.535156814513596	1	0.994363432932635	0.999990270309477
Alteromonadales	4.83421192352727	4.79164982196168	5.06446033793152	5.69595900804532e-06	0.513153196991187	1.52188992230684e-05	1.04237294279441e-05	0.421421666271766	6.23864002422501e-10	2.20718411561756e-05	0.99995620847492	6.15372881628418e-05	5.38559353777113e-05	0.994363432932635	6.44659469169917e-09
Nitrosomonadales	0.0679195728264022	0.11961048974593	0	0.0637188447689825	0.299211551383319	0.268989604184327	0.0519337730488117	0.67476108517931	0.0393005695750589	0.103962325675708	0.99995620847492	0.409449297782416	0.100621685282073	0.995692413269522	0.0580151265155631
