Taxa	stoolMeans	stoolSD	swabMeans	swabSD	tissueMeans	tissueSD	Origin p-value	OriginSwabStool p-value	OriginTissueStool p-value	OriginTissueSwab p-value	Time p-value	Individual p-value	Origin (adj p-value)	OriginSwabStool (adj p-value)	OriginTissueStool (adj p-value)	OriginTissueSwab (adj p-value)	Time (adj p-value)	Individual (adj p-value)	rsquared marginal	rsquared conditional
Aeromonas	0.387808268734081	0.321	0.4140946408134	0.425	0	0	1.2e-07	0.926	6.64e-05	0.00027	0.866	0.00416	4.4e-07	1	0.000281536	0.00100421052631579	0.96738947368421	0.00648470588235294	0.199	0.384
Novosphingobium	0.15392124061896	0.247	0.0810900015931968	0.168	0	0	1.06e-05	0.257	0.024	0.454	0.00368	0.00133	2.52108108108108e-05	0.787428571428571	0.0447965217391304	0.496123711340206	0.734933333333333	0.00248869565217391	0.183	0.417
Thioalkalivibrio	0.198881865653697	0.258	0.259365674028039	0.368	0	0	1.4e-05	0.551	0.0198	0.00756	0.995	0.000802	3.24210526315789e-05	1	0.0388666666666667	0.0182127272727273	0.996	0.00155985321100917	0.137	0.36
Proteus	0.0955679090937324	0.265	0.451945417661125	0.71	0.444804231901472	0.387	0.000149	0.00019	0.00471	0.998	0.679	0.0651	0.000264888888888889	0.00268533333333333	0.0129102564102564	1	0.958913907284768	0.0816639053254438	0.126	0.217
Veillonella	0.737944952256567	0.596	0.512042280116105	0.601	0.0514736936843547	0.206	1.84e-05	0.157	4.73e-05	0.0293	0.553	0.000566	4.048e-05	0.564135593220339	0.000208908333333333	0.0543826086956522	0.936061538461538	0.00117114563106796	0.142	0.41
Rickettsia	0.188835071039489	0.226	0.225877339034482	0.278	0.308241930669063	0.429	0.115	0.793	0.223	0.586	0.982	0.302	0.12047619047619	1	0.256934782608696	0.627434343434343	0.996	0.32665306122449	0.031	0.104
Butyrivibrio	0.764555814580835	0.417	0.910391302189621	0.558	0.0501713787930516	0.201	1.02e-08	0.26	2.56e-08	8.7e-09	0.71	0.917	6.19034482758621e-08	0.787428571428571	1.42821052631579e-07	6.36e-08	0.96738947368421	0.930162679425837	0.243	0.249
Methylocystis	0.0633788171477075	0.148	0.185979132364713	0.365	0.340766676040553	0.423	0.000267	0.0553	0.000149	0.114	0.825	0.433	0.000444981132075472	0.300605128205128	0.000584962962962963	0.152	0.96738947368421	0.452197044334975	0.116	0.152
Azospirillum	0.321164203238126	0.352	0.31795494006597	0.378	0	0	7.12e-13	0.999	0.00159	0.00864	0.0738	6.58e-09	8.35413333333333e-12	1	0.00474760563380282	0.0201283516483516	0.79288	7.74977777777778e-08	0.283	0.651
Gluconobacter	0.124245819887176	0.223	0.109890824418694	0.225	0	0	0.0131	0.946	0.0788	0.226	0.55	0.0536	0.0149714285714286	1	0.105066666666667	0.283502958579882	0.936061538461538	0.0692878048780488	0.062	0.19
Paludibacter	0.561862419888639	0.388	0.393093894502881	0.453	0	0	5.92e-14	0.101	6.37e-07	0.00368	0.735	9.58e-07	1.15768888888889e-12	0.449959183673469	3.29375609756098e-06	0.0100020512820513	0.96738947368421	5.0774e-06	0.337	0.608
Olsenella	0.619447772102993	0.436	0.699078417144397	0.547	0.0501713787930516	0.201	5.33e-15	0.679	1.36e-05	2.04e-05	0.683	1.59e-07	1.75706666666667e-13	1	6.55272727272727e-05	9.20170212765957e-05	0.958913907284768	1.066625e-06	0.326	0.641
Faecalibacterium	3.13404856569183	0.617	3.18048679779973	0.737	1.17842009056265	0.704	<2e-16	0.941	1.68e-14	3.08e-14	0.958	0.000569	NA	1	2.09505882352941e-13	3.97811764705882e-13	0.991746341463415	0.00117114563106796	0.555	0.71
Acidaminococcus	0.981715912216904	0.625	0.923888041518954	0.882	0.198206588087761	0.366	<2e-16	0.912	6.34e-05	0.00178	0.0658	3.05e-16	NA	1	0.000274302040816327	0.00531492957746479	0.79288	6.466e-14	0.309	0.746
Listeria	0.192806289668932	0.239	0.173392451552392	0.256	0	0	0.000793	0.918	0.00629	0.0454	0.352	0.105	0.00116306666666667	1	0.015688	0.0776193548387097	0.936061538461538	0.123666666666667	0.102	0.221
Lactococcus	0.628083496110843	0.543	0.361148703038578	0.54	0	0	2.76e-06	0.0432	3.6e-05	0.0675	0.433	0.046	7.36e-06	0.269364705882353	0.000162382978723404	0.100514685314685	0.936061538461538	0.0598282208588957	0.173	0.389
Rothia	0.406064306833877	0.478	0.353304414551663	0.601	0	0	0.000153	0.865	0.00581	0.0525	0.416	6.49e-05	0.00026928	1	0.01484	0.086953125	0.936061538461538	0.000183450666666667	0.113	0.376
Achromobacter	0.161382252416757	0.238	0.234706368800604	0.312	0	0	4.52e-05	0.338	0.039	0.00687	0.793	0.00214	8.93842696629213e-05	0.907037974683544	0.0636	0.0171345882352941	0.96738947368421	0.00371868852459016	0.122	0.329
Acidovorax	0.30750142911516	0.3	0.255974007330196	0.389	0	0	2.14e-06	0.71	0.000766	0.0223	0.829	0.0243	6.07483870967742e-06	1	0.002537375	0.0449757009345794	0.96738947368421	0.0336705882352941	0.173	0.356
Allochromatium	0.123131049895068	0.186	0.128729990051295	0.263	0	0	0.0105	0.99	0.0525	0.0912	0.794	0.29	0.0124864864864865	1	0.0800719424460432	0.125548051948052	0.96738947368421	0.315282051282051	0.064	0.146
Acetobacterium	0.142675498980405	0.2	0.14228685185775	0.247	0	0	0.00666	1	0.0243	0.0632	0.79	0.0769	0.00825464788732394	1	0.0447965217391304	0.0969142857142857	0.96738947368421	0.0931588571428571	0.068	0.193
Pelobacter	0.239354769491731	0.31	0.29446014873312	0.364	0	0	9.01e-08	0.678	0.0118	0.00717	0.647	5.09e-05	3.44730434782609e-07	1	0.0245254901960784	0.017471724137931	0.937414965986395	0.000148109589041096	0.191	0.468
Actinoplanes	0.18107809679135	0.259	0.184641842558919	0.301	0	0	2.45e-06	0.998	0.0247	0.0567	0.256	8.54e-05	6.7375e-06	1	0.0451413793103448	0.0917587786259542	0.936061538461538	0.000232112820512821	0.158	0.436
Tistrella	0.103670784621492	0.191	0.183586764900134	0.319	0	0	0.00263	0.191	0.173	0.0187	0.959	0.0205	0.00353343511450382	0.626215384615385	0.206044943820225	0.0388666666666667	0.991746341463415	0.0285921052631579	0.075	0.216
Pedobacter	0.168904157490442	0.221	0.162109117017061	0.24	0	0	0.0049	0.988	0.00974	0.0407	0.0476	0.0761	0.0062948905109489	1	0.0212874226804124	0.0713090909090909	0.776246153846154	0.0927195402298851	0.092	0.228
Chromobacterium	0.119404922158451	0.196	0.183188375462973	0.258	0.183312868833332	0.336	0.897	0.386	0.546	1	0.0408	0.00255	0.897	0.972705882352941	0.584606060606061	1	0.776246153846154	0.00427338582677165	0.025	0.212
Brevibacillus	0.129034969632461	0.227	0.0994917073381142	0.163	0	0	0.0118	0.77	0.0472	0.255	0.0247	0.243	0.013753642384106	1	0.0741214814814815	0.310689655172414	0.776246153846154	0.266922279792746	0.092	0.17
Prevotella	1.69857977976149	0.653	2.00226804876987	0.926	0.505838599324267	0.714	<2e-16	0.125	2.55e-08	2.24e-09	0.479	1.83e-09	NA	0.490740740740741	1.42821052631579e-07	1.82646153846154e-08	0.936061538461538	3.233e-08	0.353	0.664
Shewanella	0.283619386957969	0.309	0.432063381526893	0.503	0.183920354914156	0.292	2.14e-05	0.124	0.546	0.0666	0.108	3.33e-06	4.5378313253012e-05	0.490740740740741	0.584606060606061	0.100136170212766	0.880615384615385	1.47075e-05	0.12	0.441
Rhodobacter	0.155051436933263	0.237	0.276182753347298	0.306	0	0	1.5e-08	0.0513	0.0465	0.00099	0.42	2.31e-06	8.8e-08	0.293452631578947	0.0735671641791045	0.00322892307692308	0.936061538461538	1.06460869565217e-05	0.188	0.516
Faecalitalea	1.62936683184319	0.457	1.55081903799914	0.615	0.314458178277715	0.456	<2e-16	0.736	2.81e-14	1.13e-12	0.241	5.08e-05	NA	1	2.83895652173913e-13	1.1407619047619e-11	0.936061538461538	0.000148109589041096	0.505	0.694
Flavobacterium	0.257032394574059	0.252	0.736445139422321	0.487	1.61209956122329	0.16	<2e-16	4.1e-11	1.67e-15	3.19e-14	0.135	0.0671	NA	1.60766666666667e-09	3.5404e-14	3.97811764705882e-13	0.888108108108108	0.0836776470588235	0.659	0.707
Catenulispora	0.116723478267962	0.214	0.152939848369344	0.311	0	0	0.0174	0.733	0.136	0.0803	0.372	0.179	0.0195057324840764	1	0.168608187134503	0.115024324324324	0.936061538461538	0.199726315789474	0.06	0.157
Bacillus	0.698319569007481	0.477	1.22039139789521	0.926	0.508466592090234	0.484	2.36e-10	0.000189	0.461	0.000546	0.236	4.57e-08	1.888e-09	0.00268533333333333	0.503773195876289	0.0018975737704918	0.936061538461538	3.87536e-07	0.209	0.548
Blautia	2.66407046815116	0.407	2.62893628581871	0.715	0.559673204898591	0.765	<2e-16	0.948	1.67e-15	2.33e-15	0.192	0.00135	NA	1	3.5404e-14	1.2349e-13	0.934727272727273	0.00248869565217391	0.656	0.737
Treponema	0.759072735615388	0.363	0.89784136879476	0.403	0.0351516110313809	0.141	<2e-16	0.166	1.6e-11	5.81e-12	0.938	2.19e-09	NA	0.567612903225806	1.21142857142857e-10	5.35530434782609e-11	0.991746341463415	3.57138461538462e-08	0.441	0.742
Histophilus	0.307493167085305	0.309	0.526434556230399	0.404	0.379467094933615	0.415	0.0343	0.00868	0.712	0.354	0.101	0.354	0.0372641975308642	0.0865345454545455	0.750965174129353	0.410098360655738	0.85648	0.37524	0.062	0.133
Magnetospirillum	0.192269838234629	0.257	0.18700559623365	0.309	0.0704053671341408	0.192	0.00179	0.995	0.199	0.333	0.275	0.00579	0.00250031746031746	1	0.231802197802198	0.390033149171271	0.936061538461538	0.00870553191489362	0.091	0.295
Zymomonas	0.118266947187916	0.213	0.156498216949118	0.304	0	0	0.0163	0.702	0.123	0.0678	0.358	0.0711	0.0183897435897436	1	0.154295857988166	0.100514685314685	0.936061538461538	0.0876348837209302	0.057	0.206
Riemerella	0.650269293689658	0.565	0.430030518061632	0.539	0.0769805627656952	0.308	5.94e-07	0.141	0.000374	0.0963	0.532	5.66e-12	2.04988235294118e-06	0.524421052631579	0.00129980327868852	0.131713548387097	0.936061538461538	3.99973333333333e-10	0.127	0.639
Agrobacterium	0.21483553599774	0.261	0.159309621295769	0.254	0.0447182510934897	0.179	4.81e-05	0.561	0.0359	0.319	0.488	0.000159	9.30285714285714e-05	1	0.0604031746031746	0.377810055865922	0.936061538461538	0.000416148148148148	0.127	0.407
Ferrimonas	0.160372466365425	0.237	0.213146595833419	0.297	0.0319317746779573	0.128	0.00261	0.565	0.123	0.047	0.733	0.00288	0.00353343511450382	1	0.154295857988166	0.0790793650793651	0.96738947368421	0.00462545454545455	0.075	0.271
Desulfurivibrio	0.20688905165119	0.282	0.0914182689829899	0.203	0	0	5.43e-06	0.0867	0.00797	0.483	0.611	0.000493	1.38504347826087e-05	0.427451162790698	0.0179748936170213	0.525107692307692	0.937414965986395	0.00103481188118812	0.161	0.403
Geobacillus	1.17242015627366	0.506	2.35666398089063	0.539	1.52669737111006	0.346	<2e-16	1.41e-14	0.0229	9.17e-07	0.0424	1	NA	2.3426e-12	0.0441035714285714	4.8601e-06	0.776246153846154	1	0.48	0.48
Acholeplasma	0.207259208965791	0.289	0.307504956081335	0.36	0	0	1.84e-05	0.243	0.0241	0.00266	0.955	0.00745	4.048e-05	0.757588235294118	0.0447965217391304	0.00762054054054054	0.991746341463415	0.0108178082191781	0.132	0.323
Streptococcus	2.02051791971195	0.651	2.49995861502097	0.544	0.51212482149933	0.659	<2e-16	0.00164	4.34e-14	3.08e-14	0.832	0.0705	NA	0.0185221052631579	3.68032e-13	3.97811764705882e-13	0.96738947368421	0.0874035087719298	0.426	0.528
Paracoccus	0.196063079336013	0.294	0.146385007379072	0.286	0	0	2.56e-05	0.68	0.0257	0.214	0.397	0.000416	5.23906976744186e-05	1	0.0461728813559322	0.271664670658683	0.936061538461538	0.000899918367346939	0.143	0.372
Dehalobacter	0.106684710616478	0.187	0.169155797283624	0.335	0.0365637223661819	0.146	0.0921	0.385	0.468	0.138	0.591	0.385	0.0970634730538922	0.972705882352941	0.5088	0.181714285714286	0.937414965986395	0.406069651741294	0.034	0.089
Slackia	0.533588017180163	0.449	0.477444567821255	0.465	0.0514736936843547	0.206	2.21e-11	0.818	0.000188	0.00596	0.718	8.05e-07	2.04715789473684e-10	1	0.000690827586206897	0.0154087804878049	0.96738947368421	4.49105263157895e-06	0.268	0.58
Fibrella	0.338762178458121	0.346	0.303277336216992	0.462	0	0	6.13e-07	0.887	0.00156	0.0197	0.849	0.000291	2.07476923076923e-06	1	0.00472457142857143	0.040547572815534	0.96738947368421	0.000689582417582418	0.178	0.406
Sphaerochaeta	0.168892075927747	0.233	0.266292089353831	0.415	0.512087964572434	0.42	0.00158	0.29	0.000127	0.0276	0.836	0.257	0.00222464	0.830810810810811	0.000508	0.0527135135135135	0.96738947368421	0.280845360824742	0.091	0.153
Frankia	0.20362329964169	0.296	0.213875108168162	0.372	0	0	3.86e-07	0.986	0.0323	0.0598	0.277	7.98e-06	1.38644897959184e-06	1	0.0552225806451613	0.0946089552238806	0.936061538461538	3.38352e-05	0.179	0.46
Emticicia	0.159237422803652	0.259	0.102126554107225	0.207	0.0632716296419076	0.174	0.0272	0.515	0.309	0.866	0.417	0.0107	0.0301081761006289	1	0.348446808510638	0.891223300970874	0.936061538461538	0.0154312925170068	0.055	0.239
Chlorobium	0.302433096686165	0.288	0.217416809847122	0.346	0.0813746587491984	0.224	9.7e-05	0.373	0.017	0.308	0.64	0.0187	0.000177833333333333	0.972705882352941	0.0343238095238095	0.366831460674157	0.937414965986395	0.0262543046357616	0.129	0.296
Capnocytophaga	0.188811127370221	0.281	0.189113816377157	0.352	0	0	0.000171	1	0.0373	0.0854	0.548	0.000318	0.000295058823529412	1	0.061778125	0.119899337748344	0.936061538461538	0.000717191489361702	0.111	0.347
Xanthomonas	0.228202226273242	0.276	0.302808373519094	0.327	0.187703983032827	0.296	0.161	0.448	0.86	0.411	0.114	0.127	0.167668639053254	1	0.876538461538461	0.461015873015873	0.888108108108108	0.147125683060109	0.039	0.149
Neisseria	0.294948961509342	0.307	0.239570585023756	0.337	0.163408860667665	0.295	0.175	0.686	0.266	0.717	0.463	0.569	0.180116959064327	1	0.304821621621622	0.756238805970149	0.936061538461538	0.588429268292683	0.028	0.066
Alkaliphilus	0.323090056939695	0.302	0.404473836380586	0.414	0.050066526876103	0.2	2.05e-05	0.46	0.00517	0.00154	0.425	0.00701	4.4e-05	1	0.0135313580246914	0.00485449275362319	0.936061538461538	0.0103202777777778	0.136	0.301
Peptoclostridium	1.67814917755445	0.428	1.66993374647781	0.54	0.109138279236139	0.247	<2e-16	0.996	1.67e-15	1.19e-14	0.221	0.000296	NA	1	3.5404e-14	3.72514285714286e-13	0.936061538461538	0.000689582417582418	0.633	0.757
Oceanimonas	0.117699629920314	0.223	0.239833395076877	0.373	0	0	0.000114	0.0599	0.188	0.00707	0.537	0.0042	0.000206845360824742	0.309726829268293	0.2226	0.0174283720930233	0.936061538461538	0.0064992700729927	0.11	0.299
Erysipelothrix	0.259945288708664	0.331	0.363657361635404	0.406	0.0501713787930516	0.201	1.25e-05	0.323	0.0572	0.00968	0.366	9.85e-06	2.93333333333333e-05	0.894805194805195	0.0860028368794326	0.0218314893617021	0.936061538461538	4.09450980392157e-05	0.123	0.456
Eubacterium	2.95907141586544	0.622	2.76607838560924	0.788	0.720078137286896	0.661	<2e-16	0.365	2.33e-15	2.99e-14	0.541	1e-06	NA	0.96725	3.79969230769231e-14	3.97811764705882e-13	0.936061538461538	5.17073170731707e-06	0.559	0.739
Methylobacterium	0.234655940545183	0.288	0.23236981931234	0.314	0.0352537561027599	0.141	1.72e-05	0.999	0.0261	0.0699	0.629	0.000409	3.88102564102564e-05	1	0.0464974789915966	0.102908333333333	0.937414965986395	0.000899918367346939	0.141	0.38
Enterobacter	0.602759907573299	0.564	0.865708711427556	0.888	0.114119474500866	0.317	1.17e-07	0.12	0.0111	0.000483	0.126	4.55e-05	4.38127659574468e-07	0.489230769230769	0.023744	0.00173552542372881	0.888108108108108	0.0001378	0.178	0.46
Escherichia	1.65491323639961	1.011	2.69160405623903	1.115	1.57192719261432	0.582	2.39e-08	9.3e-06	0.949	0.00134	0.167	2.1e-10	1.27466666666667e-07	0.0001643	0.958038095238095	0.00430424242424242	0.907794871794872	5.565e-09	0.135	0.613
Haemophilus	0.657640421033892	0.791	0.389920326314514	0.645	0.103748664799771	0.287	0.0115	0.202	0.0149	0.423	0.378	2.11e-05	0.0134933333333333	0.648848484848485	0.0303730769230769	0.469507853403141	0.936061538461538	7.58169491525424e-05	0.059	0.424
Ralstonia	0.236449468921544	0.285	0.246111363957116	0.337	0.0352537561027599	0.141	2.39e-05	0.986	0.0267	0.0517	0.74	0.000201	4.94870588235294e-05	1	0.04717	0.0863023622047244	0.96738947368421	0.000519658536585366	0.133	0.391
Alistipes	3.24165737979952	0.515	2.72179609363912	0.708	0.819352695605249	0.588	<2e-16	9.93e-05	1.67e-15	2.23e-14	0.567	1.1e-06	NA	0.00161935384615385	3.5404e-14	3.97811764705882e-13	0.936061538461538	5.55238095238095e-06	0.708	0.845
Salinispora	0.128672167578548	0.209	0.168231834588805	0.279	0	0	0.000695	0.662	0.0682	0.0344	0.147	0.00276	0.00104108474576271	1	0.0963893333333333	0.0628689655172414	0.888108108108108	0.00450092307692308	0.101	0.301
Desulfatibacillum	0.169697057902727	0.264	0.121306155664675	0.23	0.0501713787930516	0.201	1.64e-05	0.645	0.189	0.643	0.824	1.18e-05	3.74857142857143e-05	1	0.2226	0.68158	0.96738947368421	4.63259259259259e-05	0.139	0.442
Granulicella	0.195983918251993	0.279	0.220097825126342	0.395	0	0	1.25e-06	0.921	0.0365	0.0454	0.574	3.29e-08	4.064e-06	1	0.0609291338582677	0.0776193548387097	0.936061538461538	3.03252173913043e-07	0.146	0.505
Rhodospirillum	0.24149964086529	0.297	0.226522879331777	0.293	0	0	3.34e-08	0.966	0.00491	0.0295	0.941	2.04e-05	1.50728205128205e-07	1	0.0131762025316456	0.0543826086956522	0.991746341463415	7.45655172413793e-05	0.203	0.497
Salmonella	0.389770623796794	0.522	0.679983361805257	0.693	0.114119474500866	0.317	1.87e-06	0.0368	0.148	0.0033	0.895	1.6e-08	5.39540983606557e-06	0.251664516129032	0.18032183908046	0.00908571428571429	0.973025641025641	1.6152380952381e-07	0.117	0.524
Helicobacter	0.143199149182616	0.24	0.161036089229392	0.267	0.107739018112531	0.242	0.728	0.938	0.852	0.766	0.151	0.775	0.73216	1	0.872579710144928	0.799960591133005	0.888108108108108	0.789903846153846	0.019	0.04
Syntrophobotulus	0.159572615254792	0.24	0.154163516655883	0.252	0	0	0.00334	0.993	0.0294	0.0854	0.845	0.0917	0.00441984962406015	1	0.0515107438016529	0.119899337748344	0.96738947368421	0.109832768361582	0.079	0.194
Desulfotomaculum	0.426347171413676	0.351	0.431793701998556	0.431	0.0501713787930516	0.201	4.07e-12	0.997	0.000409	0.00238	0.798	4.74e-07	4.21364705882353e-11	1	0.00139851612903226	0.00691178082191781	0.96738947368421	2.79133333333333e-06	0.275	0.601
Lachnoclostridium	2.12231921806855	0.497	2.14390561000173	0.664	0.241894641738844	0.506	<2e-16	0.981	1.89e-15	1.23e-14	0.274	0.000306	NA	1	3.64254545454545e-14	3.72514285714286e-13	0.936061538461538	0.000697548387096774	0.616	0.744
Cellulosilyticum	0.368180889336317	0.325	0.449513083433501	0.455	0	0	2.61e-08	0.495	0.000226	0.000103	0.0462	0.00142	1.32754285714286e-07	1	0.00081206779661017	0.000412	0.776246153846154	0.00257299145299145	0.221	0.421
Edwardsiella	0.113602757526634	0.193	0.0966195591180519	0.221	0	0	0.00563	0.907	0.0676	0.232	0.145	0.0394	0.00707771428571429	1	0.0961825503355705	0.287625730994152	0.888108108108108	0.0518807453416149	0.081	0.257
Brachyspira	0.360190638165275	0.33	0.510144422747077	0.408	0.050066526876103	0.2	3e-06	0.0954	0.00224	6.82e-05	0.21	0.0163	7.88059701492537e-06	0.44944	0.0064172972972973	0.0002809	0.936061538461538	0.0233486486486486	0.16	0.331
Nocardia	0.142850306559153	0.223	0.156738667411078	0.285	0	0	8.67e-05	0.955	0.0516	0.0709	0.363	0.000248	0.000163268085106383	1	0.0798481751824818	0.103531506849315	0.936061538461538	0.000618541176470588	0.121	0.37
Porphyromonas	0.905398760137437	0.413	1.76512254462279	0.889	0.372031420051182	0.477	6.4e-16	4.55e-11	0.00118	6.4e-13	0.709	0.000471	5.632e-14	1.60766666666667e-09	0.00373373134328358	7.14105263157895e-12	0.96738947368421	0.00099852	0.378	0.526
Pusillimonas	0.14322008097268	0.228	0.152919520523518	0.334	0	0	0.000167	0.981	0.0746	0.111	0.628	2.95e-05	0.000291009900990099	1	0.102033548387097	0.148936708860759	0.937414965986395	9.92698412698413e-05	0.107	0.37
Caldicellulosiruptor	0.644194285132242	0.294	0.806055646159488	0.357	0.954991596199712	0.41	0.000647	0.0526	0.00136	0.306	0.639	0.982	0.000998877192982456	0.293452631578947	0.00417855072463768	0.366508474576271	0.937414965986395	0.991352380952381	0.102	0.104
Parabacteroides	2.98135860021355	0.638	2.60520532051748	0.927	0.823392416187959	0.602	<2e-16	0.0357	1.12e-14	7.99e-13	0.943	5.82e-11	NA	0.251664516129032	1.484e-13	8.4694e-12	0.991746341463415	1.76262857142857e-09	0.542	0.79
Marinobacter	0.10943174056843	0.189	0.172787932465397	0.299	0	0	0.00769	0.325	0.123	0.0226	0.38	0.164	0.00939888888888889	0.894805194805195	0.154295857988166	0.0449757009345794	0.936061538461538	0.184936170212766	0.069	0.157
Coprococcus	2.15691130211533	0.566	2.21890821834406	0.699	0.23931501804501	0.514	<2e-16	0.876	4.55e-15	2.32e-14	0.73	0.00151	NA	1	6.89e-14	3.97811764705882e-13	0.96738947368421	0.00266766666666667	0.552	0.705
Anaeromyxobacter	0.284377831616103	0.314	0.344627946246208	0.403	0	0	2.83e-08	0.649	0.00322	0.00203	0.371	2.41e-05	1.34616216216216e-07	1	0.0089821052631579	0.00597722222222222	0.936061538461538	8.51533333333333e-05	0.202	0.469
Shigella	0.285933055375064	0.507	0.726270256033805	0.809	0.505521896182155	0.415	0.00322	0.00117	0.325	0.431	0.0748	8.57e-07	0.00429333333333333	0.0145905882352941	0.364550264550265	0.475895833333333	0.79288	4.6585641025641e-06	0.075	0.421
Leadbetterella	0.194677453942242	0.293	0.17288064065829	0.308	0.0501713787930516	0.201	0.00402	0.933	0.153	0.365	0.404	0.000276	0.00524088888888889	1	0.185348571428571	0.416021505376344	0.936061538461538	0.000664909090909091	0.076	0.322
Atopobium	0.267421017592381	0.279	0.328541945050741	0.465	0	0	2e-04	0.63	0.005	0.0028	0.667	0.0941	0.000341747572815534	1	0.01325	0.00791466666666667	0.955432432432432	0.112074157303371	0.112	0.226
Yersinia	0.16382783566814	0.245	0.262749707462907	0.391	0.412887204266554	0.474	0.0237	0.299	0.00945	0.273	0.592	0.423	0.0264	0.845173333333333	0.02086875	0.33072	0.937414965986395	0.443940594059406	0.055	0.106
Deinococcus	0.420812958237833	0.366	0.458782050934476	0.414	0	0	1.09e-14	0.873	7.19e-05	0.00021	0.867	6.28e-09	2.74057142857143e-13	1	0.000298878431372549	0.000795	0.96738947368421	7.74977777777778e-08	0.307	0.659
Cronobacter	0.230436522474475	0.349	0.231749232939585	0.35	0.0501713787930516	0.201	0.000854	1	0.121	0.203	0.569	0.00137	0.00124218181818182	1	0.154295857988166	0.259253012048193	0.936061538461538	0.00250379310344828	0.086	0.394
Acinetobacter	0.510099680069362	0.541	1.59081913234423	0.756	0.498631210372763	0.453	1.9e-13	4.42e-14	0.997	3.27e-08	0.0237	0.0648	3.00666666666667e-12	2.3426e-12	0.997	2.23625806451613e-07	0.776246153846154	0.0816639053254438	0.363	0.456
Dyadobacter	0.120536725347518	0.219	0.102964646828832	0.281	0.0351516110313809	0.141	0.0599	0.93	0.342	0.604	0.452	0.00528	0.0638933333333333	1	0.379602094240838	0.643457286432161	0.936061538461538	0.00801057142857143	0.042	0.224
Pantoea	0.127111194086175	0.218	0.300793118298834	0.425	0.073986668204758	0.216	0.000246	0.00898	0.747	0.0227	0.497	0.000681	0.000416307692307692	0.0865345454545455	0.780118226600985	0.0449757009345794	0.936061538461538	0.00133677777777778	0.094	0.331
Dehalococcoides	0.187083817495215	0.275	0.270642235555227	0.426	0	0	0.00205	0.39	0.0541	0.0118	0.421	0.000413	0.00284094488188976	0.972705882352941	0.0819228571428571	0.0260583333333333	0.936061538461538	0.000899918367346939	0.075	0.315
Mycoplasma	0.959966804299537	0.356	1.34462144346593	0.445	2.03336310489111	0.227	<2e-16	7.14e-06	1.97e-14	4.44e-08	0.992	0.313	NA	0.000137607272727273	2.32022222222222e-13	2.85236363636364e-07	0.996	0.336832487309645	0.517	0.564
Pelodictyon	0.13075850087404	0.23	0.110396540026848	0.249	0	0	0.000378	0.904	0.0773	0.255	0.65	0.00313	0.0006048	1	0.104255696202532	0.310689655172414	0.937414965986395	0.00498917293233083	0.108	0.315
Pseudoxanthomonas	0.163729510199669	0.266	0.104554853597638	0.227	0	0	0.000679	0.498	0.0376	0.363	0.812	0.017	0.00103020689655172	1	0.0617922480620155	0.415978378378378	0.96738947368421	0.0240266666666667	0.102	0.274
Chlorobaculum	0.207510885802544	0.27	0.100915659017186	0.249	0	0	5.98e-08	0.12	0.00723	0.407	0.22	1.1e-05	2.464e-07	0.489230769230769	0.0166834782608696	0.458957446808511	0.936061538461538	4.48e-05	0.212	0.491
Gordonibacter	1.24827281830841	0.608	1.02248920548241	0.587	0.113636970421404	0.332	<2e-16	0.163	5.54e-11	4.27e-06	0.00773	3.46e-09	NA	0.566491803278689	3.5590303030303e-10	2.05736363636364e-05	0.734933333333333	4.5845e-08	0.441	0.749
Erwinia	0.327144524675061	0.301	0.340235645617035	0.399	0	0	2.38e-05	0.978	0.000352	0.00158	0.317	0.151	4.94870588235294e-05	1	0.00124373333333333	0.00485449275362319	0.936061538461538	0.173037837837838	0.147	0.243
Bordetella	0.208135772072148	0.263	0.142224280767082	0.261	0.0501713787930516	0.201	1.61e-06	0.457	0.0624	0.491	0.952	1.12e-05	4.86237288135593e-06	1	0.0918666666666667	0.531081632653061	0.991746341463415	4.48e-05	0.165	0.471
Enterococcus	1.40474110301309	0.456	1.28795162148239	0.594	0.101645072477406	0.278	<2e-16	0.482	2.83e-14	1.24e-12	0.607	2.04e-08	NA	1	2.83895652173913e-13	1.19490909090909e-11	0.937414965986395	1.96581818181818e-07	0.512	0.771
Azoarcus	0.155126935845418	0.25	0.121389529965234	0.244	0	0	3.9e-06	0.782	0.0417	0.231	0.631	0.000301	1.00941176470588e-05	1	0.0664691729323308	0.287625730994152	0.937414965986395	0.000693608695652174	0.162	0.408
Mycobacterium	0.654366935033507	0.294	0.674921554742185	0.34	0.390042960750904	0.446	0.000672	0.953	0.00809	0.0155	0.46	0.0547	0.00102845217391304	1	0.0180534736842105	0.0331919191919192	0.936061538461538	0.0702812121212121	0.102	0.216
Rhodopseudomonas	0.265301458816988	0.335	0.321898498892007	0.326	0.286656373074064	0.36	0.271	0.711	0.97	0.94	0.162	0.00726	0.275699421965318	1	0.974597156398104	0.958076923076923	0.90378947368421	0.0106146206896552	0.027	0.238
Anoxybacillus	0.610776331778268	0.512	1.63335140443655	0.625	0.717782129330831	0.509	2.05e-13	3.73e-14	0.738	6.23e-07	0.236	0.755	3.00666666666667e-12	2.3426e-12	0.774534653465347	3.47568421052632e-06	0.936061538461538	0.773236714975845	0.37	0.387
Megamonas	0.162261398192784	0.418	0.322394944717388	0.559	0	0	0.0337	0.192	0.341	0.0463	0.809	9.58e-12	0.036839751552795	0.626215384615385	0.379602094240838	0.0785248	0.96738947368421	4.41666666666667e-10	0.028	0.515
Roseburia	2.77742794821925	0.584	2.52731054348609	0.668	0.564450502496776	0.668	<2e-16	0.14	1.67e-15	2.8e-14	0.594	0.0289	NA	0.524421052631579	3.5404e-14	3.97811764705882e-13	0.937414965986395	0.039274358974359	0.599	0.685
Rhizobium	0.263904882054366	0.301	0.323754548869505	0.332	0	0	2.64e-08	0.605	0.00293	0.00158	0.548	0.000268	1.32754285714286e-07	1	0.00828213333333333	0.00485449275362319	0.936061538461538	0.000653057471264368	0.202	0.475
Asticcacaulis	0.117321954006887	0.218	0.0856237111414911	0.183	0	0	0.00824	0.739	0.0777	0.36	0.304	0.0625	0.0100016551724138	1	0.104255696202532	0.414782608695652	0.936061538461538	0.0793413173652695	0.073	0.213
Desulfitobacterium	0.294630719157806	0.307	0.433600963517834	0.4	0	0	2.07e-09	0.0977	0.00178	5.56e-05	0.683	0.000226	1.34933333333333e-08	0.449959183673469	0.00524111111111111	0.000235744	0.958913907284768	0.000570380952380952	0.223	0.471
Cellulomonas	0.164835284399134	0.265	0.152291218752761	0.256	0	0	3.82e-05	0.97	0.0405	0.129	0.996	0.000268	7.64e-05	1	0.0650454545454545	0.170925	0.996	0.000653057471264368	0.13	0.369
Spirochaeta	0.214310595731702	0.315	0.250822521579833	0.333	0	0	2.68e-06	0.839	0.0251	0.024	0.35	0.000218	7.25661538461539e-06	1	0.0454803418803419	0.0471111111111111	0.936061538461538	0.000556819277108434	0.159	0.405
Ruminococcus	2.66606562109082	0.505	2.70109015494868	0.747	0.595780318188437	0.665	<2e-16	0.957	1.67e-15	8.77e-15	0.995	0.000667	NA	1	3.5404e-14	3.71848e-13	0.996	0.00132153271028037	0.611	0.738
Pelotomaculum	0.120247737721036	0.229	0.143166665172697	0.229	0	0	0.0128	0.874	0.101	0.0908	0.18	0.112	0.0147241830065359	1	0.129769696969697	0.125548051948052	0.934727272727273	0.130461538461538	0.07	0.175
Desulfurispirillum	0.101668369992943	0.201	0.230455378442459	0.288	0	0	5.95e-06	0.0127	0.171	0.00168	0.0534	0.000616	1.496e-05	0.117060869565217	0.204813559322034	0.005088	0.79288	0.00124	0.153	0.359
Clostridium	1.40932188121022	0.384	1.37983265759065	0.478	0.156103590445103	0.373	<2e-16	0.937	8.55e-15	3.11e-14	0.0839	0.00398	NA	1	1.2084e-13	3.97811764705882e-13	0.799416666666667	0.00625007407407407	0.564	0.684
Lawsonia	0.446811855387233	0.306	0.785913919094168	0.405	1.2391075712558	0.178	3.95e-13	5.65e-06	3.08e-14	3.57e-05	0.772	0.0028	5.34769230769231e-12	0.00011978	2.83895652173913e-13	0.000154457142857143	0.96738947368421	0.00453129770992366	0.362	0.504
Rhodococcus	0.233444833932178	0.296	0.228554631762204	0.37	0	0	3.09e-08	0.997	0.0112	0.0399	0.381	2.39e-06	1.43115789473684e-07	1	0.023744	0.07049	0.936061538461538	1.07804255319149e-05	0.202	0.504
Eggerthella	1.62083551570296	0.604	1.47500204004765	0.761	0.368539873709541	0.465	<2e-16	0.518	2.34e-11	2.27e-07	0.0379	4.84e-08	NA	1	1.6536e-10	1.33677777777778e-06	0.776246153846154	3.94646153846154e-07	0.388	0.684
Desulfovibrio	1.12547220392062	0.458	1.06647366423029	0.618	0.140268199275981	0.401	<2e-16	0.84	2.32e-11	3.91e-08	0.564	6.11e-16	NA	1	1.6536e-10	2.590375e-07	0.936061538461538	6.4766e-14	0.506	0.829
Thermoanaerobacterium	0.131071885049276	0.23	0.181176161188815	0.285	0	0	0.0152	0.567	0.0908	0.035	0.817	0.172	0.0172593548387097	1	0.117375609756098	0.0634188034188034	0.96738947368421	0.192931216931217	0.056	0.158
Thiobacillus	0.135482032833448	0.233	0.136866264581292	0.295	0	0	0.0115	1	0.0827	0.151	0.143	0.00655	0.0134933333333333	1	0.108896894409938	0.19639263803681	0.888108108108108	0.00977887323943662	0.07	0.247
Serratia	0.389653324886983	0.363	0.487711668758274	0.373	0.241605830076136	0.392	0.0305	0.431	0.299	0.0879	0.477	0.106	0.03355	1	0.338973262032086	0.122597368421053	0.936061538461538	0.124154696132597	0.048	0.179
Thermanaerovibrio	0.131884085734068	0.225	0.165524925424506	0.283	0	0	4.62e-05	0.766	0.0798	0.0533	0.155	3.53e-05	9.03466666666667e-05	1	0.105735	0.0875937984496124	0.888108108108108	0.000113387878787879	0.126	0.404
Arthrobacter	0.295870302689825	0.306	0.293977602320629	0.355	0	0	1.66e-12	1	0.00104	0.00607	0.387	1.5e-07	1.826e-11	1	0.00334060606060606	0.0155040963855422	0.936061538461538	1.06e-06	0.278	0.637
Thermaerobacter	0.231390498979977	0.272	0.246673171012921	0.368	0	0	2.21e-06	0.965	0.00718	0.0153	0.457	0.00114	6.17396825396825e-06	1	0.0166834782608696	0.0331919191919192	0.936061538461538	0.0021772972972973	0.165	0.382
Vibrio	0.362188781143592	0.296	0.437678390689013	0.39	0.118236230328426	0.267	6.42e-06	0.503	0.0129	0.00427	0.722	6.96e-05	1.59143661971831e-05	1	0.0265514563106796	0.0114587341772152	0.96738947368421	0.000193828571428571	0.134	0.413
Sorangium	0.243847907196231	0.301	0.233488973160432	0.279	0.17249757202531	0.314	0.0127	0.986	0.65	0.792	0.525	0.000344	0.0147052631578947	1	0.689	0.823058823529412	0.936061538461538	0.000767663157894737	0.06	0.312
Desulfomicrobium	0.180062418313784	0.268	0.22581947010834	0.263	0.0501713787930516	0.201	0.000449	0.69	0.156	0.0826	0.154	1.99e-05	0.000711927927927928	1	0.187909090909091	0.117524832214765	0.888108108108108	7.40140350877193e-05	0.1	0.373
Symbiobacterium	0.258318758877651	0.31	0.280184181831156	0.334	0	0	2.2e-08	0.938	0.00475	0.00924	0.975	2.74e-05	1.21e-07	1	0.0129102564102564	0.0210632258064516	0.996	9.43741935483871e-05	0.205	0.484
Desulfarculus	0.224088197510459	0.286	0.182744321639796	0.333	0.168826088002821	0.309	0.00469	0.794	0.771	0.988	0.303	1.6e-06	0.00606941176470588	1	0.801235294117647	1	0.936061538461538	7.53777777777778e-06	0.073	0.392
Heliobacterium	0.25744252103366	0.311	0.289573597746986	0.378	0	0	5.46e-07	0.878	0.00672	0.00915	0.352	7.04e-05	1.92192e-06	1	0.016007191011236	0.0210632258064516	0.936061538461538	0.000193828571428571	0.176	0.42
Bacteroides	4.16762645738808	0.422	3.95606256155749	0.584	1.97607305132634	0.534	<2e-16	0.0943	1.67e-15	1.67e-15	0.649	0.00135	NA	0.44944	3.5404e-14	1.2349e-13	0.937414965986395	0.00248869565217391	0.701	0.785
Alteromonas	4.83418137678802	0.161	4.79155687443297	0.271	5.06445323010081	0.009	<2e-16	0.512	1.52e-05	1.04e-05	0.247	6.19e-10	NA	1	7.16088888888889e-05	4.89955555555556e-05	0.936061538461538	1.31228e-08	0.349	0.671
Aggregatibacter	0.159654622769502	0.335	0.108414360641577	0.291	0	0	0.0553	0.718	0.137	0.503	0.443	0.16	0.0593463414634146	1	0.168860465116279	0.541299492385787	0.936061538461538	0.182365591397849	0.045	0.193
Azospira	0.128575579327633	0.207	0.12660931707149	0.225	0	0	0.00948	0.999	0.0481	0.111	0.608	0.0574	0.0114279452054795	1	0.0749794117647059	0.148936708860759	0.937414965986395	0.0733060240963855	0.065	0.218
Clavibacter	0.133201582192124	0.223	0.0323325898224186	0.119	0	0	8.72e-05	0.0432	0.0319	0.856	0.333	0.0294	0.000163268085106383	0.269364705882353	0.0549821138211382	0.885229268292683	0.936061538461538	0.0396993630573248	0.137	0.28
Dickeya	0.259808535201934	0.285	0.289084084862063	0.334	0.295135010301852	0.356	0.644	0.895	0.903	0.998	0.914	0.00697	0.651402298850575	1	0.915961722488038	1	0.978626262626263	0.0103202777777778	0.006	0.197
Megasphaera	0.470935845767439	0.558	0.526695482810705	0.661	0.0667594681662236	0.267	2.15e-08	0.887	0.0218	0.0255	0.415	2.43e-09	1.21e-07	1	0.0424	0.0491454545454545	0.936061538461538	3.67971428571429e-08	0.174	0.573
Adlercreutzia	1.60543179055626	0.853	1.25961482816721	0.736	0.171719934413412	0.316	<2e-16	0.107	1.35e-09	6.89e-05	0.541	1.3e-08	NA	0.45368	8.41764705882353e-09	0.0002809	0.936061538461538	1.45052631578947e-07	0.367	0.72
Kocuria	0.118044684875784	0.189	0.169428605365772	0.258	0	0	0.0025	0.432	0.0647	0.0164	0.0905	0.0965	0.00341085271317829	1	0.0939479452054794	0.034768	0.799416666666667	0.114290502793296	0.094	0.201
Hyphomicrobium	0.164149408596291	0.269	0.121464380465781	0.191	0	0	0.000575	0.687	0.0334	0.245	0.405	0.00164	0.000895575221238938	1	0.0566464	0.301976744186046	0.936061538461538	0.00287338842975207	0.105	0.316
Campylobacter	1.15007212751067	0.562	1.40508488909415	0.718	0.16361081200798	0.372	2.27e-16	0.104	1.06e-08	7.46e-10	0.381	5.67e-08	3.9952e-14	0.449959183673469	6.42057142857143e-08	6.32608e-09	0.936061538461538	4.452e-07	0.336	0.629
Thermomonospora	0.113972778005932	0.182	0.149822872636505	0.286	0	0	0.00586	0.675	0.0862	0.0446	0.487	0.017	0.00731460992907801	1	0.112804938271605	0.0775016393442623	0.936061538461538	0.0240266666666667	0.069	0.216
Sinorhizobium	0.29506975252891	0.29	0.318488269638623	0.417	0	0	1.59e-06	0.931	0.00129	0.00309	0.51	0.00148	4.86237288135593e-06	1	0.00402176470588235	0.00861947368421053	0.936061538461538	0.00263663865546219	0.17	0.352
Runella	0.168757020622666	0.225	0.0949618021191193	0.224	0	0	0.000275	0.241	0.0106	0.332	0.69	0.0359	0.000452336448598131	0.757588235294118	0.022930612244898	0.390033149171271	0.962368421052631	0.0481696202531646	0.115	0.278
Parvibaculum	0.0985635967933561	0.171	0.134949271933697	0.283	0	0	0.00703	0.643	0.134	0.063	0.315	0.0382	0.00865230769230769	1	0.167105882352941	0.0969142857142857	0.936061538461538	0.050615	0.07	0.213
Thermoanaerobacter	0.14401448686034	0.214	0.294927683544735	0.4	0.694931293735074	0.367	6.91e-08	0.0334	5.09e-11	3.07e-05	0.39	0.000117	2.70257777777778e-07	0.244165517241379	3.372125e-10	0.000135591666666667	0.936061538461538	0.00031005	0.215	0.405
Unclassified	3.51519375320552	0.214	3.55916133262111	0.332	2.41298577082231	0.211	<2e-16	0.674	1.67e-15	1.67e-15	0.908	6.91e-06	NA	1	3.5404e-14	1.2349e-13	0.977137055837563	2.98963265306122e-05	0.732	0.845
Fusobacterium	0.137588451180347	0.31	0.321471920405318	0.53	0.0442495621236677	0.177	0.0777	0.0424	0.589	0.0353	0.194	0.00062	0.0823807228915663	0.269364705882353	0.627477386934673	0.0634203389830508	0.934727272727273	0.00124	0.038	0.287
Ethanoligenens	0.748287149975629	0.416	0.75446807351058	0.541	0.0667594681662236	0.267	<2e-16	0.998	9.3e-08	3.41e-06	0.258	1.28e-09	NA	1	5.05538461538462e-07	1.68120930232558e-05	0.936061538461538	2.46690909090909e-08	0.386	0.708
Alicyclobacillus	0.137260313637083	0.213	0.268878684227711	0.326	0	0	3.11e-05	0.022	0.0705	0.00076	0.281	0.00219	6.29149425287356e-05	0.166571428571429	0.0976862745098039	0.0025175	0.936061538461538	0.00377463414634146	0.128	0.312
Corynebacterium	0.622611050236626	0.357	0.752632633868964	0.531	0.105006885321464	0.287	6.34e-13	0.269	7.3e-06	1.4e-06	0.369	4.21e-05	7.97028571428571e-12	0.803211267605634	3.6847619047619e-05	7.2390243902439e-06	0.936061538461538	0.000129350724637681	0.309	0.547
Haliscomenobacter	0.387131211726416	0.363	0.247025616906373	0.381	0	0	6.06e-08	0.147	0.000181	0.0639	0.786	4.02e-05	2.464e-07	0.537310344827586	0.000685214285714286	0.0969142857142857	0.96738947368421	0.000125329411764706	0.205	0.469
Mesorhizobium	0.156757697298806	0.254	0.205599280929862	0.31	0	0	0.000268	0.641	0.0597	0.0286	0.82	0.00135	0.000444981132075472	1	0.0891295774647887	0.0541357142857143	0.96738947368421	0.00248869565217391	0.103	0.306
Candidatus_Carsonella	0.342741539700003	0.294	0.714323743930452	0.407	1.14846799886787	0.432	4.38e-15	2.5e-06	3.76e-14	0.000193	0.797	0.331	1.75706666666667e-13	6.625e-05	3.32133333333333e-13	0.000743927272727273	0.96738947368421	0.35440404040404	0.416	0.46
Citrobacter	0.214048544231351	0.309	0.38380328366694	0.481	0.0867351011592335	0.24	0.00105	0.0588	0.359	0.0183	0.811	0.00236	0.00150243902439024	0.309726829268293	0.394341968911917	0.0384118811881188	0.96738947368421	0.00400256	0.081	0.283
Thermobacillus	0.210146029627428	0.279	0.192756986959304	0.296	0	0	1.42e-06	0.951	0.0116	0.0595	0.406	5.1e-05	4.46285714285714e-06	1	0.0243485148514851	0.0946089552238806	0.936061538461538	0.000148109589041096	0.168	0.434
Lactobacillus	0.93124779204989	0.53	1.00821300291801	0.48	0.133576878951477	0.37	3.64e-11	0.759	1.06e-07	5.18e-07	0.537	0.000295	3.1847619047619e-10	1	5.618e-07	2.968e-06	0.936061538461538	0.000689582417582418	0.274	0.51
Caulobacter	0.218118703638252	0.303	0.25721208369819	0.378	0	0	4.13e-09	0.819	0.0231	0.0209	0.207	3.49e-07	2.596e-08	1	0.0441035714285714	0.0426038461538461	0.936061538461538	2.11394285714286e-06	0.214	0.55
Thermus	0.514213770994282	0.424	1.47573346899177	0.569	0.645046253229174	0.477	4.17e-15	3.01e-14	0.54	1.35e-07	0.0813	0.354	1.75706666666667e-13	2.3426e-12	0.584081632653061	8.41764705882353e-07	0.799416666666667	0.37524	0.413	0.448
Bifidobacterium	1.92921898780842	0.705	1.81858745379844	0.684	0.347531132303426	0.394	<2e-16	0.724	5.55e-14	3.7e-10	0.194	1.7e-05	NA	1	4.52538461538461e-13	3.26833333333333e-09	0.934727272727273	6.43571428571429e-05	0.412	0.643
Selenomonas	0.644044596152458	0.365	0.687299703647037	0.529	0	0	<2e-16	0.859	1.73e-08	2.09e-07	0.892	1.17e-11	NA	1	1.01877777777778e-07	1.26594285714286e-06	0.973025641025641	4.41666666666667e-10	0.426	0.769
Akkermansia	1.85962450889462	1.218	1.61482646806439	1.282	0.632661966377829	0.716	6.16e-08	0.6	0.000538	0.0246	0.0564	1.25e-11	2.464e-07	1	0.0018104126984127	0.047845871559633	0.79288	4.41666666666667e-10	0.164	0.626
Acidithiobacillus	0.0792921217987149	0.162	0.22733280094092	0.256	0.0501713787930516	0.201	0.000862	0.000939	0.833	0.00856	0.211	0.682	0.00124354098360656	0.01244175	0.85726213592233	0.0201283516483516	0.936061538461538	0.701864077669903	0.105	0.128
Verminephrobacter	0.0703801117734447	0.14	0.183680266264753	0.321	0.960153246842729	0.192	<2e-16	0.0197	1.67e-15	2.11e-15	0.802	1	NA	0.154681481481481	3.5404e-14	1.2349e-13	0.96738947368421	1	0.671	0.671
Oscillibacter	1.42895352387945	0.461	1.47011978934954	0.671	0.155727281383381	0.343	<2e-16	0.922	2.99e-14	1.7e-13	0.353	3.09e-10	NA	1	2.83895652173913e-13	2.00222222222222e-12	0.936061538461538	7.27866666666667e-09	0.556	0.793
Bibersteinia	0.182451284480876	0.274	0.13764828335936	0.303	0	0	0.00502	0.71	0.0313	0.226	0.276	0.00529	0.00640231884057971	1	0.0543901639344262	0.283502958579882	0.936061538461538	0.00801057142857143	0.075	0.302
Singulisphaera	0.105489917594514	0.187	0.122713058944572	0.304	0	0	0.00532	0.919	0.14	0.14	0.155	0.0445	0.00673611510791367	1	0.171560693641619	0.18320987654321	0.888108108108108	0.0582345679012346	0.081	0.216
Pectobacterium	0.1395698389566	0.224	0.156320216673553	0.353	0	0	0.0529	0.945	0.0877	0.104	0.267	0.074	0.057119018404908	1	0.114063803680982	0.141333333333333	0.936061538461538	0.0906820809248555	0.046	0.169
Ruminiclostridium	2.12454049334074	0.763	2.12336606642258	0.924	0.546309127567283	0.63	<2e-16	1	2.79e-11	6.8e-09	0.786	8.62e-08	NA	1	1.908e-10	5.14857142857143e-08	0.96738947368421	6.52657142857143e-07	0.401	0.695
Tannerella	1.30926106976956	0.463	1.01644977276863	0.65	0.164754846754253	0.397	<2e-16	0.019	1.08e-13	6.9e-07	0.427	3.73e-08	NA	0.154681481481481	8.48e-13	3.75076923076923e-06	0.936061538461538	3.29483333333333e-07	0.476	0.724
Planctomyces	0.221479247689193	0.287	0.181378686701044	0.253	0	0	1.87e-05	0.76	0.00653	0.0774	0.386	0.00232	4.06320987654321e-05	1	0.0157313636363636	0.111624489795918	0.936061538461538	0.00396645161290323	0.146	0.348
Burkholderia	0.634130420340707	0.346	0.7143540547914	0.512	0.147597912003797	0.317	1.25e-14	0.591	1.68e-05	1.63e-05	0.97	2.43e-07	2.75e-13	1	7.74260869565217e-05	7.51217391304348e-05	0.996	1.56109090909091e-06	0.32	0.62
Polaribacter	0.153132446304074	0.246	0.187053588387017	0.287	0	0	7.47e-05	0.79	0.0523	0.039	0.407	0.00061	0.000142904347826087	1	0.0800719424460432	0.0694789915966387	0.936061538461538	0.00124	0.119	0.356
Actinobacillus	0.129331489032279	0.225	0.173646566264341	0.253	0	0	0.00229	0.602	0.0694	0.0295	0.0104	0.00263	0.00314875	1	0.097435761589404	0.0543826086956522	0.734933333333333	0.0043559375	0.107	0.296
Thioflavicoccus	0.203747261278219	0.271	0.0964671443563594	0.21	0	0	3.98e-10	0.103	0.00651	0.418	0.0893	3.91e-05	2.91866666666667e-09	0.449959183673469	0.0157313636363636	0.4664	0.799416666666667	0.000123719402985075	0.266	0.556
Meiothermus	0.136192181090039	0.232	0.201178510598251	0.271	0	0	0.000122	0.381	0.0725	0.0155	0.812	0.00146	0.000219102040816327	0.972705882352941	0.0998051948051948	0.0331919191919192	0.96738947368421	0.00262305084745763	0.112	0.334
Anaplasma	0.0205049959014776	0.084	0.278594294662656	0.366	1.00091714659881	0.335	<2e-16	1.25e-07	1.67e-15	1.68e-14	0.891	0.189	NA	3.78571428571429e-06	3.5404e-14	3.97811764705882e-13	0.973025641025641	0.209780104712042	0.686	0.707
Geobacter	0.597084156172696	0.408	0.61357969559667	0.455	0.129662946016554	0.289	5.99e-15	0.981	0.000116	0.000671	0.883	3.4e-09	1.75706666666667e-13	1	0.000472923076923077	0.00226469841269841	0.973025641025641	4.5845e-08	0.316	0.659
Moorella	0.158942139234496	0.23	0.173415176939303	0.325	0	0	0.000345	0.957	0.0404	0.0588	0.877	0.00511	0.000557064220183486	1	0.0650454545454545	0.0944363636363636	0.973025641025641	0.00785014492753623	0.103	0.291
Phycisphaera	0.137786830952694	0.245	0.1070191239523	0.234	0	0	0.000698	0.806	0.0704	0.301	0.832	0.00334	0.00104108474576271	1	0.0976862745098039	0.362568181818182	0.96738947368421	0.00528417910447761	0.099	0.292
Delftia	0.0885409773753749	0.167	0.18654309165668	0.291	0	0	0.00156	0.0449	0.197	0.00588	0.765	0.0251	0.0022141935483871	0.271965714285714	0.230740331491713	0.0153896296296296	0.96738947368421	0.0345532467532468	0.081	0.213
Klebsiella	0.963937328507475	1.087	1.29707279533843	0.987	0.342553906811695	0.551	1.79e-06	0.286	0.067	0.00985	0.587	1.45e-08	5.25066666666667e-06	0.830575342465753	0.095972972972973	0.0219810526315789	0.937414965986395	1.537e-07	0.12	0.549
Propionibacterium	0.507149676905019	0.457	0.435664023787193	0.395	0.0366564076557087	0.147	3.71e-10	0.707	0.000168	0.0082	0.0455	2.76e-05	2.83895652173913e-09	1	0.000647563636363636	0.0195325842696629	0.776246153846154	9.43741935483871e-05	0.254	0.551
Cupriavidus	0.184652882792973	0.227	0.218861045954857	0.27	0	0	0.000336	0.75	0.00648	0.00539	0.0178	0.0362	0.000547555555555555	1	0.0157313636363636	0.0142835	0.776246153846154	0.0482666666666667	0.132	0.268
Thermodesulfobacterium	0.174198959506257	0.229	0.094374911349054	0.172	0.0447182510934897	0.179	0.232	0.187	0.0638	0.735	0.0287	0.131	0.237395348837209	0.626215384615385	0.09328	0.771386138613861	0.776246153846154	0.150934782608696	0.049	0.19
Fretibacterium	0.301256019453228	0.294	0.261436865960847	0.373	0.0501713787930516	0.201	4.7e-08	0.813	0.00724	0.0713	0.851	1.59e-06	2.01756097560976e-07	1	0.0166834782608696	0.103531506849315	0.96738947368421	7.53777777777778e-06	0.197	0.502
Coriobacterium	0.512464022050658	0.489	0.596633729296642	0.525	0.0352537561027599	0.141	5.72e-12	0.685	0.000785	0.000673	0.82	6.65e-07	5.59288888888889e-11	1	0.00256030769230769	0.00226469841269841	0.96738947368421	3.81027027027027e-06	0.262	0.606
Sphingobium	0.142495722567512	0.231	0.165243524668131	0.288	0	0	9.38e-05	0.891	0.0615	0.0625	0.499	9.88e-05	0.000173776842105263	1	0.0911748251748252	0.0969142857142857	0.936061538461538	0.00026513417721519	0.116	0.362
Desulfosporosinus	0.15381242652822	0.225	0.305488585856905	0.383	0	0	7.09e-06	0.016	0.0657	0.000521	0.465	0.00256	1.73311111111111e-05	0.13568	0.0947510204081633	0.00184086666666667	0.936061538461538	0.00427338582677165	0.137	0.342
Desulfococcus	0.149904487846703	0.212	0.167970644624013	0.248	0.0501713787930516	0.201	0.01	0.921	0.211	0.201	0.432	0.00113	0.0119727891156463	1	0.244437158469945	0.258254545454545	0.936061538461538	0.0021772972972973	0.062	0.291
Mobiluncus	0.372328299808802	0.291	0.868933938077047	0.866	0	0	4.26e-10	2.95e-06	0.00766	2.67e-08	0.635	0.0286	2.99904e-09	6.94888888888889e-05	0.0174615053763441	1.8868e-07	0.937414965986395	0.0391174193548387	0.259	0.37
Haliangium	0.172332634311126	0.296	0.209852983537448	0.317	0.050066526876103	0.2	1.63e-06	0.82	0.27	0.192	0.563	1.47e-07	4.86237288135593e-06	1	0.307741935483871	0.24819512195122	0.936061538461538	1.06e-06	0.151	0.502
Bradyrhizobium	0.360265276069965	0.378	0.554041668044542	0.489	0.509472515891169	0.387	0.171	0.0681	0.359	0.934	0.904	1.46e-05	0.177035294117647	0.343742857142857	0.394341968911917	0.95656038647343	0.977137055837563	5.62763636363636e-05	0.018	0.352
Paenibacillus	0.55365973207145	0.371	0.523210593638348	0.478	0.0501713787930516	0.201	3.8e-11	0.926	7.87e-06	0.000353	0.642	0.000447	3.1847619047619e-10	1	3.88009302325581e-05	0.00129027586206897	0.937414965986395	0.000957212121212121	0.284	0.512
Filifactor	0.325757310321793	0.305	0.58586522958596	0.523	0.0352537561027599	0.141	1.27e-06	0.00166	0.00607	3.34e-06	0.143	0.161	4.064e-06	0.0185221052631579	0.0153195238095238	1.68120930232558e-05	0.888108108108108	0.182524064171123	0.181	0.269
Odoribacter	2.56979751290421	0.524	2.32173097590398	0.83	0.508192548587097	0.636	<2e-16	0.141	2.33e-15	3.16e-14	0.455	3.3e-05	NA	0.524421052631579	3.79969230769231e-14	3.97811764705882e-13	0.936061538461538	0.000107630769230769	0.602	0.743
Pseudomonas	0.870713191760966	0.38	1.09662946350142	0.359	0.938000140349149	0.393	0.000707	0.0158	0.785	0.373	0.0719	1.61e-07	0.00104564705882353	0.13568	0.811804878048781	0.422866310160428	0.79288	1.066625e-06	0.075	0.542
Staphylococcus	0.279751601576492	0.298	0.289978728307014	0.362	0	0	0.000519	0.986	0.00181	0.00623	0.573	0.0857	0.000815571428571429	1	0.00525643835616438	0.0157233333333333	0.936061538461538	0.103229545454545	0.103	0.211
Prosthecochloris	0.207999395960985	0.297	0.122873389927961	0.295	0	0	1.25e-06	0.334	0.0181	0.344	0.181	3.17e-07	4.064e-06	0.907037974683544	0.0358616822429907	0.400703296703297	0.934727272727273	1.97658823529412e-06	0.167	0.503
Cryptobacterium	0.185378522524418	0.267	0.176928719294429	0.247	0	0	8.44e-06	0.986	0.0178	0.064	0.859	3.26e-05	2.03484931506849e-05	1	0.0356	0.0969142857142857	0.96738947368421	0.000107630769230769	0.139	0.445
Myxococcus	0.24424184889778	0.3	0.209854044666807	0.315	0	0	8.97e-10	0.842	0.00565	0.0554	0.86	1.46e-06	6.072e-09	1	0.0146073170731707	0.0903446153846154	0.96738947368421	7.19813953488372e-06	0.231	0.564
Streptomyces	0.616698124948937	0.386	0.457555249370507	0.502	0.168004907991483	0.304	2.74e-08	0.16	0.000189	0.061	0.3	0.00275	1.33955555555556e-07	0.565333333333333	0.000690827586206897	0.0957925925925926	0.936061538461538	0.00450092307692308	0.231	0.429
Variovorax	0.191810712950737	0.274	0.427522027413537	0.525	0	0	3.92e-08	0.00271	0.0775	0.000148	0.565	5.87e-05	1.7248e-07	0.028726	0.104255696202532	0.000581037037037037	0.936061538461538	0.000168167567567568	0.186	0.429
Caldanaerobacter	0.1460357285681	0.244	0.287956439524727	0.331	0.859286840650259	0.389	1.05e-13	0.0492	2.94e-14	3.41e-09	0.0711	0.469	1.848e-12	0.289733333333333	2.83895652173913e-13	2.67748148148148e-08	0.79288	0.487392156862745	0.386	0.416
Roseiflexus	0.155759747301666	0.238	0.0841139601130141	0.192	0	0	0.00393	0.274	0.0233	0.434	0.504	0.225	0.00516179104477612	0.806777777777778	0.0441035714285714	0.476725388601036	0.936061538461538	0.2484375	0.082	0.171
