Eubacteriaceae	3.71465086039377	3.58744975615349	0.00258814010850198	0.763388887690699	9.31943405940771e-12	0.00835263398652912	0.995857274859317	2.13445102650951e-11
Spirochaetaceae	0.296989659794876	0.540736618170237	0.000136581816673046	0.259454302864331	2.58787532870002e-15	0.000510384683357173	0.995857274859317	7.98865862337833e-15
Beijerinckiaceae	0.58815204261809	0.513942778308935	0.260708765632136	0.00632456434419437	1.3395053130328e-05	0.500278982699505	0.4490440684378	2.16147448239384e-05
Comamonadaceae	0.835701903007996	0.838409389961224	0.999606610559626	0.822364555927591	8.9800008651892e-43	0.999606610559626	0.995857274859317	3.18790030714217e-41
Cyclobacteriaceae	0.411967625221809	0.264806515677909	0.0501963837844529	0.288320594878046	3.96353129054951e-39	0.114965911248263	0.995857274859317	9.38035738763384e-38
Bifidobacteriaceae	0.418041774516201	0.272828984625463	0.0113238420980984	0.823129445488851	9.92159278300516e-10	0.0309227995755765	0.995857274859317	1.80623868613684e-09
Acholeplasmataceae	0.800999617070096	0.7224079419221	0.659649795309914	0.61717982136143	2.28912170329942e-31	0.900675682057767	0.995857274859317	2.70879401557098e-30
Prevotellaceae	2.60451914262238	3.11124556734459	2.0973709406355e-06	0.472154628839126	4.94271309929723e-27	9.30708354907001e-06	0.995857274859317	2.92443858375086e-26
Porphyromonadaceae	3.61571464813465	3.61751650086166	0.999366456054414	0.738327721062475	1.62473244126316e-22	0.999606610559626	0.995857274859317	7.20975020810526e-22
Lachnospiraceae	4.29972959689574	4.27396186616507	0.46575561722318	0.0331083502079758	0.022520105692507	0.769038344717343	0.783564288255427	0.0266487917361333
Lactobacillaceae	1.30069408884435	1.25085919417628	0.797503135216494	0.452318607468434	1.53922163778038e-09	0.999606610559626	0.995857274859317	2.66548137274163e-09
Alcaligenaceae	0.156975889040043	0.148447123801881	0.957114840492301	0.921927457235597	0.00111604050839862	0.999606610559626	0.995857274859317	0.0015238245403135
Micrococcaceae	0.435178996386882	0.602789925296755	0.0235476072485413	0.989461681996441	0.0010917913169426	0.0619214857276455	0.995857274859317	0.00151994477456715
Actinomycetaceae	0.204980878366164	0.874022760019647	1.49244408721552e-19	0.783397023882397	0.0232999086896398	1.51376471703288e-18	0.995857274859317	0.0271195658518758
Staphylococcaceae	0.245066137286005	0.310606847599212	0.255922802489278	0.69085666186962	0.0032034986765029	0.500278982699505	0.995857274859317	0.00392152424192597
Desulfurobacteriaceae	0.201650203650079	0.0754960061457844	8.1669649148947e-07	0.417139351639529	0.00531092896788483	4.14181792112517e-06	0.995857274859317	0.00639111791050548
Acidobacteriaceae	0.235676110121705	0.149415563101498	0.0381896227372815	0.964089527004136	8.0574271155608e-31	0.0903821071448996	0.995857274859317	8.17253321721167e-30
Coxiellaceae	0.395307730026021	0.436354841233688	0.886357614815172	0.995857274859317	1.6861909496839e-53	0.999606610559626	0.995857274859317	1.19719557427557e-51
Burkholderiaceae	0.626062359912691	0.749339490431022	0.181866528381805	0.169942297354284	7.29414034643117e-10	0.368929243288803	0.995857274859317	1.39968639080166e-09
Methylobacteriaceae	0.552994151647525	0.444132246388137	0.142166632844499	0.426942707537823	9.1934448106818e-10	0.296877380351748	0.995857274859317	1.71772258304844e-09
Nocardiopsaceae	0.194263099542836	0.168317102396525	0.629623937881465	0.642366472720699	0.117423542904612	0.896073001451844	0.995857274859317	0.130266742909804
Rhodobacteraceae	0.587437080113089	0.620996180173211	0.923384211015238	0.38877596995519	7.85821979692419e-26	0.999606610559626	0.995857274859317	3.9852400398687e-25
Peptostreptococcaceae	2.46490096873335	2.5243176046072	0.586302450452862	0.366489697018461	1.72485307295591e-11	0.885690935790494	0.995857274859317	3.82701775562092e-11
Caldilineaceae	0.243347143546335	0.134849230776117	0.00663144354098218	0.605810679919981	0.000237778364696993	0.0188332996563894	0.995857274859317	0.000351713831114302
Geodermatophilaceae	0.169267966680119	0.154432342561996	0.819560300033144	0.3618133069378	0.680033318361305	0.999606610559626	0.995857274859317	0.689748080052181
Rhodospirillaceae	0.254403329324474	0.248096929613384	0.983704594676284	0.78932482463379	6.83457057457003e-05	0.999606610559626	0.995857274859317	0.000107834335732105
Segniliparaceae	0.0402420337630765	0.686818110467169	2.35824696905235e-22	0.382491269145761	0.171131314563128	2.79059224671195e-21	0.995857274859317	0.186928051292032
Bacillaceae	2.28296127855447	3.44452256205716	2.7930519619535e-46	0.492015812770385	0.0012927440409969	9.91533446493491e-45	0.995857274859317	0.00169971901686629
Listeriaceae	0.188522850114075	0.226194473856817	0.479505857322427	0.0918814126173615	0.070789730429589	0.773748087952099	0.995857274859317	0.079778902547632
Veillonellaceae	1.67431395043791	1.66014916820286	0.987009010713886	0.365436077939252	1.11498540891424e-19	0.999606610559626	0.995857274859317	4.16652442278479e-19
Coriobacteriaceae	2.90822249526687	2.6200075214102	1.5133189728484e-07	0.712992601529547	0.00216764590396539	9.76778609747604e-07	0.995857274859317	0.00270005016107969
Erysipelotrichaceae	1.28064240997276	1.40510273154432	0.368538555548814	0.889996202449617	2.89538602691726e-27	0.670929165229893	0.995857274859317	1.86884007191932e-26
Corynebacteriaceae	0.319539876571151	1.55425142726525	6.64737330608002e-40	0.968099784256339	0.00197258210930582	1.57321168243894e-38	0.995857274859317	0.00250095231715559
Ruminococcaceae	3.94012575441614	3.89926154186684	0.690825110675344	0.786241311301979	1.48145297810482e-30	0.925444959583952	0.995857274859317	1.31478951806803e-29
Flavobacteriaceae	2.44981757923063	2.07073663258558	2.54751646971484e-06	0.0758334806768576	5.21549189599743e-17	1.06396276088091e-05	0.995857274859317	1.68318147552644e-16
Fibrobacteraceae	0.95511995192608	0.862729066927008	0.404117103802175	0.141107414016745	1.36481195907761e-18	0.69184355301557	0.995857274859317	4.84508245472552e-18
Geobacteraceae	2.33337861994204	2.02919483873792	3.10220676175919e-07	0.663321669317315	3.07378634225704e-12	1.69428215449925e-06	0.995857274859317	7.52547690690517e-12
Rikenellaceae	3.02278160843026	2.62776008255564	2.22468471066343e-07	0.790955317266592	1.62294875064947e-21	1.31627178714253e-06	0.995857274859317	6.40163118311734e-21
Peptococcaceae	1.33866892999682	1.17663097635711	0.0282092934294636	0.424518983918768	1.23071131536471e-08	0.0715307083389971	0.995857274859317	2.0321047300208e-08
Mycoplasmataceae	0.200010712640198	0.158265941170451	0.395684823128753	0.42237526198562	0.518852948526223	0.69184355301557	0.995857274859317	0.533892164425533
Streptococcaceae	2.79599678725287	2.83627309714176	0.842193678066813	0.962717504838227	3.54385407305758e-12	0.999606610559626	0.995857274859317	8.38712130623626e-12
Saprospiraceae	0.421826484226809	0.406251472487785	0.968688943847282	0.980773449373732	4.77958115991069e-32	0.999606610559626	0.995857274859317	6.78700524707318e-31
Blattabacteriaceae	0.545484295589389	0.487416861545628	0.622797696030582	0.227653819607204	8.62589585583601e-15	0.896073001451844	0.995857274859317	2.44975442305743e-14
Propionibacteriaceae	0.229664293261542	0.337117324008079	0.0300265839757923	0.103372748870999	0.000149865863695713	0.073513360768319	0.995857274859317	0.000226393113242459
Dehalococcoidaceae	0.151055914916945	0.142791542221236	0.950747240759277	0.8963036653066	0.00129111947474515	0.999606610559626	0.995857274859317	0.00169971901686629
Beutenbergiaceae	0.185907273868325	0.168316726780917	0.788552154511553	0.834981642672724	0.893470814538192	0.999606610559626	0.995857274859317	0.893470814538192
Leptotrichiaceae	0.293784059070069	0.364040640862263	0.631037324966087	0.126410340369476	4.49741421460606e-29	0.896073001451844	0.995857274859317	3.54796010263367e-28
Moraxellaceae	0.0716078675238766	0.98460960902478	6.17723118983248e-38	0.385678869182902	0.184510820569825	1.09645853619527e-36	0.995857274859317	0.198488913037236
Syntrophomonadaceae	0.684546187897209	0.771567349875	0.409259566572591	0.863537745822069	6.11090897740055e-14	0.69184355301557	0.995857274859317	1.66874822075169e-13
Campylobacteraceae	0.463643761398665	1.50190623760268	6.13458938542516e-28	0.267928875879714	9.27694089082902e-05	8.71111692730373e-27	0.995857274859317	0.000143187565923665
Thermoanaerobacterales_Family_III._Incertae_Sedis	0.195437485011743	0.300062697159083	0.072535473436939	0.731676385271658	4.56609751454482e-28	0.160938081688209	0.995857274859317	3.24192923532682e-27
Desulfovibrionaceae	1.3277457893117	1.13451412907951	0.0893792772795558	0.956778260803451	6.64278440270142e-24	0.192300869298438	0.995857274859317	3.14425128394534e-23
Acidaminococcaceae	2.96214892130582	2.6725195562763	0.00209115512569862	0.621214404246824	1.07532066749356e-32	0.00707009590117153	0.995857274859317	1.90869418480107e-31
Enterobacteriaceae	1.63539448522815	2.24505736121521	2.75516227554655e-09	0.660541595287002	2.66222027313226e-17	1.95616521563805e-08	0.995857274859317	9.00083997106621e-17
Jonesiaceae	1.12819338307104	0.785187069816173	1.76740156155665e-06	0.899649548787019	0.239299291207312	8.36570072470147e-06	0.995857274859317	0.253585816055509
Oscillospiraceae	3.3745367590464	3.39328234748538	0.884754808677268	0.965890101493998	0.000279296908271923	0.999606610559626	0.995857274859317	0.000404695520149112
Halothiobacillaceae	0.735388397323887	0.687544321076835	0.724407962986357	0.550666810241079	4.08649733055996e-09	0.952462321704284	0.995857274859317	6.90812643975612e-09
Verrucomicrobiaceae	1.5448029175026	1.19516111420473	0.00411246138429723	0.546350696539948	3.01068419654466e-15	0.0121660315952126	0.995857274859317	8.90660741477795e-15
Pasteurellaceae	0.558845653954536	0.533314847872636	0.937189185574693	0.446435696979794	5.95876999169377e-10	0.999606610559626	0.995857274859317	1.17520185947294e-09
Clostridiaceae	2.78771244504073	3.02041555191331	6.88502529876278e-06	0.669625934829152	1.49624889505366e-09	2.71575997895643e-05	0.995857274859317	2.65584178872025e-09
Thermotogaceae	0.398285733944213	0.393445957763421	0.995548553472736	0.939252642670037	4.34048954664366e-13	0.999606610559626	0.995857274859317	1.14138799189518e-12
Rhizobiaceae	0.340796251434651	0.318620285008915	0.885422388033051	0.360763426791913	0.00136856937476279	0.999606610559626	0.995857274859317	0.00176669864742105
Fusobacteriaceae	0.272991529505914	0.812530231071008	5.5921143871501e-11	0.55882993211041	3.71247178136036e-10	4.41155690541841e-10	0.995857274859317	7.53101418504529e-10
Alicyclobacillaceae	0.0426085534375929	0.457560567937545	3.81884653603679e-18	0.0286604362394946	0.376391500786068	3.38922630073265e-17	0.783564288255427	0.392997008173688
Neisseriaceae	0.235004741093537	0.290267257042629	0.567713766333956	0.346818534316037	9.99709989297817e-11	0.876253856732845	0.995857274859317	2.08762968353368e-10
Bacteroidaceae	4.48489009188782	4.45964704558932	0.656283328370745	0.551485947538304	1.0459116735106e-12	0.900675682057767	0.995857274859317	2.65213317211615e-12
Thermaceae	0.207945921732677	1.58505848633053	1.67380550551947e-54	0.146949401892142	0.0702731176786813	1.18840190891882e-52	0.995857274859317	0.079778902547632
Paenibacillaceae	0.317308845118137	0.516027428533035	0.00281237434491551	0.338560816762097	0.000506037612280618	0.00868167732560875	0.995857274859317	0.000718573409438477
Chlorobiaceae	0.295949555809314	0.403686442274186	0.284319339936185	0.283942305612158	5.42675196987325e-26	0.531228240407083	0.995857274859317	2.96384146046923e-25
Enterococcaceae	0.471054795776779	0.551903184983185	0.530568429187451	0.774168065930062	1.78534088413508e-22	0.837119077162423	0.995857274859317	7.45642369256417e-22
Unclassified	4.5171009473484	4.45875500744757	0.00207683501139317	0.833173672999598	9.97890851927131e-11	0.00707009590117153	0.995857274859317	2.08762968353368e-10
Eubacteriaceae	3.715	0.372	3.587	0.42	0.00258814010850198	0.763388887690699	9.31943405940771e-12	0.00835263398652912	0.995857274859317	2.13445102650951e-11
Spirochaetaceae	0.297	0.548	0.541	0.684	0.000136581816673046	0.259454302864331	2.58787532870002e-15	0.000510384683357173	0.995857274859317	7.98865862337833e-15
Beijerinckiaceae	0.588	0.494	0.514	0.506	0.260708765632136	0.00632456434419437	1.3395053130328e-05	0.500278982699505	0.4490440684378	2.16147448239384e-05
Comamonadaceae	0.836	1.042	0.838	1.064	0.999606610559626	0.822364555927591	8.9800008651892e-43	0.999606610559626	0.995857274859317	3.18790030714217e-41
Cyclobacteriaceae	0.412	0.746	0.265	0.547	0.0501963837844529	0.288320594878046	3.96353129054951e-39	0.114965911248263	0.995857274859317	9.38035738763384e-38
Bifidobacteriaceae	0.418	0.585	0.273	0.456	0.0113238420980984	0.823129445488851	9.92159278300516e-10	0.0309227995755765	0.995857274859317	1.80623868613684e-09
Acholeplasmataceae	0.801	1.032	0.722	0.837	0.659649795309914	0.61717982136143	2.28912170329942e-31	0.900675682057767	0.995857274859317	2.70879401557098e-30
Prevotellaceae	2.605	1.151	3.111	0.944	2.0973709406355e-06	0.472154628839126	4.94271309929723e-27	9.30708354907001e-06	0.995857274859317	2.92443858375086e-26
Porphyromonadaceae	3.616	0.579	3.618	0.525	0.999366456054414	0.738327721062475	1.62473244126316e-22	0.999606610559626	0.995857274859317	7.20975020810526e-22
Lachnospiraceae	4.3	0.205	4.274	0.251	0.46575561722318	0.0331083502079758	0.022520105692507	0.769038344717343	0.783564288255427	0.0266487917361333
Lactobacillaceae	1.301	0.811	1.251	0.806	0.797503135216494	0.452318607468434	1.53922163778038e-09	0.999606610559626	0.995857274859317	2.66548137274163e-09
Alcaligenaceae	0.157	0.319	0.148	0.309	0.957114840492301	0.921927457235597	0.00111604050839862	0.999606610559626	0.995857274859317	0.0015238245403135
Micrococcaceae	0.435	0.618	0.603	0.704	0.0235476072485413	0.989461681996441	0.0010917913169426	0.0619214857276455	0.995857274859317	0.00151994477456715
Actinomycetaceae	0.205	0.43	0.874	0.911	1.49244408721552e-19	0.783397023882397	0.0232999086896398	1.51376471703288e-18	0.995857274859317	0.0271195658518758
Staphylococcaceae	0.245	0.436	0.311	0.428	0.255922802489278	0.69085666186962	0.0032034986765029	0.500278982699505	0.995857274859317	0.00392152424192597
Desulfurobacteriaceae	0.202	0.305	0.075	0.186	8.1669649148947e-07	0.417139351639529	0.00531092896788483	4.14181792112517e-06	0.995857274859317	0.00639111791050548
Acidobacteriaceae	0.236	0.409	0.149	0.317	0.0381896227372815	0.964089527004136	8.0574271155608e-31	0.0903821071448996	0.995857274859317	8.17253321721167e-30
Coxiellaceae	0.395	0.887	0.436	0.935	0.886357614815172	0.995857274859317	1.6861909496839e-53	0.999606610559626	0.995857274859317	1.19719557427557e-51
Burkholderiaceae	0.626	0.698	0.749	0.757	0.181866528381805	0.169942297354284	7.29414034643117e-10	0.368929243288803	0.995857274859317	1.39968639080166e-09
Methylobacteriaceae	0.553	0.635	0.444	0.562	0.142166632844499	0.426942707537823	9.1934448106818e-10	0.296877380351748	0.995857274859317	1.71772258304844e-09
Nocardiopsaceae	0.194	0.302	0.168	0.286	0.629623937881465	0.642366472720699	0.117423542904612	0.896073001451844	0.995857274859317	0.130266742909804
Rhodobacteraceae	0.587	0.913	0.621	0.924	0.923384211015238	0.38877596995519	7.85821979692419e-26	0.999606610559626	0.995857274859317	3.9852400398687e-25
Peptostreptococcaceae	2.465	0.701	2.524	0.545	0.586302450452862	0.366489697018461	1.72485307295591e-11	0.885690935790494	0.995857274859317	3.82701775562092e-11
Caldilineaceae	0.243	0.447	0.135	0.273	0.00663144354098218	0.605810679919981	0.000237778364696993	0.0188332996563894	0.995857274859317	0.000351713831114302
Geodermatophilaceae	0.169	0.273	0.154	0.239	0.819560300033144	0.3618133069378	0.680033318361305	0.999606610559626	0.995857274859317	0.689748080052181
Rhodospirillaceae	0.254	0.392	0.248	0.367	0.983704594676284	0.78932482463379	6.83457057457003e-05	0.999606610559626	0.995857274859317	0.000107834335732105
Segniliparaceae	0.04	0.32	0.687	0.837	2.35824696905235e-22	0.382491269145761	0.171131314563128	2.79059224671195e-21	0.995857274859317	0.186928051292032
Bacillaceae	2.283	0.562	3.445	0.797	2.7930519619535e-46	0.492015812770385	0.0012927440409969	9.91533446493491e-45	0.995857274859317	0.00169971901686629
Listeriaceae	0.189	0.369	0.226	0.31	0.479505857322427	0.0918814126173615	0.070789730429589	0.773748087952099	0.995857274859317	0.079778902547632
Veillonellaceae	1.674	0.916	1.66	0.996	0.987009010713886	0.365436077939252	1.11498540891424e-19	0.999606610559626	0.995857274859317	4.16652442278479e-19
Coriobacteriaceae	2.908	0.563	2.62	0.521	1.5133189728484e-07	0.712992601529547	0.00216764590396539	9.76778609747604e-07	0.995857274859317	0.00270005016107969
Erysipelotrichaceae	1.281	0.972	1.405	0.946	0.368538555548814	0.889996202449617	2.89538602691726e-27	0.670929165229893	0.995857274859317	1.86884007191932e-26
Corynebacteriaceae	0.32	0.537	1.554	1.024	6.64737330608002e-40	0.968099784256339	0.00197258210930582	1.57321168243894e-38	0.995857274859317	0.00250095231715559
Ruminococcaceae	3.94	0.51	3.899	0.526	0.690825110675344	0.786241311301979	1.48145297810482e-30	0.925444959583952	0.995857274859317	1.31478951806803e-29
Flavobacteriaceae	2.45	0.88	2.071	0.707	2.54751646971484e-06	0.0758334806768576	5.21549189599743e-17	1.06396276088091e-05	0.995857274859317	1.68318147552644e-16
Fibrobacteraceae	0.955	0.739	0.863	0.762	0.404117103802175	0.141107414016745	1.36481195907761e-18	0.69184355301557	0.995857274859317	4.84508245472552e-18
Geobacteraceae	2.333	0.628	2.029	0.544	3.10220676175919e-07	0.663321669317315	3.07378634225704e-12	1.69428215449925e-06	0.995857274859317	7.52547690690517e-12
Rikenellaceae	3.023	0.716	2.628	0.789	2.22468471066343e-07	0.790955317266592	1.62294875064947e-21	1.31627178714253e-06	0.995857274859317	6.40163118311734e-21
Peptococcaceae	1.339	0.713	1.177	0.597	0.0282092934294636	0.424518983918768	1.23071131536471e-08	0.0715307083389971	0.995857274859317	2.0321047300208e-08
Mycoplasmataceae	0.2	0.371	0.158	0.294	0.395684823128753	0.42237526198562	0.518852948526223	0.69184355301557	0.995857274859317	0.533892164425533
Streptococcaceae	2.796	0.754	2.836	0.744	0.842193678066813	0.962717504838227	3.54385407305758e-12	0.999606610559626	0.995857274859317	8.38712130623626e-12
Saprospiraceae	0.422	0.701	0.406	0.645	0.968688943847282	0.980773449373732	4.77958115991069e-32	0.999606610559626	0.995857274859317	6.78700524707318e-31
Blattabacteriaceae	0.545	0.721	0.487	0.577	0.622797696030582	0.227653819607204	8.62589585583601e-15	0.896073001451844	0.995857274859317	2.44975442305743e-14
Propionibacteriaceae	0.23	0.432	0.337	0.451	0.0300265839757923	0.103372748870999	0.000149865863695713	0.073513360768319	0.995857274859317	0.000226393113242459
Dehalococcoidaceae	0.151	0.297	0.143	0.27	0.950747240759277	0.8963036653066	0.00129111947474515	0.999606610559626	0.995857274859317	0.00169971901686629
Beutenbergiaceae	0.186	0.283	0.168	0.273	0.788552154511553	0.834981642672724	0.893470814538192	0.999606610559626	0.995857274859317	0.893470814538192
Leptotrichiaceae	0.294	0.773	0.364	0.83	0.631037324966087	0.126410340369476	4.49741421460606e-29	0.896073001451844	0.995857274859317	3.54796010263367e-28
Moraxellaceae	0.072	0.261	0.985	0.848	6.17723118983248e-38	0.385678869182902	0.184510820569825	1.09645853619527e-36	0.995857274859317	0.198488913037236
Syntrophomonadaceae	0.685	0.719	0.772	0.699	0.409259566572591	0.863537745822069	6.11090897740055e-14	0.69184355301557	0.995857274859317	1.66874822075169e-13
Campylobacteraceae	0.464	0.566	1.502	1.111	6.13458938542516e-28	0.267928875879714	9.27694089082902e-05	8.71111692730373e-27	0.995857274859317	0.000143187565923665
Thermoanaerobacterales_Family_III._Incertae_Sedis	0.195	0.488	0.3	0.503	0.072535473436939	0.731676385271658	4.56609751454482e-28	0.160938081688209	0.995857274859317	3.24192923532682e-27
Desulfovibrionaceae	1.328	0.965	1.135	0.943	0.0893792772795558	0.956778260803451	6.64278440270142e-24	0.192300869298438	0.995857274859317	3.14425128394534e-23
Acidaminococcaceae	2.962	0.927	2.673	0.848	0.00209115512569862	0.621214404246824	1.07532066749356e-32	0.00707009590117153	0.995857274859317	1.90869418480107e-31
Enterobacteriaceae	1.635	1.02	2.245	1.012	2.75516227554655e-09	0.660541595287002	2.66222027313226e-17	1.95616521563805e-08	0.995857274859317	9.00083997106621e-17
Jonesiaceae	1.128	0.667	0.785	0.744	1.76740156155665e-06	0.899649548787019	0.239299291207312	8.36570072470147e-06	0.995857274859317	0.253585816055509
Oscillospiraceae	3.375	0.451	3.393	0.372	0.884754808677268	0.965890101493998	0.000279296908271923	0.999606610559626	0.995857274859317	0.000404695520149112
Halothiobacillaceae	0.735	0.669	0.688	0.63	0.724407962986357	0.550666810241079	4.08649733055996e-09	0.952462321704284	0.995857274859317	6.90812643975612e-09
Verrucomicrobiaceae	1.545	1.213	1.195	1.059	0.00411246138429723	0.546350696539948	3.01068419654466e-15	0.0121660315952126	0.995857274859317	8.90660741477795e-15
Pasteurellaceae	0.559	0.803	0.533	0.744	0.937189185574693	0.446435696979794	5.95876999169377e-10	0.999606610559626	0.995857274859317	1.17520185947294e-09
Clostridiaceae	2.788	0.515	3.02	0.5	6.88502529876278e-06	0.669625934829152	1.49624889505366e-09	2.71575997895643e-05	0.995857274859317	2.65584178872025e-09
Thermotogaceae	0.398	0.561	0.393	0.557	0.995548553472736	0.939252642670037	4.34048954664366e-13	0.999606610559626	0.995857274859317	1.14138799189518e-12
Rhizobiaceae	0.341	0.511	0.319	0.471	0.885422388033051	0.360763426791913	0.00136856937476279	0.999606610559626	0.995857274859317	0.00176669864742105
Fusobacteriaceae	0.273	0.635	0.813	0.96	5.5921143871501e-11	0.55882993211041	3.71247178136036e-10	4.41155690541841e-10	0.995857274859317	7.53101418504529e-10
Alicyclobacillaceae	0.043	0.156	0.458	0.642	3.81884653603679e-18	0.0286604362394946	0.376391500786068	3.38922630073265e-17	0.783564288255427	0.392997008173688
Neisseriaceae	0.235	0.5	0.29	0.626	0.567713766333956	0.346818534316037	9.99709989297817e-11	0.876253856732845	0.995857274859317	2.08762968353368e-10
Bacteroidaceae	4.485	0.29	4.46	0.31	0.656283328370745	0.551485947538304	1.0459116735106e-12	0.900675682057767	0.995857274859317	2.65213317211615e-12
Thermaceae	0.208	0.392	1.585	0.94	1.67380550551947e-54	0.146949401892142	0.0702731176786813	1.18840190891882e-52	0.995857274859317	0.079778902547632
Paenibacillaceae	0.317	0.552	0.516	0.691	0.00281237434491551	0.338560816762097	0.000506037612280618	0.00868167732560875	0.995857274859317	0.000718573409438477
Chlorobiaceae	0.296	0.659	0.404	0.814	0.284319339936185	0.283942305612158	5.42675196987325e-26	0.531228240407083	0.995857274859317	2.96384146046923e-25
Enterococcaceae	0.471	0.794	0.552	0.771	0.530568429187451	0.774168065930062	1.78534088413508e-22	0.837119077162423	0.995857274859317	7.45642369256417e-22
Unclassified	4.517	0.175	4.459	0.182	0.00207683501139317	0.833173672999598	9.97890851927131e-11	0.00707009590117153	0.995857274859317	2.08762968353368e-10
Eubacteriaceae	3.715	0.372	3.587	0.42	0.00258814010850198	0.763388887690699	9.31943405940771e-12	0.00835263398652912	0.995857274859317	2.13445102650951e-11
Spirochaetaceae	0.297	0.548	0.541	0.684	0.000136581816673046	0.259454302864331	2.58787532870002e-15	0.000510384683357173	0.995857274859317	7.98865862337833e-15
Beijerinckiaceae	0.588	0.494	0.514	0.506	0.260708765632136	0.00632456434419437	1.3395053130328e-05	0.500278982699505	0.4490440684378	2.16147448239384e-05
Comamonadaceae	0.836	1.042	0.838	1.064	0.999606610559626	0.822364555927591	8.9800008651892e-43	0.999606610559626	0.995857274859317	3.18790030714217e-41
Cyclobacteriaceae	0.412	0.746	0.265	0.547	0.0501963837844529	0.288320594878046	3.96353129054951e-39	0.114965911248263	0.995857274859317	9.38035738763384e-38
Bifidobacteriaceae	0.418	0.585	0.273	0.456	0.0113238420980984	0.823129445488851	9.92159278300516e-10	0.0309227995755765	0.995857274859317	1.80623868613684e-09
Acholeplasmataceae	0.801	1.032	0.722	0.837	0.659649795309914	0.61717982136143	2.28912170329942e-31	0.900675682057767	0.995857274859317	2.70879401557098e-30
Prevotellaceae	2.605	1.151	3.111	0.944	2.0973709406355e-06	0.472154628839126	4.94271309929723e-27	9.30708354907001e-06	0.995857274859317	2.92443858375086e-26
Porphyromonadaceae	3.616	0.579	3.618	0.525	0.999366456054414	0.738327721062475	1.62473244126316e-22	0.999606610559626	0.995857274859317	7.20975020810526e-22
Lachnospiraceae	4.3	0.205	4.274	0.251	0.46575561722318	0.0331083502079758	0.022520105692507	0.769038344717343	0.783564288255427	0.0266487917361333
Lactobacillaceae	1.301	0.811	1.251	0.806	0.797503135216494	0.452318607468434	1.53922163778038e-09	0.999606610559626	0.995857274859317	2.66548137274163e-09
Alcaligenaceae	0.157	0.319	0.148	0.309	0.957114840492301	0.921927457235597	0.00111604050839862	0.999606610559626	0.995857274859317	0.0015238245403135
Micrococcaceae	0.435	0.618	0.603	0.704	0.0235476072485413	0.989461681996441	0.0010917913169426	0.0619214857276455	0.995857274859317	0.00151994477456715
Actinomycetaceae	0.205	0.43	0.874	0.911	1.49244408721552e-19	0.783397023882397	0.0232999086896398	1.51376471703288e-18	0.995857274859317	0.0271195658518758
Staphylococcaceae	0.245	0.436	0.311	0.428	0.255922802489278	0.69085666186962	0.0032034986765029	0.500278982699505	0.995857274859317	0.00392152424192597
Desulfurobacteriaceae	0.202	0.305	0.075	0.186	8.1669649148947e-07	0.417139351639529	0.00531092896788483	4.14181792112517e-06	0.995857274859317	0.00639111791050548
Acidobacteriaceae	0.236	0.409	0.149	0.317	0.0381896227372815	0.964089527004136	8.0574271155608e-31	0.0903821071448996	0.995857274859317	8.17253321721167e-30
Coxiellaceae	0.395	0.887	0.436	0.935	0.886357614815172	0.995857274859317	1.6861909496839e-53	0.999606610559626	0.995857274859317	1.19719557427557e-51
Burkholderiaceae	0.626	0.698	0.749	0.757	0.181866528381805	0.169942297354284	7.29414034643117e-10	0.368929243288803	0.995857274859317	1.39968639080166e-09
Methylobacteriaceae	0.553	0.635	0.444	0.562	0.142166632844499	0.426942707537823	9.1934448106818e-10	0.296877380351748	0.995857274859317	1.71772258304844e-09
Nocardiopsaceae	0.194	0.302	0.168	0.286	0.629623937881465	0.642366472720699	0.117423542904612	0.896073001451844	0.995857274859317	0.130266742909804
Rhodobacteraceae	0.587	0.913	0.621	0.924	0.923384211015238	0.38877596995519	7.85821979692419e-26	0.999606610559626	0.995857274859317	3.9852400398687e-25
Peptostreptococcaceae	2.465	0.701	2.524	0.545	0.586302450452862	0.366489697018461	1.72485307295591e-11	0.885690935790494	0.995857274859317	3.82701775562092e-11
Caldilineaceae	0.243	0.447	0.135	0.273	0.00663144354098218	0.605810679919981	0.000237778364696993	0.0188332996563894	0.995857274859317	0.000351713831114302
Geodermatophilaceae	0.169	0.273	0.154	0.239	0.819560300033144	0.3618133069378	0.680033318361305	0.999606610559626	0.995857274859317	0.689748080052181
Rhodospirillaceae	0.254	0.392	0.248	0.367	0.983704594676284	0.78932482463379	6.83457057457003e-05	0.999606610559626	0.995857274859317	0.000107834335732105
Segniliparaceae	0.04	0.32	0.687	0.837	2.35824696905235e-22	0.382491269145761	0.171131314563128	2.79059224671195e-21	0.995857274859317	0.186928051292032
Bacillaceae	2.283	0.562	3.445	0.797	2.7930519619535e-46	0.492015812770385	0.0012927440409969	9.91533446493491e-45	0.995857274859317	0.00169971901686629
Listeriaceae	0.189	0.369	0.226	0.31	0.479505857322427	0.0918814126173615	0.070789730429589	0.773748087952099	0.995857274859317	0.079778902547632
Veillonellaceae	1.674	0.916	1.66	0.996	0.987009010713886	0.365436077939252	1.11498540891424e-19	0.999606610559626	0.995857274859317	4.16652442278479e-19
Coriobacteriaceae	2.908	0.563	2.62	0.521	1.5133189728484e-07	0.712992601529547	0.00216764590396539	9.76778609747604e-07	0.995857274859317	0.00270005016107969
Erysipelotrichaceae	1.281	0.972	1.405	0.946	0.368538555548814	0.889996202449617	2.89538602691726e-27	0.670929165229893	0.995857274859317	1.86884007191932e-26
Corynebacteriaceae	0.32	0.537	1.554	1.024	6.64737330608002e-40	0.968099784256339	0.00197258210930582	1.57321168243894e-38	0.995857274859317	0.00250095231715559
Ruminococcaceae	3.94	0.51	3.899	0.526	0.690825110675344	0.786241311301979	1.48145297810482e-30	0.925444959583952	0.995857274859317	1.31478951806803e-29
Flavobacteriaceae	2.45	0.88	2.071	0.707	2.54751646971484e-06	0.0758334806768576	5.21549189599743e-17	1.06396276088091e-05	0.995857274859317	1.68318147552644e-16
Fibrobacteraceae	0.955	0.739	0.863	0.762	0.404117103802175	0.141107414016745	1.36481195907761e-18	0.69184355301557	0.995857274859317	4.84508245472552e-18
Geobacteraceae	2.333	0.628	2.029	0.544	3.10220676175919e-07	0.663321669317315	3.07378634225704e-12	1.69428215449925e-06	0.995857274859317	7.52547690690517e-12
Rikenellaceae	3.023	0.716	2.628	0.789	2.22468471066343e-07	0.790955317266592	1.62294875064947e-21	1.31627178714253e-06	0.995857274859317	6.40163118311734e-21
Peptococcaceae	1.339	0.713	1.177	0.597	0.0282092934294636	0.424518983918768	1.23071131536471e-08	0.0715307083389971	0.995857274859317	2.0321047300208e-08
Mycoplasmataceae	0.2	0.371	0.158	0.294	0.395684823128753	0.42237526198562	0.518852948526223	0.69184355301557	0.995857274859317	0.533892164425533
Streptococcaceae	2.796	0.754	2.836	0.744	0.842193678066813	0.962717504838227	3.54385407305758e-12	0.999606610559626	0.995857274859317	8.38712130623626e-12
Saprospiraceae	0.422	0.701	0.406	0.645	0.968688943847282	0.980773449373732	4.77958115991069e-32	0.999606610559626	0.995857274859317	6.78700524707318e-31
Blattabacteriaceae	0.545	0.721	0.487	0.577	0.622797696030582	0.227653819607204	8.62589585583601e-15	0.896073001451844	0.995857274859317	2.44975442305743e-14
Propionibacteriaceae	0.23	0.432	0.337	0.451	0.0300265839757923	0.103372748870999	0.000149865863695713	0.073513360768319	0.995857274859317	0.000226393113242459
Dehalococcoidaceae	0.151	0.297	0.143	0.27	0.950747240759277	0.8963036653066	0.00129111947474515	0.999606610559626	0.995857274859317	0.00169971901686629
Beutenbergiaceae	0.186	0.283	0.168	0.273	0.788552154511553	0.834981642672724	0.893470814538192	0.999606610559626	0.995857274859317	0.893470814538192
Leptotrichiaceae	0.294	0.773	0.364	0.83	0.631037324966087	0.126410340369476	4.49741421460606e-29	0.896073001451844	0.995857274859317	3.54796010263367e-28
Moraxellaceae	0.072	0.261	0.985	0.848	6.17723118983248e-38	0.385678869182902	0.184510820569825	1.09645853619527e-36	0.995857274859317	0.198488913037236
Syntrophomonadaceae	0.685	0.719	0.772	0.699	0.409259566572591	0.863537745822069	6.11090897740055e-14	0.69184355301557	0.995857274859317	1.66874822075169e-13
Campylobacteraceae	0.464	0.566	1.502	1.111	6.13458938542516e-28	0.267928875879714	9.27694089082902e-05	8.71111692730373e-27	0.995857274859317	0.000143187565923665
Thermoanaerobacterales_Family_III._Incertae_Sedis	0.195	0.488	0.3	0.503	0.072535473436939	0.731676385271658	4.56609751454482e-28	0.160938081688209	0.995857274859317	3.24192923532682e-27
Desulfovibrionaceae	1.328	0.965	1.135	0.943	0.0893792772795558	0.956778260803451	6.64278440270142e-24	0.192300869298438	0.995857274859317	3.14425128394534e-23
Acidaminococcaceae	2.962	0.927	2.673	0.848	0.00209115512569862	0.621214404246824	1.07532066749356e-32	0.00707009590117153	0.995857274859317	1.90869418480107e-31
Enterobacteriaceae	1.635	1.02	2.245	1.012	2.75516227554655e-09	0.660541595287002	2.66222027313226e-17	1.95616521563805e-08	0.995857274859317	9.00083997106621e-17
Jonesiaceae	1.128	0.667	0.785	0.744	1.76740156155665e-06	0.899649548787019	0.239299291207312	8.36570072470147e-06	0.995857274859317	0.253585816055509
Oscillospiraceae	3.375	0.451	3.393	0.372	0.884754808677268	0.965890101493998	0.000279296908271923	0.999606610559626	0.995857274859317	0.000404695520149112
Halothiobacillaceae	0.735	0.669	0.688	0.63	0.724407962986357	0.550666810241079	4.08649733055996e-09	0.952462321704284	0.995857274859317	6.90812643975612e-09
Verrucomicrobiaceae	1.545	1.213	1.195	1.059	0.00411246138429723	0.546350696539948	3.01068419654466e-15	0.0121660315952126	0.995857274859317	8.90660741477795e-15
Pasteurellaceae	0.559	0.803	0.533	0.744	0.937189185574693	0.446435696979794	5.95876999169377e-10	0.999606610559626	0.995857274859317	1.17520185947294e-09
Clostridiaceae	2.788	0.515	3.02	0.5	6.88502529876278e-06	0.669625934829152	1.49624889505366e-09	2.71575997895643e-05	0.995857274859317	2.65584178872025e-09
Thermotogaceae	0.398	0.561	0.393	0.557	0.995548553472736	0.939252642670037	4.34048954664366e-13	0.999606610559626	0.995857274859317	1.14138799189518e-12
Rhizobiaceae	0.341	0.511	0.319	0.471	0.885422388033051	0.360763426791913	0.00136856937476279	0.999606610559626	0.995857274859317	0.00176669864742105
Fusobacteriaceae	0.273	0.635	0.813	0.96	5.5921143871501e-11	0.55882993211041	3.71247178136036e-10	4.41155690541841e-10	0.995857274859317	7.53101418504529e-10
Alicyclobacillaceae	0.043	0.156	0.458	0.642	3.81884653603679e-18	0.0286604362394946	0.376391500786068	3.38922630073265e-17	0.783564288255427	0.392997008173688
Neisseriaceae	0.235	0.5	0.29	0.626	0.567713766333956	0.346818534316037	9.99709989297817e-11	0.876253856732845	0.995857274859317	2.08762968353368e-10
Bacteroidaceae	4.485	0.29	4.46	0.31	0.656283328370745	0.551485947538304	1.0459116735106e-12	0.900675682057767	0.995857274859317	2.65213317211615e-12
Thermaceae	0.208	0.392	1.585	0.94	1.67380550551947e-54	0.146949401892142	0.0702731176786813	1.18840190891882e-52	0.995857274859317	0.079778902547632
Paenibacillaceae	0.317	0.552	0.516	0.691	0.00281237434491551	0.338560816762097	0.000506037612280618	0.00868167732560875	0.995857274859317	0.000718573409438477
Chlorobiaceae	0.296	0.659	0.404	0.814	0.284319339936185	0.283942305612158	5.42675196987325e-26	0.531228240407083	0.995857274859317	2.96384146046923e-25
Enterococcaceae	0.471	0.794	0.552	0.771	0.530568429187451	0.774168065930062	1.78534088413508e-22	0.837119077162423	0.995857274859317	7.45642369256417e-22
Unclassified	4.517	0.175	4.459	0.182	0.00207683501139317	0.833173672999598	9.97890851927131e-11	0.00707009590117153	0.995857274859317	2.08762968353368e-10
