Taxa	stoolMeans	swabMeans	tissueMeans	Origin p-value	OriginSwabStool p-value	OriginTissueStool p-value	OriginTissueSwab p-value	Time p-value	Individual p-value	Origin (adj p-value)	OriginSwabStool (adj p-value)	OriginTissueStool (adj p-value)	OriginTissueSwab (adj p-value)	Time (adj p-value)	Individual (adj p-value)
Aeromonas	0.387808268734081	0.4140946408134	0	1.19722930298265e-07	0.925683936538259	6.64024484362535e-05	0.000269916623483968	0.866456736073545	0.00416017151092611	3.02157871705145e-07	0.999986120067965	0.000281546381369715	0.00100390042418599	0.967715040234733	0.00648497323762012
Novosphingobium	0.15392124061896	0.0810900015931968	0	1.05562881452936e-05	0.257244383699153	0.0239555488795314	0.45383939876686	0.00367615933964029	0.00132825209703111	2.03448462436568e-05	0.786532984142464	0.0447295077698768	0.495948208961723	0.735914633896254	0.00249360830000332
Thioalkalivibrio	0.198881865653697	0.259365674028039	0	1.40389456615194e-05	0.551022988111669	0.0197530683691363	0.00755713935487468	0.995036511254875	0.000801940574552499	2.65737185735902e-05	0.999986120067965	0.0387745416134897	0.0182058357185617	0.996277010824927	0.00155973763123972
Proteus	0.0955679090937324	0.451945417661125	0.444804231901472	0.00014925858661329	0.00019044180719141	0.00470926320292253	0.998248662383046	0.67872482468728	0.0651190749594188	0.00023439126194087	0.0026915775416386	0.0129113435103742	0.999998290159146	0.958850702308774	0.081687833676904
Veillonella	0.737944952256567	0.512042280116105	0.0514736936843547	1.84077134075071e-05	0.156614979729689	4.73388035728828e-05	0.0292601255846796	0.553473091629705	0.000566263743966447	3.36416831240647e-05	0.562752130554138	0.000209079715780232	0.0544424832100525	0.935329664208938	0.00117040705005
Rickettsia	0.188835071039489	0.225877339034482	0.308241930669063	0.114782905439058	0.792659919919692	0.222534138002971	0.586183066823871	0.982411034636716	0.302449011217034	0.119284195848433	0.999986120067965	0.25639802856864	0.627630354377074	0.996277010824927	0.327138726418424
Butyrivibrio	0.764555814580835	0.910391302189621	0.0501713787930516	1.01843603808352e-08	0.259704287216851	2.55978229724008e-08	8.69749816612142e-09	0.710136947367539	0.916588090399	3.32166830882625e-08	0.786532984142464	1.42808907109183e-07	6.35817107316462e-08	0.967715040234733	0.929744857246833
Methylocystis	0.0633788171477075	0.185979132364713	0.340766676040553	0.000266700874081721	0.0553033111454981	0.000148971708368917	0.114262796562392	0.824510391636065	0.433350972649333	0.000399999671582078	0.300623127252451	0.000584851892115007	0.152350395416523	0.967715040234733	0.452563577348072
Azospirillum	0.321164203238126	0.31795494006597	0	7.12311784814277e-13	0.998909144812644	0.00158636301544346	0.00864342246271532	0.0737796517440341	6.57576712187108e-09	2.96098232118876e-12	0.999986120067965	0.00473674590526779	0.0201363248581939	0.793178874189712	7.7447923879815e-08
Gluconobacter	0.124245819887176	0.109890824418694	0	0.0131250680898095	0.946278753407356	0.0787929839789534	0.226265834548147	0.549703521299491	0.0536163105103133	0.014644812815998	0.999986120067965	0.105057311971938	0.283836431504185	0.935329664208938	0.0693088891962586
Paludibacter	0.561862419888639	0.393093894502881	0	5.91823864652798e-14	0.101080066767766	6.36620515193087e-07	0.00368251101760575	0.73497255038151	9.58471264605096e-07	2.78814798458651e-13	0.448454179642699	3.29179388343743e-06	0.0100088760991336	0.967715040234733	5.07989770240701e-06
Olsenella	0.619447772102993	0.699078417144397	0.0501713787930516	5.32842292514048e-15	0.678771927524013	1.36118791815854e-05	2.03551687351089e-05	0.682879688377889	1.59297913202375e-07	2.75518453690191e-14	0.999986120067965	6.55845087840022e-05	9.18148036562359e-05	0.958850702308774	1.06628182072523e-06
Faecalibacterium	3.13404856569183	3.18048679779973	1.17842009056265	1.0433458155051e-24	0.941142152814868	1.67643676718399e-14	3.07531777821168e-14	0.957705461852189	0.000568641161109199	1.16415427835305e-23	0.999986120067965	2.09061526260591e-13	3.97355351237018e-13	0.992057260804925	0.00117040705005
Acidaminococcus	0.981715912216904	0.923888041518954	0.198206588087761	3.38747441616717e-17	0.912088904355882	6.34437705619995e-05	0.00178062785331867	0.0657965702372779	3.04942860349931e-16	2.1121899300807e-16	0.999986120067965	0.000274491415492732	0.00531680429441632	0.793178874189712	6.46478863941854e-14
Listeria	0.192806289668932	0.173392451552392	0	0.000793443684680051	0.917717049895469	0.00628823914754439	0.0453612901491373	0.352111357545348	0.105200188020506	0.00107826962277033	0.999986120067965	0.0156836082268166	0.0776112482787515	0.935329664208938	0.123879485463302
Lactococcus	0.628083496110843	0.361148703038578	0	2.76095378247806e-06	0.0431855030730971	3.59932250350026e-05	0.0674894792949896	0.433154846952726	0.0459945833486987	5.73845295966028e-06	0.269380798579449	0.00016235241930682	0.100486276788872	0.935329664208938	0.0598211758891051
Rothia	0.406064306833877	0.353304414551663	0	0.000153343758945246	0.864806197410423	0.0058055950735143	0.052457744430059	0.415603470705697	6.48521669952448e-05	0.000239035859532295	0.999986120067965	0.0148287488624703	0.0868831392122852	0.935329664208938	0.000183315458706559
Achromobacter	0.161382252416757	0.234706368800604	0	4.52131551587357e-05	0.337655843326904	0.0390349345930141	0.00686923585234367	0.793299954556407	0.00213934253487089	7.66815111492158e-05	0.906114415003844	0.0636569702593768	0.0171326823611395	0.967715040234733	0.00371754604420188
Acidovorax	0.30750142911516	0.255974007330196	0	2.13661799875115e-06	0.709819634226817	0.000766191198378507	0.0223224918439888	0.829078162475468	0.0242682602930438	4.62207158913514e-06	0.999986120067965	0.00253800834462881	0.044986218547975	0.967715040234733	0.0336266090334986
Allochromatium	0.123131049895068	0.128729990051295	0	0.0104575241911563	0.990081691595553	0.0524924686434112	0.0911622768197583	0.794247597895403	0.289575868297828	0.0120488865680713	0.999986120067965	0.0800604557726847	0.125496121336291	0.967715040234733	0.314820943995587
Acetobacterium	0.142675498980405	0.14228685185775	0	0.0066591830613138	0.999954506713903	0.0242928720481225	0.0632470288473334	0.789661093544977	0.0769392266766226	0.00793116184830632	0.999986120067965	0.0447833815147997	0.0969174149156371	0.967715040234733	0.09320637745968
Pelobacter	0.239354769491731	0.29446014873312	0	9.00807757224555e-08	0.677686389700671	0.0118332694720517	0.00716650831519106	0.646947110533166	5.08623850218708e-05	2.32891761623909e-07	0.999986120067965	0.0245946385105387	0.0174632156646035	0.937074645689592	0.000148017441223927
Actinoplanes	0.18107809679135	0.184641842558919	0	2.45241213893824e-06	0.997638231957472	0.0246683526013248	0.0566737282389209	0.25582999954443	8.54040354226893e-05	5.19911373454908e-06	0.999986120067965	0.0450835409610419	0.0917162624935209	0.935329664208938	0.000232123788584745
Tistrella	0.103670784621492	0.183586764900134	0	0.00262601038230446	0.190892941738461	0.172602522517864	0.0187239156247911	0.959300653136838	0.0205279999385777	0.00333361797035057	0.626761211194884	0.205571543672962	0.0389163736515267	0.992057260804925	0.0286311578090689
Pedobacter	0.168904157490442	0.162109117017061	0	0.00489783957579813	0.987599651578603	0.0097411337716613	0.0407290455061198	0.0475942836561361	0.0761396687386722	0.00600197682120926	0.999986120067965	0.0212899006143525	0.0713599805561768	0.776152933469296	0.0927678722563132
Chromobacterium	0.119404922158451	0.183188375462973	0.183312868833332	0.896648568803981	0.38591860127065	0.545808435452383	0.999998290159146	0.0408079114209845	0.00254595290612106	0.896648568803981	0.972457701939892	0.584669026267545	0.999998290159146	0.776152933469296	0.00426860679862603
Brevibacillus	0.129034969632461	0.0994917073381142	0	0.0118205679323282	0.769935170436584	0.0471688420655396	0.254981878125644	0.0247013069020036	0.243364167219771	0.0134008577628533	0.999986120067965	0.074072551984403	0.310770490424044	0.776152933469296	0.267322297671458
Prevotella	1.69857977976149	2.00226804876987	0.505838599324267	1.7569581207043e-17	0.124791308640587	2.55387424541453e-08	2.24165297435519e-09	0.478595493743227	1.83341740815208e-09	1.12871248966458e-16	0.489921433922305	1.42808907109183e-07	1.82780934832039e-08	0.935329664208938	3.23903742106868e-08
Shewanella	0.283619386957969	0.432063381526893	0.183920354914156	2.13694926681591e-05	0.123505138821441	0.546058807551764	0.066643121209255	0.107717353132441	3.33033381064383e-06	3.80700205516784e-05	0.489921433922305	0.584669026267545	0.100201004938738	0.878310725541445	1.47089743303436e-05
Rhodobacter	0.155051436933263	0.276182753347298	0	1.50235122673364e-08	0.0513061340466476	0.0465297276297765	0.000989861044067508	0.420001500458978	2.31102458482943e-06	4.82573424344745e-08	0.293659630601998	0.0736141959515867	0.0032284698668048	0.935329664208938	1.06508089561704e-05
Faecalitalea	1.62936683184319	1.55081903799914	0.314458178277715	3.0819365126344e-22	0.735876986819767	2.80886425230165e-14	1.13364873044475e-12	0.240744987654443	5.08352314320217e-05	2.84074148121083e-21	0.999986120067965	2.83464073469947e-13	1.14444538502041e-11	0.935329664208938	0.000148017441223927
Flavobacterium	0.257032394574059	0.736445139422321	1.61209956122329	1.62384394337977e-27	4.10499412240029e-11	1.66533453693773e-15	3.1863400806742e-14	0.135425552424011	0.0670503359912046	2.6481147384347e-26	1.60692696186497e-09	3.530509218308e-14	3.97355351237018e-13	0.890010318180444	0.0836157131184434
Catenulispora	0.116723478267962	0.152939848369344	0	0.0173553016957256	0.733102597962238	0.13559019333053	0.080326099787654	0.37156544680008	0.178632113328342	0.0190638547124032	0.999986120067965	0.16810012272557	0.11506171050664	0.935329664208938	0.199315831713729
Bacillus	0.698319569007481	1.22039139789521	0.508466592090234	2.35959114333114e-10	0.00018908770900794	0.46068132518102	0.000545531488705953	0.236429668912553	4.57015117102831e-08	8.62471245493453e-10	0.0026915775416386	0.503424953290599	0.00189594550173216	0.935329664208938	3.875488193032e-07
Blautia	2.66407046815116	2.62893628581871	0.559673204898591	3.33689012124061e-29	0.94770779776133	1.66533453693773e-15	2.33146835171283e-15	0.192350715068865	0.00135266487971878	1.41484141140602e-27	0.999986120067965	3.530509218308e-14	1.2356782264078e-13	0.935329664208938	0.00249360830000332
Treponema	0.759072735615388	0.89784136879476	0.0351516110313809	3.20204251150144e-23	0.166474152089423	1.59706692315353e-11	5.80946402095606e-12	0.938374096651209	2.18722568989463e-09	3.23253815446812e-22	0.569234197467058	1.20920781324482e-10	5.35481031496819e-11	0.992057260804925	3.56686035582816e-08
Histophilus	0.307493167085305	0.526434556230399	0.379467094933615	0.0343273737341697	0.00868183713088322	0.712329545147541	0.354320791293786	0.101441477834316	0.35373589771242	0.0367545617759797	0.0865204057151533	0.751312754085964	0.41046998772832	0.860223732035003	0.375126980786176
Magnetospirillum	0.192269838234629	0.18700559623365	0.0704053671341408	0.00179402905250054	0.995145692699457	0.198518716700599	0.33276361916186	0.274666691661518	0.00579469935161974	0.0023477417230254	0.999986120067965	0.231241582090808	0.389756283217206	0.935329664208938	0.00871259760669067
Zymomonas	0.118266947187916	0.156498216949118	0	0.0162788367848333	0.702476277635292	0.123357465762083	0.0677808376453241	0.357989379331427	0.0711052816767759	0.0179745489499201	0.999986120067965	0.154744276577287	0.100486276788872	0.935329664208938	0.0876413936946308
Riemerella	0.650269293689658	0.430030518061632	0.0769805627656952	5.93698143959317e-07	0.140784309018935	0.000374243680797415	0.0962695886169559	0.531532760847823	5.66427970308015e-12	1.44671271861351e-06	0.524576371490252	0.00130065016932872	0.131671953463191	0.935329664208938	4.00275765684331e-10
Agrobacterium	0.21483553599774	0.159309621295769	0.0447182510934897	4.80674925082738e-05	0.560756127577254	0.0359032040814117	0.319107768129702	0.487825734936832	0.000158606100856584	8.02386489114492e-05	0.999986120067965	0.0604085655972958	0.377937691863111	0.935329664208938	0.000415117202241924
Ferrimonas	0.160372466365425	0.213146595833419	0.0319317746779573	0.00260638726143888	0.564919139628368	0.122513086437486	0.0469762120626382	0.732890069742288	0.0028810051400488	0.00332863915316291	0.999986120067965	0.154744276577287	0.0790393409307882	0.967715040234733	0.00462706886129049
Desulfurivibrio	0.20688905165119	0.0914182689829899	0	5.43337947173196e-06	0.0866966150575071	0.0079701707290335	0.482697340364782	0.610705196112921	0.000493209969331061	1.09702518857826e-05	0.427434474237012	0.0179752786654798	0.524778646960686	0.937074645689592	0.00103525260889292
Geobacillus	1.17242015627366	2.35666398089063	1.52669737111006	6.49243571022374e-18	1.40998324127395e-14	0.0228706752966505	9.16860868227509e-07	0.0423529578169922	0.999801234704226	4.74619438126701e-17	2.34190444814431e-12	0.0440645350765531	4.8593626016058e-06	0.776152933469296	0.99986045111219
Acholeplasma	0.207259208965791	0.307504956081335	0	1.83752264821069e-05	0.242642201849494	0.0240526598385187	0.00265721216862136	0.955484564135366	0.00744860523269725	3.36416831240647e-05	0.75647274694254	0.0447295077698768	0.0076125537803747	0.992057260804925	0.0108157829406289
Streptococcus	2.02051791971195	2.49995861502097	0.51212482149933	4.57117783208035e-17	0.00164000180554202	4.34097202628436e-14	3.07531777821168e-14	0.831875063477268	0.070509945887681	2.76882771543152e-16	0.0185308218091081	3.68114427828914e-13	3.97355351237018e-13	0.967715040234733	0.0874158393461308
Paracoccus	0.196063079336013	0.146385007379072	0	2.55911125347958e-05	0.680014698903866	0.0257347683050654	0.213864397976167	0.397235904415733	0.000415602957879145	4.44698021096452e-05	0.999986120067965	0.0462353464463887	0.27149252916735	0.935329664208938	0.000899059459901825
Dehalobacter	0.106684710616478	0.169155797283624	0.0365637223661819	0.092110610894013	0.385464855383527	0.467875919198017	0.137912282687278	0.591328324349398	0.385184756398711	0.0961943325592648	0.972457701939892	0.508665101897332	0.181598782172068	0.937074645689592	0.4062645191867
Slackia	0.533588017180163	0.477444567821255	0.0514736936843547	2.21026888847021e-11	0.817905954456899	0.000187869208113756	0.0059567680459256	0.718031338160107	8.04624619749071e-07	8.5195818973761e-11	0.999986120067965	0.000691294062126256	0.0154004247041003	0.967715040234733	4.48895840491587e-06
Fibrella	0.338762178458121	0.303277336216992	0	6.13242880765767e-07	0.886830409793132	0.00156049733951502	0.0196691246513531	0.848730668407649	0.000290551724506775	1.47735784911753e-06	0.999986120067965	0.00472607765681692	0.0404840235542413	0.967715040234733	0.000690601054513348
Sphaerochaeta	0.168892075927747	0.266292089353831	0.512087964572434	0.00158497544829668	0.289763379006473	0.000127151388367497	0.0276286165048143	0.836076058613307	0.256674387082885	0.00208704841639066	0.830132923640165	0.000508605553469987	0.0527681684596453	0.967715040234733	0.280489536399853
Frankia	0.20362329964169	0.213875108168162	0	3.86324704651507e-07	0.985800482758998	0.0323322602370604	0.0597991418344467	0.277165488825376	7.97577806229249e-06	9.63539263366111e-07	0.999986120067965	0.0552777352440064	0.0946075975291246	0.935329664208938	3.38172989841202e-05
Emticicia	0.159237422803652	0.102126554107225	0.0632716296419076	0.0271790371126847	0.515316118674419	0.308906424352609	0.865914430223396	0.416786692066001	0.0107262300017384	0.0295484916302007	0.999986120067965	0.348341287035921	0.891135238870679	0.935329664208938	0.0154691208188336
Chlorobium	0.302433096686165	0.217416809847122	0.0813746587491984	9.70274780663848e-05	0.372736557008242	0.0169977104700714	0.308392725191546	0.640088370144004	0.0186787572008927	0.00015583201022783	0.972457701939892	0.0343191868538584	0.367299200789931	0.937074645689592	0.0262244803085381
Capnocytophaga	0.188811127370221	0.189113816377157	0	0.000171273049202461	0.999986120067965	0.0372781814049165	0.0853695675532917	0.547540649769665	0.000318022413664609	0.00026311511906465	0.999986120067965	0.0617419879518929	0.119876073903136	0.935329664208938	0.000717242039328692
Xanthomonas	0.228202226273242	0.302808373519094	0.187703983032827	0.160539137366019	0.448291284683744	0.860482534142693	0.410649638808656	0.114059577073481	0.127012723794088	0.166020961568761	0.999986120067965	0.877030275183898	0.460622875277435	0.890010318180444	0.147140423193151
Neisseria	0.294948961509342	0.239570585023756	0.163408860667665	0.175251280508162	0.686448454735072	0.265619207375677	0.717405791482157	0.463409231031023	0.569143096251037	0.179484403225751	0.999986120067965	0.304385253857532	0.756666804946354	0.935329664208938	0.58857725075717
Alkaliphilus	0.323090056939695	0.404473836380586	0.050066526876103	2.04876841414903e-05	0.459715839661642	0.00517198465997504	0.00153690859717592	0.424754761092672	0.00701084189361074	3.68083816779318e-05	0.999986120067965	0.0135365524433915	0.00485731252559145	0.935329664208938	0.0103215172322603
Peptoclostridium	1.67814917755445	1.66993374647781	0.109138279236139	4.24359516692978e-29	0.995761080779669	1.66533453693773e-15	1.18793863634892e-14	0.221371283854389	0.000296437245097711	1.49940362564852e-27	0.999986120067965	3.530509218308e-14	3.73225260221131e-13	0.935329664208938	0.000690601054513348
Oceanimonas	0.117699629920314	0.239833395076877	0	0.00011449699343542	0.059922694915673	0.188267566184648	0.00706935983948176	0.53658105943751	0.00419704826118957	0.00018250648577676	0.309844178588358	0.222374103550515	0.0174267940229085	0.935329664208938	0.0064947024187751
Erysipelothrix	0.259945288708664	0.363657361635404	0.0501713787930516	1.24729682557958e-05	0.323267320261624	0.0571644444146957	0.0096783245223705	0.366279827009876	9.8485236599528e-06	2.38222456777362e-05	0.894749271973858	0.0859493774178403	0.0218277106249207	0.935329664208938	4.09389610962744e-05
Eubacterium	2.95907141586544	2.76607838560924	0.720078137286896	9.58837674898388e-26	0.364583732883067	2.33146835171283e-15	2.98649993624167e-14	0.541428557514855	1.00239990463745e-06	1.27045991924036e-24	0.966146892140127	3.80208685048554e-14	3.97355351237018e-13	0.935329664208938	5.18314097032045e-06
Methylobacterium	0.234655940545183	0.23236981931234	0.0352537561027599	1.71745910228006e-05	0.999210829593166	0.0261314985547494	0.0699409231025675	0.62900746857913	0.000408516194639024	3.19387131301204e-05	0.999986120067965	0.0465535940639233	0.102968581234335	0.937074645689592	0.000899059459901825
Enterobacter	0.602759907573299	0.865708711427556	0.114119474500866	1.16872330452833e-07	0.120111007258924	0.0110593924638617	0.000483419484728853	0.126223513545619	4.54915188953435e-05	2.98517277783141e-07	0.489683337286383	0.0236827394175624	0.00173703272478842	0.890010318180444	0.000137774314368755
Escherichia	1.65491323639961	2.69160405623903	1.57192719261432	2.39025641930919e-08	9.30006934829475e-06	0.948731130785681	0.00134468814629807	0.166567934570722	2.10177445330569e-10	7.34397624483403e-08	0.000164301225153207	0.957766665364593	0.00431930131841197	0.905446208435719	5.56970230126008e-09
Haemophilus	0.657640421033892	0.389920326314514	0.103748664799771	0.0115451710441351	0.201606992552924	0.0148709924711993	0.422965989204516	0.377946604282393	2.11272120280427e-05	0.0131590121578314	0.647586097291211	0.0303139461912908	0.469470103200824	0.935329664208938	7.59147279651703e-05
Ralstonia	0.236449468921544	0.246111363957116	0.0352537561027599	2.39254899728166e-05	0.986326791921423	0.0266789787652237	0.0516769692971468	0.740298379628516	0.000201334049829729	4.19190402829514e-05	0.999986120067965	0.0471328624852286	0.0862639172519301	0.967715040234733	0.000520522177608567
Alistipes	3.24165737979952	2.72179609363912	0.819352695605249	3.01360560633115e-36	9.93214478126614e-05	1.66533453693773e-15	2.23154827949656e-14	0.567256857399614	1.09838795145426e-06	3.19442194271102e-34	0.0016197036104834	3.530509218308e-14	3.97355351237018e-13	0.935329664208938	5.54424394543577e-06
Salinispora	0.128672167578548	0.168231834588805	0	0.000694861449799337	0.662118268093345	0.0681608031722234	0.034404436846637	0.146764583472817	0.00276416618671823	0.000961436246117336	0.999986120067965	0.0963339351500757	0.0628770742369572	0.890010318180444	0.00450771716603281
Desulfatibacillum	0.169697057902727	0.121306155664675	0.0501713787930516	1.63860769418108e-05	0.644794006670619	0.188808201127796	0.642537601990797	0.824343309509986	1.17827345795673e-05	3.07420204572026e-05	0.999986120067965	0.222374103550515	0.681089858110244	0.967715040234733	4.62581431642273e-05
Granulicella	0.195983918251993	0.220097825126342	0	1.24554718505843e-06	0.921087629774768	0.0365407085087931	0.0453952584271943	0.573551209184726	3.29143588845343e-08	2.94413213919958e-06	0.999986120067965	0.0609970882194026	0.0776112482787515	0.935329664208938	3.0338452537049e-07
Rhodospirillum	0.24149964086529	0.226522879331777	0	3.33900543276896e-08	0.966311479311456	0.00490868238602404	0.0295324790997926	0.940756815965208	2.04376274074682e-05	9.43825535662692e-08	0.999986120067965	0.0131726666561658	0.0544424832100525	0.992057260804925	7.47030519031597e-05
Salmonella	0.389770623796794	0.679983361805257	0.114119474500866	1.86676186619017e-06	0.0368002285520281	0.148368901897869	0.00330198935994719	0.894635858290401	1.59860265052487e-08	4.07993315084862e-06	0.251666079129999	0.180771305760622	0.00909119148452992	0.972629753628539	1.61382743767273e-07
Helicobacter	0.143199149182616	0.161036089229392	0.107739018112531	0.728397583275837	0.937941096486354	0.852466589839494	0.76625520628775	0.151231475570011	0.775145018585684	0.731849704523589	0.999986120067965	0.8730575702704	0.800227111985237	0.890010318180444	0.790051653558486
Syntrophobotulus	0.159572615254792	0.154163516655883	0	0.00333994741268808	0.993353066426203	0.0294069052518342	0.0853834299970448	0.844915546875233	0.0917326768196255	0.00418975651769156	0.999986120067965	0.051522842259412	0.119876073903136	0.967715040234733	0.109871906699212
Desulfotomaculum	0.426347171413676	0.431793701998556	0.0501713787930516	4.07290027360689e-12	0.997193965326751	0.000409481201991801	0.00238486310674879	0.797921986169595	4.74335888134255e-07	1.62916010944276e-11	0.999986120067965	0.00140016152939132	0.0069259038168595	0.967715040234733	2.79331134123506e-06
Lachnoclostridium	2.12231921806855	2.14390561000173	0.241894641738844	5.32403111787755e-28	0.980571603002187	1.88737914186277e-15	1.23234755733392e-14	0.274012850723209	0.000305510555599226	1.02608599726367e-26	0.999986120067965	3.63749434613551e-14	3.73225260221131e-13	0.935329664208938	0.000696432664376731
Cellulosilyticum	0.368180889336317	0.449513083433501	0	2.60690995240031e-08	0.495265741320774	0.0002257775120168	0.000102901981614001	0.0462272061925892	0.00141902892430829	7.88980914622035e-08	0.999986120067965	0.000811268348263757	0.000411607926456004	0.776152933469296	0.00257123189703724
Edwardsiella	0.113602757526634	0.0966195591180519	0	0.00563185951030962	0.906535310666011	0.0676192533931166	0.23232721426078	0.144937723567832	0.0394034094773065	0.00678383077378204	0.999986120067965	0.0962099444251055	0.288031400136172	0.890010318180444	0.0518852348396831
Brachyspira	0.360190638165275	0.510144422747077	0.050066526876103	2.99749732061238e-06	0.0954089892417185	0.00224078058503674	6.81564695274028e-05	0.210494323194666	0.0162856422971134	6.16960613562937e-06	0.448454179642699	0.00641953356794309	0.000280896119810295	0.935329664208938	0.0233280822093787
Nocardia	0.142850306559153	0.156738667411078	0	8.66941001298272e-05	0.955218746376922	0.0516281361017672	0.070909227122916	0.362708221495895	0.000248005150495956	0.000142253480072043	0.999986120067965	0.079891714259669	0.103514478404007	0.935329664208938	0.000618554022413443
Porphyromonas	0.905398760137437	1.76512254462279	0.372031420051182	6.3964337682473e-16	4.54790649584425e-11	0.00117500670720028	6.40487662906253e-13	0.709288376920709	0.00047143094159028	3.56853673386428e-15	1.60692696186497e-09	0.00371793167054416	7.14649392295398e-12	0.967715040234733	0.000999433596171394
Pusillimonas	0.14322008097268	0.152919520523518	0	0.000167252714222638	0.980782521194478	0.0745535000112647	0.11111011831185	0.62848138748135	2.94720960038601e-05	0.000258814419089046	0.999986120067965	0.101969948402504	0.149597731286403	0.937074645689592	9.91759421082277e-05
Caldicellulosiruptor	0.644194285132242	0.806055646159488	0.954991596199712	0.000647060453925297	0.0526371035984713	0.00136151536230988	0.305744785399776	0.638858130508968	0.981820288328959	0.000914512108214419	0.293659630601998	0.00418320662043037	0.366202793812162	0.937074645689592	0.991170957741616
Parabacteroides	2.98135860021355	2.60520532051748	0.823392416187959	4.88344299188967e-28	0.0357429563900035	1.12132525487141e-14	7.988054662178e-13	0.943451279432915	5.82413519025719e-11	1.02608599726367e-26	0.251666079129999	1.48575596270462e-13	8.46733794190868e-12	0.992057260804925	1.76388094333503e-09
Marinobacter	0.10943174056843	0.172787932465397	0	0.00768514614632352	0.324979688405599	0.123184383170631	0.0225786421297653	0.380283087523926	0.164284617399233	0.00905139435011436	0.894749271973858	0.154744276577287	0.044986218547975	0.935329664208938	0.185257121748071
Coprococcus	2.15691130211533	2.21890821834406	0.23931501804501	9.97341883111538e-25	0.876147517278254	4.55191440096314e-15	2.32036612146658e-14	0.729756039583053	0.00150557754603419	1.16415427835305e-23	0.999986120067965	6.8928989500299e-14	3.97355351237018e-13	0.967715040234733	0.00265985366466041
Anaeromyxobacter	0.284377831616103	0.344627946246208	0	2.83405895503232e-08	0.649478563825803	0.00322171341989763	0.00202880795953564	0.371231848130052	2.40980278676035e-05	8.23041778721715e-08	0.999986120067965	0.00898688480287234	0.00597371232529938	0.935329664208938	8.5146365132199e-05
Shigella	0.285933055375064	0.726270256033805	0.505521896182155	0.00322457248073613	0.00116995064535452	0.325254934289976	0.431014718382065	0.0748281956782748	8.56860934330466e-07	0.00406910336854798	0.0145899727538329	0.364836222589814	0.475912084880196	0.793178874189712	4.65780815584766e-06
Leadbetterella	0.194677453942242	0.17288064065829	0.0501713787930516	0.00402453493155193	0.933400717209036	0.15345570467083	0.364770348911791	0.404405872860415	0.00027595768908244	0.0049894819034445	0.999986120067965	0.185900625086948	0.415759752523117	0.935329664208938	0.000664807160062241
Atopobium	0.267421017592381	0.328541945050741	0	0.000199668864284631	0.630304565495285	0.00500170218635532	0.0028040118175735	0.667450229152306	0.0940846523838099	0.000304530929700301	0.999986120067965	0.0132545107938416	0.00792600673767444	0.956077355272222	0.112055878120043
Yersinia	0.16382783566814	0.262749707462907	0.412887204266554	0.0237302255504447	0.298572207723131	0.00944526663447387	0.273183639858585	0.591846571805439	0.422536976782845	0.0259319990551251	0.843964107164049	0.0208582971511298	0.330942466571543	0.937074645689592	0.443454648900807
Deinococcus	0.420812958237833	0.458782050934476	0	1.0884353181406e-14	0.873275379039794	7.1945334149226e-05	0.00021006080384578	0.867291781342449	6.27704727730478e-09	5.36623924292577e-14	0.999986120067965	0.000299066879208547	0.000795230185987594	0.967715040234733	7.7447923879815e-08
Cronobacter	0.230436522474475	0.231749232939585	0.0501713787930516	0.000854412451090525	0.999818130472553	0.120612301575522	0.2028468507335	0.569353516424234	0.00136702541366109	0.00115372891484835	0.999986120067965	0.154034987554281	0.259057423828326	0.935329664208938	0.00249835679048407
Acinetobacter	0.510099680069362	1.59081913234423	0.498631210372763	1.89680833322694e-13	4.41868763800812e-14	0.996964330911965	3.27465664584636e-08	0.0236599375729573	0.0648163429815326	8.55581631157685e-13	2.34190444814431e-12	0.996964330911965	2.23944260941751e-07	0.776152933469296	0.081687833676904
Dyadobacter	0.120536725347518	0.102964646828832	0.0351516110313809	0.0599148162899965	0.929785543405723	0.342018524275581	0.604486697814542	0.452133959773106	0.00528284865432277	0.0631937365844739	0.999986120067965	0.379622655216875	0.643975778576296	0.935329664208938	0.00801467819142585
Pantoea	0.127111194086175	0.300793118298834	0.073986668204758	0.000246407119663364	0.00897853266855364	0.747034077329216	0.0227053084180817	0.49737077542872	0.000681249315945469	0.000373130781204523	0.0865204057151533	0.780153814747753	0.044986218547975	0.935329664208938	0.00133726717574481
Dehalococcoides	0.187083817495215	0.270642235555227	0	0.0020476313641802	0.389900493702315	0.0540950291405796	0.0117784855708938	0.421323013522677	0.000413213393736151	0.00266317698899511	0.972457701939892	0.0819153298414491	0.0260108223023904	0.935329664208938	0.000899059459901825
Mycoplasma	0.959966804299537	1.34462144346593	2.03336310489111	1.12315975834243e-19	7.14414005942299e-06	1.96509475358653e-14	4.44454822945417e-08	0.991746818810498	0.313035867480585	9.15807187571522e-19	0.000137687062963425	2.31444493200191e-13	2.8552855292251e-07	0.996277010824927	0.336871085816671
Pelodictyon	0.13075850087404	0.110396540026848	0	0.000378309753642188	0.903909109148146	0.0773126293710359	0.255066345914074	0.649764023190425	0.003125904385897	0.000549326491590027	0.999986120067965	0.104229785394612	0.310770490424044	0.937074645689592	0.00498264458503883
Pseudoxanthomonas	0.163729510199669	0.104554853597638	0	0.000678949104498258	0.497529645210109	0.0376096287534468	0.363072660592496	0.811622289101547	0.0170407229202915	0.000946955329958097	0.999986120067965	0.061808072059928	0.415759752523117	0.967715040234733	0.0240842217273454
Chlorobaculum	0.207510885802544	0.100915659017186	0	5.97904005205668e-08	0.119694449291509	0.00722623657120713	0.406829211812189	0.220423510437823	1.09854359786437e-05	1.62507242440515e-07	0.489683337286383	0.0166879244525321	0.458764855873319	0.935329664208938	4.46630212537982e-05
Gordonibacter	1.24827281830841	1.02248920548241	0.113636970421404	2.72461112436858e-21	0.162738858891593	5.5405569021616e-11	4.26914050899452e-06	0.00773042729458037	3.46204404927322e-09	2.31047023346456e-20	0.565584230901929	3.55938807047957e-10	2.05694951797009e-05	0.735914633896254	4.58720836528702e-08
Erwinia	0.327144524675061	0.340235645617035	0	2.38087875057977e-05	0.978329266403886	0.000351907834409082	0.00157645731042666	0.317234291428144	0.150825794249402	4.19190402829514e-05	0.999986120067965	0.00124340768157876	0.00485731252559145	0.935329664208938	0.17283820746418
Bordetella	0.208135772072148	0.142224280767082	0.0501713787930516	1.60718524191527e-06	0.457458245558058	0.0623765255312039	0.49059226926207	0.951503172670855	1.11657553134495e-05	3.62471565197913e-06	0.999986120067965	0.0918321070320502	0.530640617773259	0.992057260804925	4.46630212537982e-05
Enterococcus	1.40474110301309	1.28795162148239	0.101645072477406	5.30362549178263e-26	0.481862457990602	2.83106871279415e-14	1.23712151633981e-12	0.606604686129682	2.04010175753932e-08	7.49579069505278e-25	0.999986120067965	2.83464073469947e-13	1.192135279382e-11	0.937074645689592	1.96591623908335e-07
Azoarcus	0.155126935845418	0.121389529965234	0	3.89803852270066e-06	0.782017223809093	0.0416500406051115	0.231024127997965	0.630720056678123	0.000300643283333513	7.94600160396673e-06	0.999986120067965	0.0663895384081476	0.288031400136172	0.937074645689592	0.000692786696377227
Mycobacterium	0.654366935033507	0.674921554742185	0.390042960750904	0.000672462153645078	0.952593717636738	0.00808754734235329	0.0155403175544284	0.460364021085376	0.0546703708643512	0.000944119050150705	0.999986120067965	0.018048000385041	0.0332829121840569	0.935329664208938	0.0702431431711664
Rhodopseudomonas	0.265301458816988	0.321898498892007	0.286656373074064	0.271136609902024	0.71103112869375	0.969723176710463	0.940000257953367	0.162388832773154	0.00725695196909925	0.275028522962819	0.999986120067965	0.974319021149849	0.958077185990931	0.905446208435719	0.0106101642582692
Anoxybacillus	0.610776331778268	1.63335140443655	0.717782129330831	2.0498580463448e-13	3.73034936274053e-14	0.738449166644612	6.22535922700784e-07	0.236195692587163	0.75457826005692	9.05353970468955e-13	2.34190444814431e-12	0.775006056082464	3.47309514769911e-06	0.935329664208938	0.772804788077618
Megamonas	0.162261398192784	0.322394944717388	0	0.0337339574890057	0.192167352488997	0.341170625588651	0.0463395510842195	0.809415454601212	9.57924588268873e-12	0.036302532932331	0.626761211194884	0.379622655216875	0.0785918786388363	0.967715040234733	4.42559053066261e-10
Roseburia	2.77742794821925	2.52731054348609	0.564450502496776	4.81668107460975e-25	0.140018878683198	1.66533453693773e-15	2.79776202205539e-14	0.59357300905599	0.0289351766733379	6.00668463421922e-24	0.524576371490252	3.530509218308e-14	3.97355351237018e-13	0.937074645689592	0.0393221631714592
Rhizobium	0.263904882054366	0.323754548869505	0	2.64234174236625e-08	0.604822653107422	0.00292842447541364	0.0015809177559708	0.547529640308962	0.000267885256399441	7.88980914622035e-08	0.999986120067965	0.00827767985050255	0.00485731252559145	0.935329664208938	0.000652777866168753
Asticcacaulis	0.117321954006887	0.0856237111414911	0	0.0082422786402423	0.738697913420592	0.0776806891148522	0.359599245933897	0.303731187463796	0.0625337949971147	0.00965393962282523	0.999986120067965	0.104229785394612	0.414320870315142	0.935329664208938	0.0793842187987324
Desulfitobacterium	0.294630719157806	0.433600963517834	0	2.07070530225052e-09	0.0977366227123145	0.00178287261583776	5.55547988528859e-05	0.682954981361438	0.000226279785702648	6.96808768376366e-09	0.448454179642699	0.00524956936885563	0.000235552347136236	0.958850702308774	0.000571087078201921
Cellulomonas	0.164835284399134	0.152291218752761	0	3.82371868652577e-05	0.969995136272489	0.0404506337263725	0.12886148483964	0.996277010824927	0.000267747467189993	6.53732549631825e-05	0.999986120067965	0.0649661693181134	0.170741467412524	0.996277010824927	0.000652777866168753
Spirochaeta	0.214310595731702	0.250822521579833	0	2.67840109092119e-06	0.838678770158469	0.0251338791956364	0.0240404660196291	0.349960240022253	0.000218499989514402	5.62199040866626e-06	0.999986120067965	0.0455417298245719	0.0471905444089015	0.935329664208938	0.000558096358759678
Ruminococcus	2.66606562109082	2.70109015494868	0.595780318188437	7.37844219875044e-28	0.957033755633489	1.66533453693773e-15	8.77076189453874e-15	0.995360258951147	0.000667143255741955	1.30352478844591e-26	0.999986120067965	3.530509218308e-14	3.71880304328442e-13	0.996277010824927	0.00132181654408686
Pelotomaculum	0.120247737721036	0.143166665172697	0	0.0128164254473586	0.873672207320909	0.101098424065491	0.0908473042246982	0.180337630906268	0.112016321389306	0.0143760962689949	0.999986120067965	0.129896156981116	0.125496121336291	0.934920809754064	0.130480550189741
Desulfurispirillum	0.101668369992943	0.230455378442459	0	5.94877799112642e-06	0.0126883558115745	0.171159733063588	0.00167680697739658	0.0533803507204658	0.000616104600276323	1.18975559822528e-05	0.116953540524078	0.205004878019665	0.00507832970297251	0.793178874189712	0.00124067832008457
Clostridium	1.40932188121022	1.37983265759065	0.156103590445103	6.29096904932738e-24	0.936931679407138	8.54871728961371e-15	3.10862446895044e-14	0.0839016504318623	0.00397906761939962	6.66842719228702e-23	0.999986120067965	1.2082187102654e-13	3.97355351237018e-13	0.799251798853703	0.00624860989120533
Lawsonia	0.446811855387233	0.785913919094168	1.2391075712558	3.94985378347471e-13	5.65339290126143e-06	3.07531777821168e-14	3.56531305768515e-05	0.772453138155179	0.00279732228889378	1.70891633080947e-12	0.000119851929506742	2.83464073469947e-13	0.000154254360863113	0.967715040234733	0.00452696431485101
Rhodococcus	0.233444833932178	0.228554631762204	0	3.08814267625969e-08	0.99673117860683	0.0112393698317941	0.0398606470981886	0.38077384329137	2.3932489180962e-06	8.84711145090613e-08	0.999986120067965	0.0238274640434034	0.0704204765401332	0.935329664208938	1.07950802263063e-05
Eggerthella	1.62083551570296	1.47500204004765	0.368539873709541	6.75537144290255e-18	0.518164114212276	2.34040564706106e-11	2.27465237090385e-07	0.0378653726630695	4.84328936536811e-08	4.77379581965114e-17	0.999986120067965	1.65388665725648e-10	1.33951750731005e-06	0.776152933469296	3.94914363637707e-07
Desulfovibrio	1.12547220392062	1.06647366423029	0.140268199275981	5.54855444496765e-29	0.839564011417492	2.31724639476738e-11	3.90754973933483e-08	0.564354730387236	6.10618381607966e-16	1.6804193461902e-27	0.999986120067965	1.65388665725648e-10	2.58875170230932e-07	0.935329664208938	6.47255484504444e-14
Thermoanaerobacterium	0.131071885049276	0.181176161188815	0	0.0152357950568448	0.567482594524229	0.0908416657792681	0.0349521723194683	0.817354131701385	0.171743428558662	0.0169109348274926	0.999986120067965	0.11742947039759	0.0633321412968144	0.967715040234733	0.192643422510245
Thiobacillus	0.135482032833448	0.136866264581292	0	0.0115138130917604	0.999576536022779	0.0827338758820447	0.150749346247747	0.143221347690385	0.0065490834035558	0.0131590121578314	0.999986120067965	0.10894150116145	0.196066634383573	0.890010318180444	0.00977750479967485
Serratia	0.389653324886983	0.487711668758274	0.241605830076136	0.030508088576035	0.430936941215403	0.299363887080892	0.0879084475732713	0.477379113202671	0.105765032400272	0.0329985447863236	0.999986120067965	0.339385797118445	0.122609150562721	0.935329664208938	0.123879485463302
Thermanaerovibrio	0.131884085734068	0.165524925424506	0	4.62444805485472e-05	0.765526542608097	0.0797606062832205	0.0532927718485044	0.155331989493757	3.53263906597168e-05	7.78081736213652e-05	0.999986120067965	0.105682803325267	0.0875819196269996	0.890010318180444	0.000113472648785757
Arthrobacter	0.295870302689825	0.293977602320629	0	1.66300008524714e-12	0.999521286599764	0.00103695963421557	0.00607080020217621	0.387210781242991	1.50197697320395e-07	6.77992342446909e-12	0.999986120067965	0.00333084003717729	0.015506140275438	0.935329664208938	1.06139706106413e-06
Thermaerobacter	0.231390498979977	0.246673171012921	0	2.20757191593733e-06	0.964690143453546	0.0071808238909582	0.0153097605457554	0.456608584032594	0.00113658854230688	4.72732571897691e-06	0.999986120067965	0.0166879244525321	0.0332829121840569	0.935329664208938	0.00217078172044196
Vibrio	0.362188781143592	0.437678390689013	0.118236230328426	6.42385486634176e-06	0.503191362186378	0.0128665587566547	0.0042715119320309	0.722439138025642	6.96386146351258e-05	1.2727637679107e-05	0.999986120067965	0.026482625790396	0.0114627915138044	0.967715040234733	0.000193903807687402
Sorangium	0.243847907196231	0.233488973160432	0.17249757202531	0.0126857900423806	0.985641911870634	0.649866685090872	0.791911642026505	0.525400103277254	0.00034369215007389	0.0143052526009824	0.999986120067965	0.688858686196324	0.822967000537348	0.935329664208938	0.000766976166480681
Desulfomicrobium	0.180062418313784	0.22581947010834	0.0501713787930516	0.000448917221446776	0.689914485187469	0.15609579154422	0.0826148952397142	0.153715279295106	1.99141762461151e-05	0.000647418033651132	0.999986120067965	0.188024476178265	0.117546025441741	0.890010318180444	7.40667607750245e-05
Symbiobacterium	0.258318758877651	0.280184181831156	0	2.20087954298788e-08	0.937784512703054	0.00475039997079807	0.00924342490235697	0.974637334082629	2.74110661067062e-05	6.86156563402103e-08	0.999986120067965	0.0129113435103742	0.0210710331107492	0.996277010824927	9.42729747673724e-05
Desulfarculus	0.224088197510459	0.182744321639796	0.168826088002821	0.00469195172898985	0.79407791864683	0.771145612434891	0.987855216910708	0.303061996661385	1.60115677597124e-06	0.00578310329387121	0.999986120067965	0.801386616844103	0.999998290159146	0.935329664208938	7.54322747790898e-06
Heliobacterium	0.25744252103366	0.289573597746986	0	5.46064370559557e-07	0.878054844706089	0.00672007457593171	0.00915457481891369	0.351796334659863	7.04273263770279e-05	1.34611216928635e-06	0.999986120067965	0.0160073686527812	0.0210710331107492	0.935329664208938	0.000193903807687402
Bacteroides	4.16762645738808	3.95606256155749	1.97607305132634	7.66252987272849e-33	0.0942676372278179	1.66533453693773e-15	1.66533453693773e-15	0.648736647501329	0.00134995246333634	5.4148544433948e-31	0.448454179642699	3.530509218308e-14	1.2356782264078e-13	0.937074645689592	0.00249360830000332
Alteromonas	4.83418137678802	4.79155687443297	5.06445323010081	9.00605695909805e-17	0.512275456124097	1.52411099239025e-05	1.03934479563916e-05	0.246768808265193	6.19067762967992e-10	5.3035668759133e-16	0.999986120067965	7.18025623081628e-05	4.89646881501117e-05	0.935329664208938	1.31242365749214e-08
Aggregatibacter	0.159654622769502	0.108414360641577	0	0.0553009947701034	0.718361732972616	0.136658815252178	0.502552758807943	0.443409136334068	0.159616584738262	0.0586190544563096	0.999986120067965	0.168439935078266	0.540818197295857	0.935329664208938	0.181928580454363
Azospira	0.128575579327633	0.12660931707149	0	0.00947744815784498	0.998839013620786	0.0481467117532463	0.111492648788923	0.607888382531877	0.0574451963017082	0.0110396648871601	0.999986120067965	0.0750522271447662	0.149597731286403	0.937074645689592	0.0733637446744707
Clavibacter	0.133201582192124	0.0323325898224186	0	8.72309075913468e-05	0.0432025809042512	0.0318589875426781	0.855972558914326	0.333298779791726	0.0294082691400354	0.000142253480072043	0.269380798579449	0.0549114256833152	0.885200890194327	0.935329664208938	0.0397105290298568
Dickeya	0.259808535201934	0.289084084862063	0.295135010301852	0.644398677467772	0.894612010889311	0.902721376631817	0.997780469525311	0.914139252001257	0.00696871773309762	0.65053580772937	0.999986120067965	0.915679099741365	0.999998290159146	0.978775360728619	0.0103215172322603
Megasphaera	0.470935845767439	0.526695482810705	0.0667594681662236	2.14882440697821e-08	0.886802345539401	0.0217556698765561	0.0254709222471924	0.414728031148862	2.42924589295995e-09	6.79926528775195e-08	0.999986120067965	0.0423137799433935	0.049089413785498	0.935329664208938	3.6785723521965e-08
Adlercreutzia	1.60543179055626	1.25961482816721	0.171719934413412	8.37502288849459e-18	0.107005460593902	1.34692934583569e-09	6.88990482553553e-05	0.540563280804543	1.29795925706994e-08	5.72743500761565e-17	0.453703152918144	8.39850062697548e-09	0.000280896119810295	0.935329664208938	1.44824927630962e-07
Kocuria	0.118044684875784	0.169428605365772	0	0.00249594983547735	0.432159589132476	0.0647240764608149	0.0164161619646429	0.0904813357192871	0.096529755201706	0.0032069173643709	0.999986120067965	0.0939829055458408	0.034802263365043	0.799251798853703	0.114325743590847
Hyphomicrobium	0.164149408596291	0.121464380465781	0	0.000574558102348205	0.686528422493448	0.0334440818151998	0.245416628713719	0.40518606310325	0.00163916564976523	0.000817492065086037	0.999986120067965	0.0567211627585788	0.302490263298305	0.935329664208938	0.0028719265929771
Campylobacter	1.15007212751067	1.40508488909415	0.16361081200798	2.26965611912116e-16	0.103652145294775	1.05579537335032e-08	7.46466777279409e-10	0.381288911881112	5.66915008696711e-08	1.30045161419915e-15	0.448454179642699	6.39510340429337e-08	6.33003827132939e-09	0.935329664208938	4.45133266087788e-07
Thermomonospora	0.113972778005932	0.149822872636505	0	0.00586072981755672	0.675046147564726	0.0861922932174386	0.0446292731294989	0.486631914557613	0.0169945871532867	0.00701963119390975	0.999986120067965	0.112794852852451	0.0775525074053588	0.935329664208938	0.0240842217273454
Sinorhizobium	0.29506975252891	0.318488269638623	0	1.59391148379195e-06	0.931319382476193	0.00128985435836859	0.00308888957324061	0.509931205994579	0.0014826204692446	3.62471565197913e-06	0.999986120067965	0.00402131064667855	0.00861637617798695	0.935329664208938	0.00264130705445257
Runella	0.168757020622666	0.0949618021191193	0	0.000274671135120842	0.240936455524074	0.0106224964329793	0.331803611039499	0.689944160972511	0.0359098024547198	0.00040720475975957	0.75647274694254	0.0229792779978736	0.389756283217206	0.962290540303765	0.0481827729139278
Parvibaculum	0.0985635967933561	0.134949271933697	0	0.00702888304854693	0.642891320372496	0.133836832297582	0.0630017169663225	0.315088151820879	0.0381505710066318	0.0083247106496757	0.999986120067965	0.166902402629926	0.0969174149156371	0.935329664208938	0.0505495065837871
Thermoanaerobacter	0.14401448686034	0.294927683544735	0.694931293735074	6.90604947357278e-08	0.0334468679160971	5.09324804554012e-11	3.07075309672333e-05	0.39041106685404	0.000116882500548431	1.8075092449351e-07	0.244508137869399	3.37427683017033e-10	0.000135624928438614	0.935329664208938	0.000309738626453342
Unclassified	3.51519375320552	3.55916133262111	2.41298577082231	1.58159789118076e-38	0.673943052518261	1.66533453693773e-15	1.66533453693773e-15	0.907798522676962	6.9090977421965e-06	3.35298752930322e-36	0.999986120067965	3.530509218308e-14	1.2356782264078e-13	0.976920237601604	2.98924228846053e-05
Fusobacterium	0.137588451180347	0.321471920405318	0.0442495621236677	0.0777137758765658	0.0424380663688454	0.589491376956174	0.0353091742749	0.194265767265357	0.000620339160042286	0.0815609925041186	0.269380798579449	0.628000863893009	0.0634368215786339	0.935329664208938	0.00124067832008457
Ethanoligenens	0.748287149975629	0.75446807351058	0.0667594681662236	1.02362896472076e-18	0.997530060959444	9.29513723768594e-08	3.41132875503192e-06	0.257647077570018	1.27512769542183e-09	7.7503335900286e-18	0.999986120067965	5.05274126766517e-07	1.6818644094576e-05	0.935329664208938	2.45751883117662e-08
Alicyclobacillus	0.137260313637083	0.268878684227711	0	3.10565633824888e-05	0.0219922489949673	0.0705131444669505	0.000759742735918056	0.280678427118086	0.00218525333678932	5.3528385667379e-05	0.166512742390467	0.0977044877581274	0.00251664781272856	0.935329664208938	0.00376645290568566
Corynebacterium	0.622611050236626	0.752632633868964	0.105006885321464	6.33819997487055e-13	0.268913536686236	7.29795522880217e-06	1.39585833858202e-06	0.368972939292517	4.21289361551459e-05	2.68739678934511e-12	0.802953095457494	3.68372978215728e-05	7.217608970229e-06	0.935329664208938	0.000129439629925956
Haliscomenobacter	0.387131211726416	0.247025616906373	0	6.05739975635618e-08	0.147468465982552	0.00018122278192767	0.0638573136390505	0.786288031191608	4.01737469491809e-05	1.62553006119938e-07	0.539022668763811	0.000686057674440466	0.0969174149156371	0.967715040234733	0.000125247564018035
Mesorhizobium	0.156757697298806	0.205599280929862	0	0.000267924308323845	0.640988104075479	0.0597275495525215	0.0285620066712404	0.819507585708049	0.00134809367358585	0.000399999671582078	0.999986120067965	0.0891707077826377	0.0540637983419908	0.967715040234733	0.00249360830000332
Candidatus_Carsonella	0.342741539700003	0.714323743930452	1.14846799886787	4.3803234594191e-15	2.50432562864944e-06	3.76365605347928e-14	0.000192793989818862	0.797166099080205	0.330906446097539	2.32157143349212e-14	6.63646291592102e-05	3.32456284724003e-13	0.000743133197119979	0.967715040234733	0.354303871579183
Citrobacter	0.214048544231351	0.38380328366694	0.0867351011592335	0.00104775835299588	0.0588345333361672	0.358687858293304	0.018349492685243	0.811112316037912	0.00236276560469559	0.00139701113732784	0.309844178588358	0.394756169926594	0.0385157668244705	0.967715040234733	0.00400725046556372
Thermobacillus	0.210146029627428	0.192756986959304	0	1.42483507490758e-06	0.950542066402561	0.0115643190483702	0.0595159844755517	0.405517571501838	5.09682698554087e-05	3.28331560739573e-06	0.999986120067965	0.0242736201807374	0.0946075975291246	0.935329664208938	0.000148017441223927
Lactobacillus	0.93124779204989	1.00821300291801	0.133576878951477	3.6370979169913e-11	0.75850169194451	1.06383010511912e-07	5.18173759456175e-07	0.536506997268199	0.000295349402711634	1.37690135428956e-10	0.999986120067965	5.63829955713135e-07	2.96899559472187e-06	0.935329664208938	0.000690601054513348
Caulobacter	0.218118703638252	0.25721208369819	0	4.12541200224419e-09	0.819259535590703	0.0230715254410254	0.0208506968913832	0.206706193935454	3.49191725614357e-07	1.36654272574339e-08	0.999986120067965	0.0440645350765531	0.0425033436632042	0.935329664208938	2.11510416657839e-06
Thermus	0.514213770994282	1.47573346899177	0.645046253229174	4.17247235915542e-15	3.00870439673417e-14	0.540129454230497	1.34537425866554e-07	0.0812800884395685	0.353893378100166	2.26811317984859e-14	2.34190444814431e-12	0.584221654575843	8.38880420109104e-07	0.799251798853703	0.375126980786176
Bifidobacterium	1.92921898780842	1.81858745379844	0.347531132303426	1.32302812407775e-17	0.72423137265057	5.55111512312578e-14	3.69532293653663e-10	0.194434742363263	1.70175635601634e-05	8.76506132201508e-17	0.999986120067965	4.52629386962564e-13	3.26420192727402e-09	0.935329664208938	6.44236334777614e-05
Selenomonas	0.644044596152458	0.687299703647037	0	6.94361382203968e-23	0.859254559425292	1.7293548704167e-08	2.08996777550929e-07	0.892221150177836	1.17137210539669e-11	6.69111877396551e-22	0.999986120067965	1.01839786813428e-07	1.26592333830849e-06	0.972629753628539	4.42559053066261e-10
Akkermansia	1.85962450889462	1.61482646806439	0.632661966377829	6.16437641965675e-08	0.600131237524014	0.000538441743432316	0.0245925829573023	0.0563891978356086	1.25252562188564e-11	1.63355975120904e-07	0.999986120067965	0.00181189920012145	0.0478314457518173	0.793178874189712	4.42559053066261e-10
Acidithiobacillus	0.0792921217987149	0.22733280094092	0.0501713787930516	0.00086222114541359	0.000939221591203965	0.833011290673272	0.00855616004364701	0.210954728388239	0.682402240416907	0.00115690432169418	0.0124446860834525	0.857273755450163	0.0201363248581939	0.935329664208938	0.702278033827108
Verminephrobacter	0.0703801117734447	0.183680266264753	0.960153246842729	7.6860642755835e-29	0.0196746579405391	1.66533453693773e-15	2.1094237467878e-15	0.801899575842027	0.99986045111219	2.03680703302963e-27	0.154482499384974	3.530509218308e-14	1.2356782264078e-13	0.967715040234733	0.99986045111219
Oscillibacter	1.42895352387945	1.47011978934954	0.155727281383381	1.08285956840842e-28	0.921532738012926	2.98649993624167e-14	1.70419234279962e-13	0.352834160262672	3.09302301293239e-10	2.55073587225095e-27	0.999986120067965	2.83464073469947e-13	2.00715987040844e-12	0.935329664208938	7.28578754157407e-09
Bibersteinia	0.182451284480876	0.13764828335936	0	0.0050211924695605	0.710225012840588	0.0313395748263458	0.225845041895433	0.275850909051262	0.00529271201320575	0.00611777473302773	0.999986120067965	0.0544589333047975	0.283836431504185	0.935329664208938	0.00801467819142585
Singulisphaera	0.105489917594514	0.122713058944572	0	0.0053160724620038	0.918607926054042	0.139604536890963	0.139525422046474	0.155301753021266	0.0444921837221688	0.00644004206825603	0.999986120067965	0.171076079889504	0.18258882391267	0.890010318180444	0.0582243391919739
Pectobacterium	0.1395698389566	0.156320216673553	0	0.0528743758225874	0.944592738332267	0.0877067078631765	0.104250659721143	0.267191686539549	0.0739955064971967	0.0563284807758217	0.999986120067965	0.114072528018364	0.141673973467194	0.935329664208938	0.0906765744358712
Ruminiclostridium	2.12454049334074	2.12336606642258	0.546309127567283	3.39168295257769e-19	0.999973192648357	2.7887137044047e-11	6.80487965976084e-09	0.785878584319008	8.62119614512362e-08	2.66309920720915e-18	0.999986120067965	1.90712033978644e-10	5.15226602810464e-08	0.967715040234733	6.52747708130788e-07
Tannerella	1.30926106976956	1.01644977276863	0.164754846754253	1.02035300127741e-21	0.0189597800406398	1.08246744900953e-13	6.89862500125038e-07	0.426945305304347	3.73450927461078e-08	9.01311817795049e-21	0.154482499384974	8.49937404407481e-13	3.75002179555149e-06	0.935329664208938	3.29881652590619e-07
Planctomyces	0.221479247689193	0.181378686701044	0	1.86687605453246e-05	0.759672929038746	0.00653253943773879	0.0773742705187301	0.385505915637678	0.00232196604498662	3.38271558599043e-05	0.999986120067965	0.0157374813727344	0.111587383333135	0.935329664208938	0.00396981291562229
Burkholderia	0.634130420340707	0.7143540547914	0.147597912003797	1.24623943025111e-14	0.590744092072936	1.68242620129933e-05	1.63151395073946e-05	0.969965331229269	2.43106479090782e-07	6.00460816393714e-14	0.999986120067965	7.75379031903167e-05	7.51915125123404e-05	0.996277010824927	1.56177495658321e-06
Polaribacter	0.153132446304074	0.187053588387017	0	7.46656036317821e-05	0.789519844706815	0.0522590987133682	0.0389520293396018	0.407483848379364	0.000610315522643999	0.000123664906015139	0.999986120067965	0.0800604557726847	0.0693935312604672	0.935329664208938	0.00124067832008457
Actinobacillus	0.129331489032279	0.173646566264341	0	0.00228650442728736	0.601619388809885	0.069376991330798	0.0294897572125565	0.0104138863287206	0.00262565844468015	0.0029557252352739	0.999986120067965	0.0974034580273455	0.0544424832100525	0.735914633896254	0.00434874679900151
Thioflavicoccus	0.203747261278219	0.0964671443563594	0	3.98203184148661e-10	0.102652160405684	0.00650787940906006	0.418215929621325	0.0892750723887789	3.90841125344521e-05	1.40698458399193e-09	0.448454179642699	0.0157374813727344	0.466640931998531	0.799251798853703	0.000123669132198565
Meiothermus	0.136192181090039	0.201178510598251	0	0.000122447538965288	0.381483364990912	0.072537242715679	0.0155424920104794	0.812029905372987	0.0014581366445327	0.000193722972094336	0.972457701939892	0.0998564639982074	0.0332829121840569	0.967715040234733	0.0026197031240757
Anaplasma	0.0205049959014776	0.278594294662656	1.00091714659881	1.62862411234833e-29	1.24548607316477e-07	1.66533453693773e-15	1.67643676718399e-14	0.891168233836082	0.188750419419149	8.63170779544612e-28	3.77204353587045e-06	3.530509218308e-14	3.97355351237018e-13	0.972629753628539	0.209503083334343
Geobacter	0.597084156172696	0.61357969559667	0.129662946016554	5.98783054711646e-15	0.980554409965028	0.000115507460122344	0.000671078084323984	0.883118482529155	3.39630724999541e-09	3.02242875235402e-14	0.999986120067965	0.000470915029729555	0.0022662070655363	0.972629753628539	4.58720836528702e-08
Moorella	0.158942139234496	0.173415176939303	0	0.000344790527583139	0.957318929551851	0.0404273033826904	0.0587605139285917	0.876850669936288	0.00510950309406389	0.000504107529983624	0.999986120067965	0.0649661693181134	0.0943729466125867	0.972629753628539	0.0078493815647938
Phycisphaera	0.137786830952694	0.1070191239523	0	0.000698401801424857	0.806356983220753	0.0704420149471627	0.300700660870542	0.831840745313498	0.00333723704203916	0.000961436246117336	0.999986120067965	0.0977044877581274	0.362207614230426	0.967715040234733	0.0052798078575545
Delftia	0.0885409773753749	0.18654309165668	0	0.00156078791503229	0.0448921161740874	0.197110295513761	0.00587969656506837	0.764805201811872	0.0250583318376725	0.00206804398741779	0.271917960825901	0.230869517397334	0.015388835454253	0.967715040234733	0.0344958853869258
Klebsiella	0.963937328507475	1.29707279533843	0.342553906811695	1.79387404623468e-06	0.28643051144794	0.067032123302893	0.00984511165599378	0.586936456913263	1.44591581557346e-08	3.96147185210158e-06	0.830132923640165	0.0960189874338737	0.0219701439060072	0.937074645689592	1.53267076450787e-07
Propionibacterium	0.507149676905019	0.435664023787193	0.0366564076557087	3.70588369750246e-10	0.707127265926923	0.000167622078127594	0.00820035915862916	0.0454992156046907	2.7570398281024e-05	1.33160566757716e-09	0.999986120067965	0.00064610691932818	0.0195334397935886	0.776152933469296	9.42729747673724e-05
Cupriavidus	0.184652882792973	0.218861045954857	0	0.00033575261441639	0.749632991543579	0.00648378930677296	0.00539389051518413	0.017824685328745	0.0361561735626061	0.000494302460113019	0.999986120067965	0.0157374813727344	0.0142938098652379	0.776152933469296	0.0482082314168081
Thermodesulfobacterium	0.174198959506257	0.094374911349054	0.0447182510934897	0.23241178613404	0.187001631834131	0.0637956108594784	0.735488919518054	0.0287278594314221	0.130532340887285	0.236881243559694	0.626761211194884	0.093273582773858	0.771899262068453	0.776152933469296	0.150395957978828
Fretibacterium	0.301256019453228	0.261436865960847	0.0501713787930516	4.70005895796984e-08	0.81342941746638	0.00724192947940072	0.0712882728631369	0.85121068286447	1.58668160424339e-06	1.29404220660988e-07	0.999986120067965	0.0166879244525321	0.103514478404007	0.967715040234733	7.54322747790898e-06
Coriobacterium	0.512464022050658	0.596633729296642	0.0352537561027599	5.72445429693583e-12	0.685082898011028	0.00078495990554639	0.000673448326079185	0.820315409932448	6.65097541728341e-07	2.24737835361184e-11	0.999986120067965	0.00256017692270515	0.0022662070655363	0.967715040234733	3.81082915801103e-06
Sphingobium	0.142495722567512	0.165243524668131	0	9.38278216751424e-05	0.890518494628673	0.0614611354481898	0.0624581978102271	0.498922868401929	9.87686711604392e-05	0.00015184349767275	0.999986120067965	0.0911172077973163	0.0969174149156371	0.935329664208938	0.000265050104886242
Desulfosporosinus	0.15381242652822	0.305488585856905	0	7.08551812866036e-06	0.0160131096245434	0.0656820297296611	0.000521466701471462	0.464699672969599	0.00255713709162974	1.39086096599629e-05	0.135791169616128	0.0947251040999194	0.0018425156785325	0.935329664208938	0.00426860679862603
Desulfococcus	0.149904487846703	0.167970644624013	0.0501713787930516	0.0100118001966429	0.921097866701907	0.211113474523894	0.201256497517942	0.432312340970531	0.00112865573528446	0.011598369626712	0.999986120067965	0.24456861529544	0.258584105901841	0.935329664208938	0.00217078172044196
Mobiluncus	0.372328299808802	0.868933938077047	0	4.25761431649699e-10	2.9497612887841e-06	0.00765761157475231	2.67465224412788e-08	0.635332206386367	0.0286410225588299	1.47969546737272e-09	6.94832659135811e-05	0.017456060794059	1.89008758585037e-07	0.937074645689592	0.0391735276288512
Haliangium	0.172332634311126	0.209852983537448	0.050066526876103	1.62563353113137e-06	0.820346518340686	0.269567499542842	0.192236057247181	0.563468261499701	1.46545659961601e-07	3.62772956420895e-06	0.999986120067965	0.307248977973561	0.248500269124404	0.935329664208938	1.06139706106413e-06
Bradyrhizobium	0.360265276069965	0.554041668044542	0.509472515891169	0.171261384363705	0.0681021526437259	0.359377079225626	0.934063610904777	0.903768494875453	1.46259409671045e-05	0.176249580024784	0.343753722868331	0.394756169926594	0.956625533873492	0.976920237601604	5.63763542732029e-05
Paenibacillus	0.55365973207145	0.523210593638348	0.0501713787930516	3.80447838080959e-11	0.926240830568583	7.86572157462917e-06	0.000352655105186672	0.641627676296651	0.000447492365878744	1.41499897672216e-10	0.999986120067965	3.87798366004973e-05	0.00128901521206163	0.937074645689592	0.000958266480467613
Filifactor	0.325757310321793	0.58586522958596	0.0352537561027599	1.26585966351043e-06	0.0016607811998729	0.00607051308469309	3.33506333738409e-06	0.143307571454714	0.161431720129487	2.94903569960672e-06	0.0185308218091081	0.0153208187375587	1.6818644094576e-05	0.890010318180444	0.183013500895461
Odoribacter	2.56979751290421	2.32173097590398	0.508192548587097	3.57084097996606e-27	0.141041760259172	2.33146835171283e-15	3.1641356201817e-14	0.455380493936488	3.29688816848733e-05	5.4072734839486e-26	0.524576371490252	3.80208685048554e-14	3.97355351237018e-13	0.935329664208938	0.000107529275649125
Pseudomonas	0.870713191760966	1.09662946350142	0.938000140349149	0.000706667243438236	0.0157913887216331	0.784960366873122	0.372826977162813	0.0718846388204409	1.60948199354751e-07	0.000966538423283265	0.135791169616128	0.811763891595619	0.422670155927895	0.793178874189712	1.06628182072523e-06
Staphylococcus	0.279751601576492	0.289978728307014	0	0.000518564623487052	0.985812947820214	0.00181018902990404	0.00623271677014703	0.572931706494642	0.0856579414062125	0.000742808784994967	0.999986120067965	0.00525698731972133	0.0157301899437044	0.935329664208938	0.103178883966574
Prosthecochloris	0.207999395960985	0.122873389927961	0	1.24986741758473e-06	0.333647212809828	0.0181398253576009	0.343972349767845	0.18081015660338	3.1742328804545e-07	2.94413213919958e-06	0.906114415003844	0.0359405885589851	0.400671088740566	0.934920809754064	1.97922756075399e-06
Cryptobacterium	0.185378522524418	0.176928719294429	0	8.44194178191262e-06	0.986250793450573	0.017810283993677	0.0640020664537226	0.859476359748275	3.2571684938972e-05	1.64191895207842e-05	0.999986120067965	0.035620567987354	0.0969174149156371	0.967715040234733	0.000107529275649125
Myxococcus	0.24424184889778	0.209854044666807	0	8.97169606119812e-10	0.842435298544185	0.00564915704100122	0.055446559257201	0.859530177516991	1.4604215605928e-06	3.06774123382904e-09	0.999986120067965	0.0146051377157592	0.0904205427886662	0.967715040234733	7.20021792664358e-06
Streptomyces	0.616698124948937	0.457555249370507	0.168004907991483	2.74185351318036e-08	0.160373533609764	0.000189127620770391	0.0609739810508846	0.300429996518939	0.00275239239768404	8.0732353443644e-08	0.565584230901929	0.000691294062126256	0.0957517332058336	0.935329664208938	0.00450771716603281
Variovorax	0.191810712950737	0.427522027413537	0	3.91947737297966e-08	0.00270795705772409	0.0775101151145221	0.000148193841463362	0.565320407104644	5.87494036787584e-05	1.09332789877854e-07	0.0287043448118753	0.104229785394612	0.00058179804426357	0.935329664208938	0.000168309102431038
Caldanaerobacter	0.1460357285681	0.287956439524727	0.859286840650259	1.04544053632662e-13	0.0492187798595994	2.94209101525666e-14	3.40656891584246e-09	0.0710577588915745	0.469448477318586	4.81811725437487e-13	0.289843925839863	2.83464073469947e-13	2.67478744503185e-08	0.793178874189712	0.487858221527158
Roseiflexus	0.155759747301666	0.0841139601130141	0	0.00393431740166257	0.274352375945639	0.023334612153723	0.433555300880802	0.503989713429325	0.224555522272109	0.00490632523030861	0.807815329173271	0.0441690872909757	0.476236910812072	0.935329664208938	0.247946722508787
