wgs	stoolMeans	swabMeans	tissueMeans	Origin p-value	OriginSwabStool p-value	OriginTissueStool p-value	OriginTissueSwab p-value	Time p-value	Individual p-value	Origin (adj p-value)	OriginSwabStool (adj p-value)	OriginTissueStool (adj p-value)	OriginTissueSwab (adj p-value)	Time (adj p-value)	Individual (adj p-value)
African_trypanosomiasis	0.97676802149187	1.23281762720998	0.264044470289522	9.29599800021342e-08	0.0586686763838028	3.36650763066437e-06	6.15783735113951e-08	0.791275275062375	0.73134411156225	1.1858678530002e-07	0.125870978423431	4.24864064618605e-06	1.0764811961992e-07	0.933704824573602	0.999891036688737
Fatty_acid_elongation_in_mitochondria	0.484006659800532	0.538402187612052	0.159804791029952	0.264861717861698	0.94446363425376	0.282518886159917	0.279689371860739	0.214148720119948	0.00831405748204646	0.275362843239474	0.999999202392299	0.297653826489912	0.314317579805402	0.721987113547253	0.218013062862552
Glycolysis_Gluconeogenesis	3.29654151323057	3.23072624746198	2.15832689296222	4.77628688496894e-27	0.5737025101417	1.66533453693773e-15	1.49880108324396e-14	0.141540652380593	0.457594196307182	1.09437252898317e-26	0.787173211589774	3.67307430576921e-15	5.12633413979094e-14	0.721505327523613	0.999891036688737
Drug_metabolism_other_enzymes	1.93017295596902	2.17821646645401	1.71113969203723	0.0778082138059592	0.207534460689001	0.458194594456451	0.0762878192149826	0.265918797529708	0.999779712915733	0.0823441186466654	0.354914005236263	0.476360899963536	0.089571767834507	0.770742281191313	0.999891036688737
Long_term_depression	0.312243967459861	0.191131492815221	1.2290732161137	5.53090453485585e-05	0.751538099090682	8.20096636207079e-05	0.000129382567271796	0.073540184041583	0.999786030342548	6.59239126376758e-05	0.909553801976415	9.82450792613557e-05	0.000187326907215607	0.721505327523613	0.999891036688737
Ascorbate_and_aldarate_metabolism	2.63118903600677	2.60713507181274	0.586880202249403	8.99331439887971e-45	0.947372407590703	1.66533453693773e-15	1.66533453693773e-15	0.949742632461733	0.443774989918892	1.24848364596212e-43	0.999999202392299	3.67307430576921e-15	8.36210533441075e-15	0.994152945249768	0.999891036688737
Neurotrophin_signaling_pathway	0.203513509926786	0.805641700961234	1.87406533164198	9.95097774229982e-27	4.46398676912096e-08	1.66533453693773e-15	6.30643315346902e-11	0.312840886535164	0.488149224841055	2.21550070488939e-26	2.81892263905672e-07	3.67307430576921e-15	1.34082722902584e-10	0.82955560923931	0.999891036688737
Benzoxazinoid_biosynthesis	0.236441832606359	0.194007264193635	0.017188954082668	2.80662891696111e-09	0.232408231193354	1.21963228405519e-09	2.11092116362277e-05	0.408130277916771	0.221654786044873	3.70035991286492e-09	0.386255933532616	1.66377583258396e-09	3.1731044242992e-05	0.834550763829782	0.999891036688737
TGF_beta_signaling_pathway	0.101517868934428	0.71566679465493	1.93104271532173	5.69344300337781e-29	4.53894323237947e-08	1.66533453693773e-15	6.74127420552395e-13	0.381333867304493	0.999800335802144	1.52863639013054e-28	2.81892263905672e-07	3.67307430576921e-15	1.65722990885797e-12	0.834550763829782	0.999891036688737
Styrene_degradation	1.44586312451634	0.977875830787556	0.0519318312216527	6.42760490572904e-07	0.058268196258208	6.47375014262153e-07	0.00626637546080833	0.895567893028199	0.17261299071908	8.11184362434254e-07	0.125870978423431	8.39453315197077e-07	0.00795088499328368	0.982704348613351	0.857551783703698
MAPK_signaling_pathway_fly	0.06085747958717	0.397163087136741	0.70807100874023	3.77739125813401e-11	5.09618976221038e-05	8.1574025312392e-10	0.0154615038318636	0.935116815127303	0.99985619618323	5.15297304577818e-11	0.000197164062931418	1.11927151010026e-09	0.0190047651266657	0.994152945249768	0.999891036688737
Aminobenzoate_degradation	2.47049067397724	2.30266806891437	0.331380651793631	6.61095861840093e-42	0.120624412547946	1.66533453693773e-15	1.66533453693773e-15	0.985514897232015	0.99984178116189	6.09554355578437e-41	0.229575494849317	3.67307430576921e-15	8.36210533441075e-15	0.994152945249768	0.999891036688737
Fatty_acid_biosynthesis	3.37998520090923	3.29252417642392	1.37449226360009	3.78171113620332e-35	0.617714129544866	1.66533453693773e-15	1.66533453693773e-15	0.190222052354324	0.925845422874876	1.6226978693527e-34	0.818991767261732	3.67307430576921e-15	8.36210533441075e-15	0.721505327523613	0.999891036688737
Carbon_fixation_in_photosynthetic_organisms	0.978447757900673	0.945927880416986	0.327757617145517	3.08975143360411e-06	0.94183046577092	1.72188037517174e-06	0.000101347869579271	0.620908181949386	0.079332317706571	3.81770334204487e-06	0.999999202392299	2.19656091102989e-06	0.00014855961006651	0.863157799519256	0.72288687592965
Tyrosine_metabolism	2.9527939197491	2.93837368652512	1.51581189782114	3.15359374967599e-28	0.982454934041691	1.66533453693773e-15	4.55191440096314e-15	0.621766211518108	0.250523503005667	7.59436862166871e-28	0.999999202392299	3.67307430576921e-15	1.79041966437884e-14	0.863157799519256	0.999891036688737
Vibrio_cholerae_pathogenic_cycle	1.86832220872892	1.78636179495797	0.369569720804768	1.45343570901185e-34	0.478826295576149	1.66533453693773e-15	1.66533453693773e-15	0.123288506350722	0.3445549331578	5.91397978149648e-34	0.715208897189691	3.67307430576921e-15	8.36210533441075e-15	0.721505327523613	0.999891036688737
Ether_lipid_metabolism	1.56781049995071	1.64352620514931	1.34064995584467	0.270962038812363	0.829373952453227	0.349020357380064	0.251986430574234	0.0893178734289935	0.351622809958096	0.280469478770691	0.973792302382893	0.366083574851978	0.287288877369658	0.721505327523613	0.999891036688737
Streptomycin_biosynthesis	3.46817519075115	3.35924382501747	0.646105972820987	3.55005989571016e-46	0.537890450928292	1.66533453693773e-15	1.66533453693773e-15	0.244835581784425	0.82297373656512	7.61649213988724e-45	0.769346341933799	3.67307430576921e-15	8.36210533441075e-15	0.731407560773724	0.999891036688737
Nitrotoluene_degradation	2.62399840985608	2.34201736051044	0.192199986637539	7.25978872373361e-38	0.0224914889799919	1.66533453693773e-15	1.66533453693773e-15	0.550917545461983	0.855135802053371	4.07930985428841e-37	0.052554370289882	3.67307430576921e-15	8.36210533441075e-15	0.845379149640031	0.999891036688737
Polycyclic_aromatic_hydrocarbon_degradation	1.44486527947663	1.38537815035606	0.0549165867287828	0.000554481398825983	0.975356287001264	0.000363242919449558	0.00410768856724508	0.993291186802991	0.018834483508171	0.000647809951103624	0.999999202392299	0.000428626644950478	0.00532645330697714	0.997517957810663	0.404085282538941
Glutathione_metabolism	2.89609815246049	3.1999486241347	3.73763124377286	2.0373058842894e-10	0.00526383610810743	3.34450356298532e-10	0.000556076477500667	0.52208821445467	0.999841672786234	2.74745250681314e-10	0.013802948016815	4.61580608692711e-10	0.000767450577135423	0.834550763829782	0.999891036688737
Ethylbenzene_degradation	0.167666715689261	0.255456786643156	0	0.00710817182114767	0.244722157866363	0.0416092687598685	0.00481611486370925	0.22884078270761	0.0294817770826484	0.00787572089103685	0.403877127667564	0.0458868571370512	0.00617719080345317	0.726624676128368	0.463846626100335
Steroid_biosynthesis	1.03109806187727	1.27184535635184	1.51454122609367	0.00161990878782173	0.0954715714484418	0.00312175446871299	0.323588976889032	0.0198682844356347	0.0026821142380749	0.00185581783459189	0.187760757181935	0.00355910171312206	0.358530509604749	0.721505327523613	0.126595792037135
Complement_and_coagulation_cascades	0.513600226134187	1.29515716584702	2.99232271338025	1.12425226834068e-38	8.3086759694595e-11	1.66533453693773e-15	2.14273043752655e-14	0.715226310657877	0.999832570247218	6.63308838320999e-38	7.26239825478682e-10	3.67307430576921e-15	7.12231525713051e-14	0.908470158503179	0.999891036688737
Peroxisome	1.83494005974123	1.9883214913581	2.00115574394293	0.0227618955526929	0.0607995097903976	0.123578187494957	0.990617931762037	0.747485890059758	0.999830493627849	0.0246413181212638	0.129267426221026	0.134398397459953	0.990617931762037	0.923595131173314	0.999891036688737
DNA_replication	3.32967488906757	3.2663335641576	1.87716681442913	1.27379697738154e-23	0.772938861344859	2.77555756156289e-15	2.8421709430404e-14	0.204303097016352	0.638230628532792	2.5915179884659e-23	0.930681486109116	5.64682400455899e-15	8.24744313247679e-14	0.721505327523613	0.999891036688737
D_Alanine_metabolism	3.40954762778544	3.25719047589483	0.474683518997456	1.9549558147813e-47	0.307115500080078	1.66533453693773e-15	1.66533453693773e-15	0.160085658555933	0.894347241769272	6.59099388983409e-46	0.489724716343908	3.67307430576921e-15	8.36210533441075e-15	0.721505327523613	0.999891036688737
Two_component_system	2.95602807857157	2.9172902849255	1.26892081343907	5.36254720818819e-60	0.682429710714666	1.66533453693773e-15	1.66533453693773e-15	0.237707687067188	0.746257010668592	6.32780570566206e-58	0.875290281134028	3.67307430576921e-15	8.36210533441075e-15	0.726624676128368	0.999891036688737
Antigen_processing_and_presentation	0.067379996973049	0.667635201442472	1.56236055792464	2.65815121043994e-17	1.04544364739612e-05	2.99760216648792e-14	7.17409188566442e-06	0.95668035321805	0.235698128969273	4.48088346902732e-17	4.4057982283122e-05	5.18287764692894e-14	1.11387216119527e-05	0.994152945249768	0.999891036688737
Biosynthesis_of_type_II_polyketide_backbone	0.680507609017449	0.507839082956199	0	1.26444165302382e-06	0.197357258996932	7.68183820110124e-07	0.00194674020711605	0.484537149075448	0.0738937792000584	1.5788795244107e-06	0.339973088491065	9.85279247532551e-07	0.0025523927159966	0.834550763829782	0.72288687592965
Phagosome	0.781642493346615	2.29260089281707	2.50233859136812	5.45859450184726e-25	2.4535928844216e-14	3.13082892944294e-14	0.579555109634296	0.0560577914481254	0.979361191911832	1.15020384146067e-24	5.14667673558376e-13	5.24025267623074e-14	0.621704572153154	0.721505327523613	0.999891036688737
Adherens_junction	0.134557021373412	0.78165263040949	2.65142243797106	9.68591352866964e-22	0.000664380643263018	7.66053886991358e-15	2.43564057811341e-11	0.468695669310944	0.775209069580697	1.8584354412732e-21	0.00212737433440537	1.49412163082612e-14	5.52703054264196e-11	0.834550763829782	0.999891036688737
Folate_biosynthesis	3.33052954299402	3.25174387080552	1.18866382067474	1.10199479933426e-33	0.727071197941388	1.66533453693773e-15	1.66533453693773e-15	0.421195221158272	0.999838798421197	4.00108880989055e-33	0.904076938535287	3.67307430576921e-15	8.36210533441075e-15	0.834550763829782	0.999891036688737
Toxoplasmosis	0.138410081716126	0.456341030822161	1.53022345512861	1.03089005699741e-21	0.00273175532255898	7.43849426498855e-15	4.29911661825599e-12	0.599780168219296	0.99984169815869	1.96201656009185e-21	0.00767493162052285	1.46290387211441e-14	9.94697570498446e-12	0.863157799519256	0.999891036688737
Benzoate_degradation	2.57324509617424	2.50125540722488	0.477267568078205	6.87071196904531e-42	0.665100744975649	1.66533453693773e-15	1.66533453693773e-15	0.173166585604543	0.999851541332386	6.09554355578437e-41	0.864266632835972	3.67307430576921e-15	8.36210533441075e-15	0.721505327523613	0.999891036688737
Phenylpropanoid_biosynthesis	0.258977167560688	0.33665243780941	0.247054337359553	0.495685755215863	0.492954120441467	0.989457978156253	0.643829901245473	0.778144566817532	0.514221947900688	0.499922385602323	0.72259113306948	0.989457978156253	0.678320788812195	0.932193491212881	0.999891036688737
Hepatitis_C	0.11647614197401	0.275075259604872	1.42195991737974	2.5411010469188e-14	0.3649466122364	3.70814490224802e-14	1.32378941142264e-09	0.916224026063783	0.999817464738749	3.91960684361331e-14	0.562924186194708	5.9710362127119e-14	2.53995366744506e-09	0.991875551151618	0.999891036688737
Biosynthesis_of_siderophore_group_nonribosomal_peptides	1.76923785355495	1.99655688898564	0.157478512216818	1.67716077597032e-33	0.0178960504703785	1.66533453693773e-15	1.66533453693773e-15	0.210915349469616	0.278084840670825	5.99712035043931e-33	0.0426612920303971	3.67307430576921e-15	8.36210533441075e-15	0.721505327523613	0.999891036688737
Chloroalkane_and_chloroalkene_degradation	2.85740871495765	2.46727435124176	0.0327747576314901	7.77698535122458e-31	0.0222291647530978	1.66533453693773e-15	1.12132525487141e-14	0.86756044176315	0.999778029452286	2.35303659344744e-30	0.0524608288173107	3.67307430576921e-15	3.94974268880078e-14	0.982704348613351	0.999891036688737
Meiosis_yeast	0.766558929065103	0.81134941302508	0.489002546973668	0.000799321797891435	0.743181890151889	0.00120041076201771	0.00122303095346288	0.903042312855817	0.123250798796626	0.000924705609325385	0.904076938535287	0.00138871048939304	0.00164934460009851	0.982704348613351	0.78614023016226
Olfactory_transduction	0.136397655625246	1.14666677642409	2.09095263430749	2.44884498668759e-35	2.89768209427166e-14	1.66533453693773e-15	4.83894146974251e-09	0.386694815426945	0.44535860124839	1.1113988785736e-34	5.14667673558376e-13	3.67307430576921e-15	9.06341418142248e-09	0.834550763829782	0.999891036688737
Nitrogen_metabolism	3.08246859438924	2.97910380454013	1.26532648897914	1.76100830882999e-48	0.228070633717371	1.66533453693773e-15	1.66533453693773e-15	0.157657130067879	0.305043399386268	8.31195921767757e-47	0.381735245087231	3.67307430576921e-15	8.36210533441075e-15	0.721505327523613	0.999891036688737
Bacterial_secretion_system	3.12565634929788	2.99337443260116	0.828029407798595	2.62541143756569e-60	0.0902829305977152	1.66533453693773e-15	1.66533453693773e-15	0.157554656826437	0.205242836541796	6.19597099265502e-58	0.179048501017318	3.67307430576921e-15	8.36210533441075e-15	0.721505327523613	0.958229324739807
Shigellosis	0.033711058062429	0.0706919354052565	0.0224660012575617	0.323429460444644	0.349255093954529	0.939834075227409	0.433228822365563	0.147575529941609	0.0980185594480881	0.330430098116606	0.545855643531582	0.947866845101148	0.473342602214226	0.721505327523613	0.72288687592965
Porphyrin_and_chlorophyll_metabolism	3.09541123634518	3.01917593571672	1.75574077803986	2.47682330687498e-45	0.273238085744263	1.66533453693773e-15	1.66533453693773e-15	0.204324302862191	0.53134184646001	3.89686866948331e-44	0.447806862747542	3.67307430576921e-15	8.36210533441075e-15	0.721505327523613	0.999891036688737
D_Glutamine_and_D_glutamate_metabolism	3.61030835461145	3.57223889474257	0.829899521481342	4.40350679845284e-41	0.939623937475692	1.66533453693773e-15	1.66533453693773e-15	0.0528848271569711	0.99983174587962	3.4640920147829e-40	0.999999202392299	3.67307430576921e-15	8.36210533441075e-15	0.721505327523613	0.999891036688737
Alanine_aspartate_and_glutamate_metabolism	3.51848664454338	3.41975455122565	0.964218448049744	5.08362529307909e-40	0.621782462155997	1.66533453693773e-15	1.66533453693773e-15	0.715997667294878	0.999846920934596	3.33259880324074e-39	0.819780229434722	3.67307430576921e-15	8.36210533441075e-15	0.908470158503179	0.999891036688737
Riboflavin_metabolism	3.33282798455233	3.19157533054829	1.60796891299301	1.93238987310351e-34	0.194828587917409	1.66533453693773e-15	1.66533453693773e-15	0.931320108580965	0.870625141146817	7.47613131233491e-34	0.339973088491065	3.67307430576921e-15	8.36210533441075e-15	0.994152945249768	0.999891036688737
Neuroactive_ligand_receptor_interaction	0.380551012022376	1.81384092426562	3.08181934455699	7.45317050253807e-42	4.77395900588817e-15	1.66533453693773e-15	7.76504416322155e-11	0.507165599935324	0.0260431682548992	6.09554355578437e-41	2.81663581347402e-13	3.67307430576921e-15	1.62172603762857e-10	0.834550763829782	0.439013407725443
Pancreatic_secretion	0.233448669307932	0.743253968041961	1.75715464167129	2.73121746260913e-11	0.00621953244230844	3.45590223105319e-11	0.000121396561544751	0.885691757014491	0.374133176180251	3.74748442544043e-11	0.0159544527867912	4.88378997921289e-11	0.000176849311880008	0.982704348613351	0.999891036688737
Biosynthesis_of_12_14_and_16_membered_macrolides	0.363005693132957	0.362920038467998	0.151379493178867	0.0598274960586428	0.999999202392299	0.0510364269403298	0.109117867546463	0.432334214664303	0.378573787729011	0.0638881858363788	0.999999202392299	0.0557620220273974	0.127484241291907	0.834550763829782	0.999891036688737
Galactose_metabolism	3.28820405122261	3.29576117043029	2.29769721041515	3.81568367047299e-08	0.998099317753833	2.74266110933397e-08	1.33246502231898e-06	0.407647173037416	0.500533887825355	4.92077238377937e-08	0.999999202392299	3.63633720113942e-08	2.16870169149849e-06	0.834550763829782	0.999891036688737
Steroid_hormone_biosynthesis	2.09457429717911	2.05897005459818	1.73809682130406	0.00214513312199175	0.89443665397103	0.00136889412901831	0.0173847378985044	0.850763087729734	0.655625369890739	0.00241072103233358	0.999999202392299	0.00157589763145522	0.0211484440414795	0.982704348613351	0.999891036688737
Gastric_acid_secretion	0.270253773534456	1.32538640142332	3.25017445755028	1.30982845058995e-35	2.35630404077369e-11	1.66533453693773e-15	3.00870439673417e-14	0.768399056713364	0.266046007377496	6.18239028678457e-35	2.3170323067608e-10	3.67307430576921e-15	8.24744313247679e-14	0.926842805254487	0.999891036688737
Aminoacyl_tRNA_biosynthesis	3.55428787044979	3.48351567334612	3.45443821388069	6.01037123032591e-06	0.000915150495854111	0.000175437441347737	0.554928671358776	0.0998705276713616	0.253975733455875	7.31158562039647e-06	0.00274943940571679	0.000208056463105859	0.600748469911335	0.721505327523613	0.999891036688737
Carbohydrate_digestion_and_absorption	1.21663582488835	1.44036092747992	1.39255086758447	0.321599423674127	0.356338755213983	0.666729956257567	0.978017725279485	0.531028930644445	0.207074981193772	0.329988973856931	0.553262804148027	0.678225300330974	0.982179502833866	0.839298406103653	0.958229324739807
Circadian_rhythm_plant	0.0379903386786049	0.054771970251574	0.00469886591366823	0.408754421358412	0.788315885102247	0.555191411827721	0.375371646273061	0.977317074637786	0.0187734410165195	0.414017353822254	0.944378420731625	0.574671812242728	0.413961254768422	0.994152945249768	0.404085282538941
Valine_leucine_and_isoleucine_degradation	2.87684083326408	2.8238202022624	1.82986727020868	7.49028657278588e-42	0.412733539010908	1.66533453693773e-15	1.66533453693773e-15	0.492882130017454	0.569053132021028	6.09554355578437e-41	0.628420098106931	3.67307430576921e-15	8.36210533441075e-15	0.834550763829782	0.999891036688737
Starch_and_sucrose_metabolism	3.38265483833605	3.32425076903731	3.19936644955485	6.40304814826712e-09	0.0296779649460148	6.08986971961656e-09	0.000727722010890774	0.206620546838015	0.452299143138358	8.34872576238144e-09	0.0686666639927402	8.21262430759719e-09	0.000998502294012923	0.721505327523613	0.999891036688737
One_carbon_pool_by_folate	3.53266509232345	3.4396215445546	1.69335888494798	9.52680526293365e-32	0.578472182926215	1.66533453693773e-15	2.1094237467878e-15	0.136913418443175	0.471187611995396	3.03827843520587e-31	0.789129683066975	3.67307430576921e-15	9.57353854311385e-15	0.721505327523613	0.999891036688737
Carbon_fixation_pathways_in_prokaryotes	3.27190534514855	2.66580736424536	0.198484624777435	1.39537265209288e-29	0.000920363190896722	1.66533453693773e-15	2.76445533131664e-14	0.511791518263481	0.999782594416409	4.01595055968195e-29	0.00274943940571679	3.67307430576921e-15	8.24744313247679e-14	0.834550763829782	0.999891036688737
Osteoclast_differentiation	0.0793884040380674	0.567764060360243	1.91309622492279	5.50205121641776e-24	0.000137615071949759	2.33146835171283e-15	2.20501394920802e-12	0.196657633281126	0.999794927108123	1.12911659745617e-23	0.00049964856892528	4.8692613363206e-15	5.20383292013094e-12	0.721505327523613	0.999891036688737
Notch_signaling_pathway	0.119579409775671	1.02078924050134	1.95724111082374	2.17296864580435e-32	3.31956684362922e-14	1.66533453693773e-15	6.08553707426296e-09	0.200965700018435	0.435479979701139	7.2228253578849e-32	5.22278516730997e-13	3.67307430576921e-15	1.12202089806723e-08	0.721505327523613	0.999891036688737
mRNA_surveillance_pathway	1.43056937336062	2.39584060183019	3.63019381002593	2.6217962227112e-46	1.14352971536391e-14	1.66533453693773e-15	2.87547763377916e-14	0.494594011105433	0.844178804413241	6.18743908559844e-45	3.85532875465547e-13	3.67307430576921e-15	8.24744313247679e-14	0.834550763829782	0.999891036688737
Endocytosis	0.778423503316828	2.2454911994284	2.74282096537212	7.59998781467121e-33	4.77395900588817e-15	2.1094237467878e-15	0.0163630931414108	0.122723753021615	0.203427083939088	2.63764282979766e-32	2.81663581347402e-13	4.4849009391164e-15	0.0200087563801707	0.721505327523613	0.958229324739807
Sulfur_relay_system	3.31806823851345	3.30520452598537	1.20069487190203	6.35288927532791e-42	0.987382604269126	1.66533453693773e-15	1.66533453693773e-15	0.463518275512422	0.111593549053845	6.09554355578437e-41	0.999999202392299	3.67307430576921e-15	8.36210533441075e-15	0.834550763829782	0.745600731953187
Selenocompound_metabolism	3.42142327905185	3.3180082102341	0.952615992652688	4.22560727724278e-40	0.571140238151115	1.66533453693773e-15	1.66533453693773e-15	0.00850987767372073	0.999833295767618	2.84926662122656e-39	0.787173211589774	3.67307430576921e-15	8.36210533441075e-15	0.721505327523613	0.999891036688737
Zeatin_biosynthesis	3.04484013943989	2.8123288118962	0.532806084775927	6.6464130861087e-34	0.131361023559516	1.66533453693773e-15	1.88737914186277e-15	0.699276628352696	0.978676977389606	2.4897674417804e-33	0.248009612480367	3.67307430576921e-15	8.73375446038457e-15	0.908470158503179	0.999891036688737
Propanoate_metabolism	3.04738371650549	3.00768362959881	0.985164975678056	1.48013708036141e-36	0.904805630870834	1.66533453693773e-15	1.66533453693773e-15	0.105546387745658	0.688942834536096	7.43217768011262e-36	0.999999202392299	3.67307430576921e-15	8.36210533441075e-15	0.721505327523613	0.999891036688737
Chlorocyclohexane_and_chlorobenzene_degradation	1.67786419403744	1.10644778388246	0.0991412533844989	1.85105772602344e-09	0.00913147926917468	2.83040646475996e-09	0.0012642910303291	0.688283885877208	0.0384357606715158	2.46807696803125e-09	0.0224482198700544	3.83894210162845e-09	0.00169529933612311	0.907458084173302	0.538746615320631
Pantothenate_and_CoA_biosynthesis	3.46881319636605	3.39099500124648	1.53659267673114	3.29453966998964e-32	0.701237098739483	1.66533453693773e-15	1.88737914186277e-15	0.541010630964002	0.999836681602252	1.07987689182994e-31	0.889741695174828	3.67307430576921e-15	8.73375446038457e-15	0.83999019018095	0.999891036688737
Flagellar_assembly	2.50169617784875	2.6560507500062	0.739276502867994	8.63513442792593e-27	0.312382270517927	1.66533453693773e-15	2.99760216648792e-15	0.85498866365006	0.76720629711443	1.94084926189573e-26	0.491481438948206	3.67307430576921e-15	1.31006316905768e-14	0.982704348613351	0.999891036688737
Pathogenic_Escherichia_coli_infection	0.418761277556947	0.482831638078704	0.619562268918752	0.145184691261156	0.71935875225702	0.134676019485218	0.498091178866616	0.659047203831975	0.113648104355513	0.152962442578718	0.904076938535287	0.145130322367632	0.541702848905628	0.888772229167693	0.745600731953187
Fatty_acid_metabolism	2.73489238903065	2.6710589574213	1.10272525423083	2.95988524773122e-24	0.806362331422667	2.1094237467878e-15	2.54241072639161e-14	0.489274246776307	0.445916168364802	6.18170724304928e-24	0.952940802726999	4.4849009391164e-15	8.00011908571226e-14	0.834550763829782	0.999891036688737
Oxidative_phosphorylation	3.02422642810869	3.04924853503278	3.17037844225149	1.32921073124391e-11	0.219536182520067	5.02398123103376e-12	4.61902667003855e-07	0.63078056080359	0.131212673313038	1.86722459865216e-11	0.372737691185151	7.18581557893313e-12	7.73113683779502e-07	0.870550949413142	0.814899760575711
MAPK_signaling_pathway	0.569282014608227	1.59859929788415	2.65607112633504	1.8160335576936e-42	9.88098491916389e-15	1.66533453693773e-15	8.44657677134819e-13	0.413956763513388	0.0867315687721122	1.94810872552587e-41	3.85532875465547e-13	3.67307430576921e-15	2.03407358983487e-12	0.834550763829782	0.72288687592965
Atrazine_degradation	2.12039460543698	1.83787502949566	0.325883588419294	1.67202106419673e-28	0.0130807773894326	1.66533453693773e-15	2.54241072639161e-14	0.0472808674984574	0.0900459160945624	4.06801001186009e-28	0.0315006475908785	3.67307430576921e-15	8.00011908571226e-14	0.721505327523613	0.72288687592965
Ribosome_biogenesis_in_eukaryotes	2.02890502902605	2.25968215681143	3.37865863421013	7.08703905889128e-39	0.000258154089839313	1.66533453693773e-15	1.66533453693773e-15	0.518282979904603	0.88433013438836	4.28856722538036e-38	0.000895946547089381	3.67307430576921e-15	8.36210533441075e-15	0.834550763829782	0.999891036688737
Toluene_degradation	2.38565074553202	1.70865521862846	0.0303724733835634	1.14919885054669e-13	0.00730175343801454	1.22457599616155e-13	2.16070516512179e-06	0.533452376760797	0.041090843541404	1.73853159441678e-13	0.0181390927512782	1.87662295515666e-13	3.468887203869e-06	0.839298406103653	0.538746615320631
Phototransduction_fly	0.0686482523936894	0.333731655671364	0.804794208998513	2.61101919290433e-13	0.000903069516497879	5.70543612354868e-13	4.40745440221102e-05	0.0847791697622788	0.999841347533221	3.85125330953389e-13	0.00274943940571679	8.52204383011069e-13	6.50099524326125e-05	0.721505327523613	0.999891036688737
Bacterial_chemotaxis	2.8160984544807	2.56603215861282	0.524088032521041	3.21962530302057e-26	0.153113665577025	1.66533453693773e-15	2.60902410786912e-14	0.470659616619447	0.999774569070949	7.03547751400791e-26	0.27374867481953	3.67307430576921e-15	8.10170644022516e-14	0.834550763829782	0.999891036688737
Bile_secretion	0.416237635609775	1.10360458219337	2.84576936590391	8.49659154377825e-30	1.6174530050872e-06	1.66533453693773e-15	3.27515792264421e-14	0.210948591521734	0.999778053418847	2.50649450541458e-29	7.63437818401158e-06	3.67307430576921e-15	8.68468842409027e-14	0.721505327523613	0.999891036688737
RNA_transport	2.13877594775471	2.38701875841994	3.13021911578042	1.07963140418107e-47	1.62782121115868e-10	1.66533453693773e-15	1.66533453693773e-15	0.769571849998094	0.0226490155689045	4.24655018977888e-46	1.37202073511946e-09	3.67307430576921e-15	8.36210533441075e-15	0.926842805254487	0.42091966745501
Type_I_diabetes_mellitus	0.105062454193533	0.334507625155705	0.868485961900111	5.27404540720313e-06	0.139777815452157	4.11355325080631e-06	0.00802696552117932	0.210402384042228	0.612537057960048	6.48268081302051e-06	0.258811926058391	5.1638221659058e-06	0.0100230892222133	0.721505327523613	0.999891036688737
Salivary_secretion	0.542877167347871	1.27582243784036	3.06915743569272	9.41272514279095e-35	2.85553424239637e-08	1.66533453693773e-15	2.8199664825479e-14	0.598958712970795	0.999827403162296	3.8971984801731e-34	1.92544594630155e-07	3.67307430576921e-15	8.24744313247679e-14	0.863157799519256	0.999891036688737
Chemokine_signaling_pathway	0.0823857421109732	0.560799014962625	1.63136128978554	8.45802272857487e-20	0.000137036578590988	2.16493489801906e-14	5.80319403642449e-09	0.0734640092058456	0.999829712565421	1.53545643380282e-19	0.00049964856892528	3.99159871822263e-14	1.07838881306786e-08	0.721505327523613	0.999891036688737
Glycosphingolipid_biosynthesis_lacto_and_neolacto_series	0.809555450956243	1.22321103134111	1.55615374050215	1.87678955778682e-06	0.00327617323423257	1.42453203574311e-05	0.165149382048394	0.227987767676185	0.999782999272274	2.33117018756678e-06	0.00872629315208513	1.76941873913355e-05	0.190123191041078	0.726624676128368	0.999891036688737
Geraniol_degradation	2.47528828819602	2.29018939330271	0.728812160188647	1.7445380582223e-27	0.149166943534318	1.66533453693773e-15	2.18713935851156e-14	0.0441135786168134	0.287349618428445	4.07634635386597e-27	0.270795374416146	3.67307430576921e-15	7.16895678623233e-14	0.721505327523613	0.999891036688737
Cell_cycle_yeast	0.184714586546978	0.429934374445508	1.04167672251069	1.44611063968222e-15	0.0032149140530775	3.06421554796543e-14	2.41254898836196e-07	0.789819848222751	0.999859624067094	2.32164701336738e-15	0.00872091628191138	5.20255301668951e-14	4.06686829466731e-07	0.933704824573602	0.999891036688737
Vitamin_B6_metabolism	3.38186706699968	3.28082000084094	1.69634330932123	1.19271677872764e-28	0.520533706074826	1.66533453693773e-15	7.43849426498855e-15	0.0605405852354932	0.614480490449195	2.99448042318854e-28	0.753656163396681	3.67307430576921e-15	2.65982522202621e-14	0.721505327523613	0.999891036688737
Pyruvate_metabolism	3.3614863731121	3.23846509547628	1.74569696712677	7.23358848425591e-47	0.0854568190597755	1.66533453693773e-15	1.66533453693773e-15	0.953733080466859	0.816813294114923	2.13390860285549e-45	0.170913638119551	3.67307430576921e-15	8.36210533441075e-15	0.994152945249768	0.999891036688737
Phosphotransferase_system_PTS_	2.61351517258673	2.60732972348367	0.354163277054722	4.89262385214764e-41	0.997528088356526	1.66533453693773e-15	1.66533453693773e-15	0.37472950533037	0.99983683256614	3.72470719066723e-40	0.999999202392299	3.67307430576921e-15	8.36210533441075e-15	0.834550763829782	0.999891036688737
Insulin_signaling_pathway	1.56375119131907	1.63266063224016	1.74517610520471	0.17419235235699	0.666510708373504	0.17397218601349	0.604104766236621	0.819649457551106	0.645164250965331	0.181899978567476	0.864266632835972	0.184943404951277	0.642201463206498	0.957610257336935	0.999891036688737
Plant_pathogen_interaction	2.17936097551031	2.10057797506113	0.702622214243411	8.74352953075151e-29	0.59409344388962	1.66533453693773e-15	6.77236045021345e-15	0.925999877500781	0.745019271261909	2.2187881389864e-28	0.805781912402013	3.67307430576921e-15	2.45888779423135e-14	0.994152945249768	0.999891036688737
Methane_metabolism	2.97298177270496	2.7235417474148	0.811455373566155	1.06970442409761e-32	0.0524116540718379	1.66533453693773e-15	3.21964677141295e-15	0.446657624360303	0.99983750139063	3.6586991896672e-32	0.116690097744847	3.67307430576921e-15	1.35685113938117e-14	0.834550763829782	0.999891036688737
ABC_transporters	2.95163132582323	2.9858495466922	3.14878157445407	4.91117360645531e-13	0.164875361726833	2.08499884024604e-13	6.55459421183835e-08	0.29518246880618	0.425754719766719	7.15454920446575e-13	0.29037750274278	3.15422901473119e-13	1.13741487793665e-07	0.800724857911016	0.999891036688737
beta_Alanine_metabolism	2.93824738777639	2.98627266421997	0	2.93685289480589e-43	0.908093197106906	1.66533453693773e-15	1.66533453693773e-15	0.502919645246807	0.999835385642405	3.30046325321043e-42	0.999999202392299	3.67307430576921e-15	8.36210533441075e-15	0.834550763829782	0.999891036688737
Citrate_cycle_TCA_cycle_	3.29469117000787	3.22133992132964	1.48709158900034	5.70000009879185e-29	0.737923306466733	1.66533453693773e-15	4.77395900588817e-15	0.276623557951653	0.725225657348574	1.52863639013054e-28	0.904076938535287	3.67307430576921e-15	1.84697430391739e-14	0.770742281191313	0.999891036688737
Ubiquinone_and_other_terpenoid_quinone_biosynthesis	2.9258809688441	3.25353017203284	4.05116188954649	4.0527679680895e-26	8.82312400984908e-06	1.66533453693773e-15	7.81041897823798e-13	0.769750804363896	0.0908033235038222	8.77480037127636e-26	3.85603197467478e-05	3.67307430576921e-15	1.90026688542697e-12	0.926842805254487	0.72288687592965
Mismatch_repair	3.45447995785067	3.36084022525853	1.83982193616578	7.97411541264243e-38	0.380303463176086	1.66533453693773e-15	1.66533453693773e-15	0.756960317150722	0.935797892492925	4.37649124972933e-37	0.582802709802314	3.67307430576921e-15	8.36210533441075e-15	0.926842805254487	0.999891036688737
ECM_receptor_interaction	0.346904854203939	1.99089026922618	3.25630044375196	8.82661376434255e-45	1.66533453693773e-15	1.66533453693773e-15	2.44859132969566e-10	0.874304356644685	0.084197878121726	1.24848364596212e-43	2.81663581347402e-13	3.67307430576921e-15	4.85602986393425e-10	0.982704348613351	0.72288687592965
Dorso_ventral_axis_formation	0.324506462139187	0.817682960102073	1.55782929260006	1.65696419518351e-15	4.66808522957551e-05	3.71924713249427e-14	2.94689913433732e-05	0.0754327254853108	0.340356315948477	2.64218614907641e-15	0.000183611352363304	5.9710362127119e-14	4.37401380945665e-05	0.721505327523613	0.999891036688737
Glycerophospholipid_metabolism	2.95215871488895	2.89462980978993	1.56753241057078	6.12080421458335e-29	0.727520596959585	1.66533453693773e-15	4.9960036108132e-15	0.0674688769629356	0.503973256424563	1.60501088293519e-28	0.904076938535287	3.67307430576921e-15	1.90170460024503e-14	0.721505327523613	0.999891036688737
Spliceosome	1.04154099231854	1.71324624996174	2.49388759335916	1.0973778797704e-33	3.77475828372553e-14	1.66533453693773e-15	1.90536586508472e-10	0.2009926408565	0.239096660678626	4.00108880989055e-33	5.56776846849516e-13	3.67307430576921e-15	3.81073173016944e-10	0.721505327523613	0.999891036688737
Other_glycan_degradation	3.4323042593676	3.36875692181191	1.59918966186375	1.53604877472975e-35	0.733503007094422	1.66533453693773e-15	1.66533453693773e-15	0.641769964897735	0.463147357843202	7.10799040855333e-35	0.904076938535287	3.67307430576921e-15	8.36210533441075e-15	0.875478102403847	0.999891036688737
NOD_like_receptor_signaling_pathway	0.80264521797014	2.687517904709	3.96699228076319	2.61214731998137e-34	1.94289029309402e-14	1.66533453693773e-15	3.91179671721531e-06	0.708104495703117	0.000432171253145193	9.94301237928393e-34	5.14667673558376e-13	3.67307430576921e-15	6.19586594136116e-06	0.908470158503179	0.0509962078711328
Homologous_recombination	3.46535615397197	3.40731959715629	2.58745488971163	2.67513146960871e-11	0.802390719715115	1.17802434473901e-11	2.90838007011018e-08	0.576666860949242	0.999838518616618	3.69199430893366e-11	0.952940802726999	1.67478159854462e-11	5.19983103443942e-08	0.855933202415227	0.999891036688737
Fructose_and_mannose_metabolism	3.38481392430821	3.27534362653504	1.77912414027783	8.0840120184523e-46	0.150397674924827	1.66533453693773e-15	1.66533453693773e-15	0.709730895233425	0.475557220217941	1.49400320091549e-44	0.270945429635567	3.67307430576921e-15	8.36210533441075e-15	0.908470158503179	0.999891036688737
Metabolism_of_xenobiotics_by_cytochrome_P450	0.132400092800662	0.702592159476046	1.28599210583281	1.89601049798256e-12	2.77869320520763e-05	3.62975205447924e-11	0.00458861844864178	0.171317398577262	0.999785808058484	2.71186956075081e-12	0.000115047648496316	5.0989374098637e-11	0.00591756258950525	0.721505327523613	0.999891036688737
Dioxin_degradation	1.06693404689426	1.00736483240074	0	0.00537584224660035	0.971202234942354	0.00377933111240647	0.0236228289599894	0.204427765917197	0.0020766579486032	0.00598442816130982	0.999999202392299	0.00426757005994223	0.028443814462028	0.721505327523613	0.122522818967589
Cytosolic_DNA_sensing_pathway	0.0968434399458004	0.485387636843706	0.985864986817792	3.61947199379393e-09	0.00218066989889387	1.35279442092795e-08	0.00817445324483468	0.109607041307808	0.704604752459891	4.7455299474187e-09	0.00627607434315797	1.81397433715339e-08	0.0101535313988473	0.721505327523613	0.999891036688737
Autoimmune_thyroid_disease	0.0649446524619767	0.502205432726369	2.30420982892087	1.87618656763356e-16	0.0474586900295985	3.00870439673417e-14	1.24028975978518e-09	0.614087446975716	0.110259723267907	3.09636384588475e-16	0.10769471968255	5.18287764692894e-14	2.39924904351888e-09	0.863157799519256	0.745600731953187
Mucin_type_O_glycan_biosynthesis	0.200699013589954	0.866389044882713	1.8269291402436	1.52255864522764e-22	7.43410835113423e-08	1.0325074129014e-14	1.12432768095694e-07	0.49928551786193	0.334136294119061	2.96961851465887e-22	4.17726088301828e-07	1.94937399555783e-14	1.90893045112113e-07	0.834550763829782	0.999891036688737
Lysosome	1.23649808797632	1.65337095075447	2.07730126453052	4.60467705468549e-17	2.33727771359327e-07	3.29736238313671e-14	0.000375085442847256	0.487984996317951	0.399176462254055	7.70711904188494e-17	1.2257723120178e-06	5.40401057236295e-14	0.000533254003084051	0.834550763829782	0.999891036688737
Tropane_piperidine_and_pyridine_alkaloid_biosynthesis	0.902072710869651	0.6914512430881	0.23221269797643	6.30447477041762e-08	0.0506883213848052	5.58847589315903e-08	0.0016837522580162	0.733694034375351	0.171171804476961	8.08617416205739e-08	0.113928036636324	7.36804642896945e-08	0.00221991917816661	0.92102017081161	0.857551783703698
mTOR_signaling_pathway	0.327443798279011	0.804477804168308	0.903739375866009	1.9794223658988e-05	0.000660418038870514	0.00113595942510214	0.852692489162397	0.0382142199470241	0.508285320069492	2.38338611404141e-05	0.00212737433440537	0.0013206227799217	0.871149036546864	0.721505327523613	0.999891036688737
Various_types_of_N_glycan_biosynthesis	0.362504346063766	0.318725836244567	0.714807285023419	0.0194067499199395	0.906482424355127	0.0211932983321563	0.0270474880978202	0.538796173121892	0.156170976294876	0.0211059584382752	0.999999202392299	0.0235925396527778	0.0324020669598252	0.83999019018095	0.857551783703698
Tight_junction	0.358818552222607	2.32580583775609	3.71452439937654	3.77003477602312e-40	2.99760216648792e-15	1.66533453693773e-15	5.47998583178e-08	0.564490178171741	0.155839796393653	2.61684766806311e-39	2.81663581347402e-13	3.67307430576921e-15	9.65131833059761e-08	0.852375723443036	0.857551783703698
Sulfur_metabolism	3.14899013693266	3.0593550786064	1.17090161751895	1.92122046848959e-34	0.604975419491049	1.66533453693773e-15	1.66533453693773e-15	0.167350839981699	0.374578281167739	7.47613131233491e-34	0.811217039772089	3.67307430576921e-15	8.36210533441075e-15	0.721505327523613	0.999891036688737
Pentose_phosphate_pathway	3.4503995101498	3.37735121394161	1.63583941704087	1.42081663634739e-29	0.734187814750143	1.66533453693773e-15	3.44169137633799e-15	0.96543913851345	0.367015910810979	4.03991236359018e-29	0.904076938535287	3.67307430576921e-15	1.42498099090485e-14	0.994152945249768	0.999891036688737
Base_excision_repair	3.2359990943255	3.20709594725265	2.56574976961635	8.28949958011504e-14	0.886451091151247	6.98330282489223e-14	1.84991466589679e-10	0.27759785551382	0.623845768217686	1.26214316187558e-13	0.999999202392299	1.09143011038051e-13	3.73145180471489e-10	0.770742281191313	0.999891036688737
Proximal_tubule_bicarbonate_reclamation	0.422000985977641	0.871698791026298	0.452523611093623	0.00969824878515988	0.0071509815248767	0.984978567712162	0.127002666930159	0.599351812290093	0.999788146072119	0.0106455195967336	0.017953528083733	0.989169965872639	0.147648420667574	0.863157799519256	0.999891036688737
Carotenoid_biosynthesis	1.17808068373011	1.13036968078499	0.126337869762938	1.57806976908379e-14	0.867097195976623	3.8746783559418e-14	5.5703219814518e-11	0.0898890591492209	0.00143577892562343	2.45016095726168e-14	0.999999202392299	6.17854116217746e-14	1.19508726147511e-10	0.721505327523613	0.112947942149043
RIG_I_like_receptor_signaling_pathway	0.614530888217024	1.12318778847412	1.64958813472258	1.90364097676962e-17	1.86662673984372e-07	3.2085445411667e-14	0.000254760567776957	0.235161059678618	0.999845566454287	3.25550196027268e-17	1.00119070591618e-06	5.31354292345075e-14	0.000364384812093102	0.726624676128368	0.999891036688737
Taurine_and_hypotaurine_metabolism	3.06185607474422	2.66982265887248	0.622305800804666	9.05546336010873e-21	0.0570562551434641	1.0991207943789e-14	3.45279360658424e-13	0.273051269573486	0.999784613536677	1.68274752203595e-20	0.124678483461644	2.0586706942335e-14	8.57746622267242e-13	0.770742281191313	0.999891036688737
Wnt_signaling_pathway	0.210548656843859	1.11841687622227	1.93883990588314	1.28346669821938e-28	7.02771174587724e-14	1.88737914186277e-15	1.21812350917239e-06	0.404380649464695	0.5976828466837	3.15518896645597e-28	8.72915774751068e-13	4.12427293962604e-15	1.99636908447697e-06	0.834550763829782	0.999891036688737
Vascular_smooth_muscle_contraction	0.189636363150145	1.12490476294136	2.28961953089362	4.93758161313452e-20	1.13296889314718e-07	2.60902410786912e-14	6.17091267307579e-06	0.260122954079899	0.999773933319234	9.03309504418408e-20	6.21815485541243e-07	4.77309836788459e-14	9.64460523738998e-06	0.767362714535701	0.999891036688737
Amoebiasis	0.819088014212247	1.01178315508733	1.25684984713373	0.00448776462861875	0.196209259933875	0.00601245571066766	0.291117162913837	0.504284354480495	0.413653095694222	0.00501949029551671	0.339973088491065	0.00675685498913128	0.324073822866347	0.834550763829782	0.999891036688737
Parkinson_s_disease	0.775064041607771	1.19672466300134	3.00703615384269	9.0436569804904e-28	0.00279100420569822	1.66533453693773e-15	3.01980662698043e-14	0.104174944930136	0.999790500158777	2.1558616640361e-27	0.00774914108876212	3.67307430576921e-15	8.24744313247679e-14	0.721505327523613	0.999891036688737
Drug_metabolism_cytochrome_P450	0.0762408192239937	0.567972587280282	1.48818088953375	9.92986027180967e-16	0.000292940275333442	3.21964677141295e-14	2.96446402514583e-06	0.10801033342141	0.999839990928997	1.61617036148075e-15	0.00100194065186511	5.31354292345075e-14	4.72711831036767e-06	0.721505327523613	0.999891036688737
Histidine_metabolism	3.42717387804558	3.31904551464149	1.61232542728098	1.05241607873402e-29	0.50532130203049	1.66533453693773e-15	4.55191440096314e-15	0.0678075996479176	0.999850493589467	3.0662986985337e-29	0.736147081970343	3.67307430576921e-15	1.79041966437884e-14	0.721505327523613	0.999891036688737
Regulation_of_autophagy	0.185589837990047	0.864774313332785	0.81555919528992	1.27874596362571e-09	4.99509557050359e-08	5.91469445598847e-05	0.952659908988841	0.887430060788107	0.99979099250962	1.71468208758901e-09	3.02267321702269e-07	7.15829688006809e-05	0.964925916400715	0.982704348613351	0.999891036688737
Natural_killer_cell_mediated_cytotoxicity	0.155557322060407	1.31263960734549	2.44202328638413	1.75791602520797e-34	3.05311331771918e-14	1.66533453693773e-15	3.89187815308389e-09	0.136912633341116	0.141347575054673	7.03166410083187e-34	5.14667673558376e-13	3.67307430576921e-15	7.34786595302239e-09	0.721505327523613	0.833950692822572
Photosynthesis	0.681242776252399	0.69415100383098	0.381900983878845	0.0443321147422216	0.990227520216683	0.0399831840696999	0.0738135362933067	0.398322476269697	0.318709741848292	0.0475562685416559	0.999999202392299	0.0443006170913107	0.0870999728261019	0.834550763829782	0.999891036688737
Sphingolipid_metabolism	2.92810582487695	2.79910393230203	1.98672271039416	2.35510813931752e-13	0.310510750913634	1.12465592394528e-13	1.07356129541714e-08	0.511885561337118	0.0954802836735592	3.49563220678575e-13	0.491481438948206	1.74617630296768e-13	1.96403461797243e-08	0.834550763829782	0.72288687592965
Thiamine_metabolism	3.52792646362162	3.42862744280841	1.44583488434764	1.06568788231678e-39	0.490191979011224	1.66533453693773e-15	1.66533453693773e-15	0.95066879738029	0.0845554490113559	6.7973605466692e-39	0.72259113306948	3.67307430576921e-15	8.36210533441075e-15	0.994152945249768	0.72288687592965
Phosphonate_and_phosphinate_metabolism	2.60205652163641	2.33679549666255	0.300472688845702	1.20423122069861e-32	0.0531942965810319	1.66533453693773e-15	3.21964677141295e-15	0.688269560336763	0.999840686525843	4.0599795440696e-32	0.117325738253491	3.67307430576921e-15	1.35685113938117e-14	0.907458084173302	0.999891036688737
Epithelial_cell_signaling_in_Helicobacter_pylori_infection	2.21521802192463	2.12513816600531	0.594870246946366	1.09745957476783e-45	0.284440228094617	1.66533453693773e-15	1.66533453693773e-15	0.447795818083041	0.722847686325194	1.85000328318005e-44	0.459780094728284	3.67307430576921e-15	8.36210533441075e-15	0.834550763829782	0.999891036688737
Arginine_and_proline_metabolism	3.19962336582497	3.22500245945292	3.49116899330764	0.000753751135366337	0.905060831735023	0.000462833139279639	0.00770991550299693	0.551645716290529	0.610790055077806	0.000876282108110618	0.999999202392299	0.000543425974477586	0.0096784045675919	0.845379149640031	0.999891036688737
Glycerolipid_metabolism	2.86466478794206	2.84600221130289	1.66884667323391	1.10644375326365e-25	0.963582561508153	1.66533453693773e-15	1.52100554373646e-14	0.727383644964853	0.372973719651255	2.3524389709029e-25	0.999999202392299	3.67307430576921e-15	5.12796154745437e-14	0.917981498458317	0.999891036688737
Basal_transcription_factors	0.322694332328209	1.06800682334263	1.82445869101677	1.06048588664726e-14	2.71078981439743e-06	3.95350419069018e-13	0.00144704866118717	0.121342078724577	0.999774193591068	1.65744814072022e-14	1.20706867207131e-05	5.94284706371263e-13	0.00192939821491622	0.721505327523613	0.999891036688737
Amyotrophic_lateral_sclerosis_ALS_	0.740484814989298	1.19068110177369	1.94561793897636	1.13225415514691e-22	5.50572458402065e-07	7.88258347483861e-15	1.16201259725557e-08	0.27276237715952	0.925067884466867	2.22676650512226e-22	2.7645765996359e-06	1.52482762300157e-14	2.10949979194088e-08	0.770742281191313	0.999891036688737
Tryptophan_metabolism	2.50628569064472	2.75334882894289	3.50321857589595	7.81987550103554e-27	0.000105558761863356	1.66533453693773e-15	4.00790511889682e-14	0.758262603821385	0.49111162780536	1.77451020985037e-26	0.000395426473011936	3.67307430576921e-15	1.05096178673294e-13	0.926842805254487	0.999891036688737
beta_Lactam_resistance	1.79821038088852	2.07451499905192	0.250644867785712	9.35461819485401e-19	0.0714360413328493	3.03090885722668e-14	3.00870439673417e-14	0.448578696312235	0.227879264624001	1.6353258473967e-18	0.146969283533054	5.18329340801084e-14	8.24744313247679e-14	0.834550763829782	0.999891036688737
RNA_polymerase	3.05575179153918	2.97606771672884	0.996327531834142	8.88333421471174e-44	0.569902059823693	1.66533453693773e-15	1.66533453693773e-15	0.877313178931759	0.999808856301264	1.04823343733599e-42	0.787173211589774	3.67307430576921e-15	8.36210533441075e-15	0.982704348613351	0.999891036688737
Limonene_and_pinene_degradation	2.4273969102857	2.00168560718785	0.0108560029072585	1.12556331267624e-17	0.0639511289335096	2.83106871279415e-14	8.35452818037652e-11	0.471369656366926	0.304293767976281	1.93892658242039e-17	0.133561649808038	5.13947858630322e-14	1.72953390400777e-10	0.834550763829782	0.999891036688737
Cytokine_cytokine_receptor_interaction	0.096166353183079	0.892031093263665	2.30552020828176	2.44587853087596e-39	2.9787283750693e-13	1.66533453693773e-15	2.93098878501041e-14	0.385223413980292	0.700571823005183	1.51901929812296e-38	3.51489948258177e-12	3.67307430576921e-15	8.24744313247679e-14	0.834550763829782	0.999891036688737
Purine_metabolism	3.22274407113142	3.21088694746219	2.8876307177852	9.60073732437902e-05	0.97895842994489	6.07963677498047e-05	0.00104509307740064	0.412535790479501	0.754629916427822	0.00011385799037957	0.999999202392299	7.32037897395607e-05	0.00141748256475029	0.834550763829782	0.999891036688737
Axon_guidance	0.308664965988209	1.17752194702589	2.37371020936904	3.09147573155165e-36	4.50750547997814e-14	1.66533453693773e-15	3.16746628925557e-13	0.352634821465108	0.241011844994467	1.51997556801289e-35	6.25747819573435e-13	3.67307430576921e-15	7.95236217302463e-13	0.834550763829782	0.999891036688737
Nicotinate_and_nicotinamide_metabolism	3.3468444173446	3.26585425750039	1.44875899120794	2.15947568693218e-46	0.465560450538814	1.66533453693773e-15	1.66533453693773e-15	0.865390879671228	0.246792655502894	5.66262513462216e-45	0.699823352402293	3.67307430576921e-15	8.36210533441075e-15	0.982704348613351	0.999891036688737
Jak_STAT_signaling_pathway	0.1024863872749	0.976233746949508	1.77219868369551	2.03293437366342e-18	1.61294388956179e-08	3.00870439673417e-14	0.000483133576276495	0.0492712722038156	0.971499840161175	3.52773906018064e-18	1.11957281746054e-07	5.18287764692894e-14	0.000670703082360311	0.721505327523613	0.999891036688737
Xylene_degradation	0.132099178506498	0.18290650757914	0.00320849078302095	0.0728690931466264	0.611412601131948	0.139972113782006	0.0607915262580528	0.165746057084923	0.167252430285228	0.0774644413630804	0.815216801509264	0.149472483495717	0.0720944733512587	0.721505327523613	0.857551783703698
Nucleotide_excision_repair	3.11212515543954	3.04712228399309	1.92085025431937	6.2482942780253e-22	0.695818891063616	6.32827124036339e-15	3.03090885722668e-14	0.0697807641813724	0.999824330603133	1.20868643410981e-21	0.887639234005478	1.25501849808887e-14	8.24744313247679e-14	0.721505327523613	0.999891036688737
Glycine_serine_and_threonine_metabolism	3.35100999061513	3.21697834693596	1.79889207726659	6.72708205743072e-44	0.0619382462291763	1.66533453693773e-15	1.66533453693773e-15	0.225200676706259	0.39041916894233	8.35574402922974e-43	0.130512733125764	3.67307430576921e-15	8.36210533441075e-15	0.726624676128368	0.999891036688737
Lysine_biosynthesis	3.4455651467996	3.35164899969391	1.45916192493031	9.37494543787472e-36	0.558189568391562	1.66533453693773e-15	1.66533453693773e-15	0.299629697779118	0.871282992344982	4.51527984354782e-35	0.787173211589774	3.67307430576921e-15	8.36210533441075e-15	0.803552371316725	0.999891036688737
Taste_transduction	0.337628962185763	1.05035833314648	1.9046489486724	2.21595790713525e-26	8.14633915879881e-11	2.1094237467878e-15	6.80351812665236e-08	0.903588320547022	0.645944030426204	4.8875333278871e-26	7.26239825478682e-10	4.4849009391164e-15	1.16350020136953e-07	0.982704348613351	0.999891036688737
Naphthalene_degradation	2.15359722700748	2.16301183626128	0.279598622315437	8.19380039028737e-07	0.999337949447949	5.78433233311415e-07	1.58259626984458e-05	0.715306981135576	0.473399776174018	1.02858345324884e-06	0.999999202392299	7.58390239230522e-07	2.42527740054105e-05	0.908470158503179	0.999891036688737
Lipoic_acid_metabolism	3.31945374276132	3.59208952273865	4.48532015723271	1.53990701317412e-20	0.00329084784125244	1.34336985979644e-14	3.06511482861538e-11	0.787754982357456	0.00763504307556114	2.83920355553979e-20	0.00872629315208513	2.49634084182645e-14	6.88921047193552e-11	0.933704824573602	0.218013062862552
Glycosylphosphatidylinositol_GPI_anchor_biosynthesis	1.20523917305911	1.83189105171809	1.86593082354195	9.88497828256107e-12	4.24879542659795e-09	7.16692642344086e-07	0.968569877680593	0.0988834656613325	0.999844717368497	1.39691908663737e-11	3.03853248690035e-08	9.24259363897291e-07	0.976848252703504	0.721505327523613	0.999891036688737
Ubiquitin_mediated_proteolysis	0.902541343339255	1.53524028831278	2.19979246529631	3.75573810363201e-29	3.23518989375771e-13	1.66533453693773e-15	6.75331923716271e-08	0.366750977583765	0.999850702864922	1.0306444098339e-28	3.63573721393723e-12	3.67307430576921e-15	1.16334550362803e-07	0.834550763829782	0.999891036688737
Terpenoid_backbone_biosynthesis	3.34164883222891	3.30281760282449	1.90863212406337	6.35836661438264e-29	0.873885527076238	1.66533453693773e-15	4.32986979603811e-15	0.143621500319416	0.412652173615316	1.64156662788146e-28	0.999999202392299	3.67307430576921e-15	1.7618090894224e-14	0.721505327523613	0.999891036688737
Retinol_metabolism	1.47426920815651	1.82294385680027	2.32458276061861	1.85946805208262e-11	0.000732988821058322	6.78154199462710e-11	0.000924988578343	0.975760114876227	0.915562823310106	2.58137917818529e-11	0.00230647149026352	9.41437594548233e-11	0.00126183412999392	0.994152945249768	0.999891036688737
MAPK_signaling_pathway_yeast	0.7034679164064	0.671608578125166	0.386818914241551	0.000101254732684103	0.840969394262095	5.61743950779903e-05	0.00231656128077773	0.360909787281842	0.999828903340639	0.000119480584567241	0.982518698246805	6.83358620536376e-05	0.00302048874178754	0.834550763829782	0.999891036688737
Staphylococcus_aureus_infection	1.66634378186168	1.86375115448177	1.00242773531054	3.199939941874e-08	0.105226308929013	6.19226909415183e-07	3.02449614242306e-08	0.293198852291381	0.999841270570233	4.14937267188057e-08	0.201897633392252	8.07389782441895e-07	5.36677510986348e-08	0.800724857911016	0.999891036688737
Aldosterone_regulated_sodium_reabsorption	0.178965524183058	0.65092237962707	2.97329519469976	2.06537243170002e-29	0.00554937560188262	1.66533453693773e-15	2.52020626589911e-14	0.677652146573125	0.999789058990801	5.80271302239529e-29	0.0143917872752121	3.67307430576921e-15	8.00011908571226e-14	0.907458084173302	0.999891036688737
Brassinosteroid_biosynthesis	1.09545691943463	0.790443655152813	0.0873820012726298	5.95725164775872e-13	0.00646356660261127	5.85420600884845e-13	8.17641976713634e-06	0.556192948563236	0.431231433710593	8.62522324460772e-13	0.0164021690130781	8.68926174898261e-13	1.26119938891776e-05	0.846848618457573	0.999891036688737
Circadian_rhythm_fly	0.223695821493781	1.75586663096471	3.15816431629983	4.69012290444121e-38	1.98729921407903e-14	1.66533453693773e-15	8.46369196949581e-10	0.964780152907878	0.0447000138285642	2.69968050109299e-37	5.14667673558376e-13	3.67307430576921e-15	1.65076967338927e-09	0.994152945249768	0.555221224396903
Non_homologous_end_joining	0.440166231510341	0.764024656967425	0.910752469778988	0.0151085427571592	0.0967546630821507	0.0456272296104538	0.795479526988772	0.400215903069347	0.389492891767092	0.0165074819013407	0.18871157427593	0.0500838427351959	0.819795495062664	0.834550763829782	0.999891036688737
Cysteine_and_methionine_metabolism	3.39657822605397	3.39819865945359	3.29244319140459	0.651876459603302	0.999825249928405	0.63559633848409	0.707569553498004	0.052430154765802	0.999847244788355	0.654650401984592	0.999999202392299	0.652177112531501	0.732396555375127	0.721505327523613	0.999891036688737
Apoptosis	1.47848490416534	1.62944896451018	1.36826040436839	0.172678524313654	0.295692275288285	0.661313934471448	0.184028695008315	0.206127777149904	0.982038789590091	0.181120585502322	0.47471685012269	0.675628088897237	0.210828990397876	0.721505327523613	0.999891036688737
Circadian_rhythm_mammal	0.115022001921751	0.773585987199216	1.49440462089777	1.35947463443068e-15	2.19490979469494e-06	6.65023591750469e-14	0.000471797754894587	0.985727920290024	0.72075770473328	2.1975069433263e-15	9.96151368361551e-06	1.04630378435407e-13	0.000658841835237412	0.994152945249768	0.999891036688737
Calcium_signaling_pathway	0.486544530559956	1.08411509260385	2.05563250851432	1.57970527419302e-11	0.00155913982085898	3.75882658332216e-11	0.000385562177299237	0.639618999813587	0.999790138249207	2.20597896277842e-11	0.0045426789842311	5.24901227020136e-11	0.00054486631043485	0.875478102403847	0.999891036688737
Phenylalanine_tyrosine_and_tryptophan_biosynthesis	3.33323279542506	3.20972731519165	1.10415906605704	3.51544590991382e-37	0.424622446798836	1.66533453693773e-15	1.66533453693773e-15	0.20315362159108	0.561738730408081	1.80357659726013e-36	0.642377547721316	3.67307430576921e-15	8.36210533441075e-15	0.721505327523613	0.999891036688737
Leukocyte_transendothelial_migration	0.0928848756147989	0.795960742987605	2.83286468027777	4.20182745721064e-24	0.000228237467717163	2.33146835171283e-15	9.79438752324313e-13	0.184593268286345	0.99978181963028	8.69851999913782e-24	0.000803940931063439	4.8692613363206e-15	2.33482369240947e-12	0.721505327523613	0.999891036688737
Systemic_lupus_erythematosus	0.231371631179367	1.05421846286179	2.18206249928298	2.50286239281453e-29	3.54675178115826e-11	1.66533453693773e-15	4.39094427484576e-10	0.696346472581631	0.739960031761386	6.94912382004976e-29	3.3481336814134e-10	3.67307430576921e-15	8.63552374053e-10	0.908470158503179	0.999891036688737
Arrhythmogenic_right_ventricular_cardiomyopathy_ARVC_	0.0874850587871143	0.494084724025495	1.66742290346468	1.99502012467461e-21	0.000755601922382221	8.99280649946377e-15	3.75780517813951e-11	0.458146282161435	0.999847942392194	3.73670436050166e-21	0.00234634281160795	1.71153414022052e-14	8.28824319664414e-11	0.834550763829782	0.999891036688737
Penicillin_and_cephalosporin_biosynthesis	2.17984852607108	1.99344743051591	0.133779862209623	1.28193916210025e-28	0.222922045293984	1.66533453693773e-15	1.27675647831893e-14	0.570658323322032	0.00638648476565246	3.15518896645597e-28	0.375782876352717	3.67307430576921e-15	4.43109601298923e-14	0.852375723443036	0.21531577209914
Lysine_degradation	2.58504877247446	2.75681986896028	2.71095416809674	0.00169145857864	0.00270268448384814	0.124174879106566	0.811510189771223	0.116704826802491	0.99984345081416	0.00192842620559923	0.00767493162052285	0.134427850775915	0.832680020808733	0.721505327523613	0.999891036688737
Inositol_phosphate_metabolism	2.65988471352444	2.58422675870604	1.24637537310374	1.35564497016472e-23	0.678463711207312	2.77555756156289e-15	2.76445533131664e-14	0.582529365937228	0.999845137882684	2.73446335862286e-23	0.874958665819266	5.64682400455899e-15	8.24744313247679e-14	0.859230814757411	0.999891036688737
Cyanoamino_acid_metabolism	2.70497390119848	2.45266789970458	0.0768671086961739	3.74257561431611e-13	0.568427447209425	1.68309810533174e-13	3.42964245891864e-09	0.505015184401922	0.999790591727548	5.48601145949443e-13	0.787173211589774	2.56265259908574e-13	6.52738403471611e-09	0.834550763829782	0.999891036688737
Hedgehog_signaling_pathway	0.129886362035824	0.702083618774603	1.49568895617114	8.55826167421107e-19	1.32611218350842e-06	2.91988655476416e-14	4.62891246111319e-06	0.653999842863029	0.0805656094782982	1.5072759366521e-18	6.38698929199974e-06	5.18115208213791e-14	7.28282227215142e-06	0.887034269630316	0.72288687592965
Cell_cycle_Caulobacter	3.28665948983274	3.2297913937129	1.07954140317703	2.53523528862636e-40	0.807576951463558	1.66533453693773e-15	1.66533453693773e-15	0.0196414476250532	0.999845600317965	1.81307735792673e-39	0.952940802726999	3.67307430576921e-15	8.36210533441075e-15	0.721505327523613	0.999891036688737
C5_Branched_dibasic_acid_metabolism	3.22206558709565	2.86422310494846	0.268329693076976	1.7131069359732e-23	0.140372570065568	2.55351295663786e-15	3.04201108747293e-14	0.601413227380943	0.999770734756212	3.39742215873677e-23	0.258811926058391	5.28621980496961e-15	8.24744313247679e-14	0.863157799519256	0.999891036688737
Vasopressin_regulated_water_reabsorption	0.543156676842567	0.840539350200834	1.87208957618673	7.25858830821621e-12	0.073676699407862	3.38562511359441e-12	1.85097524452171e-06	0.494957436797603	0.999783813099797	1.03194387996327e-11	0.149893974657374	4.90188666753547e-12	2.99198738155565e-06	0.834550763829782	0.999891036688737
Insect_hormone_biosynthesis	0.0678105771565776	0.055539206328703	0.101982323006296	0.666199666788969	0.936837119201822	0.727321895030117	0.647791339053127	0.406087717244715	0.999891036688737	0.666199666788969	0.999999202392299	0.73668655462278	0.67946113785128	0.834550763829782	0.999891036688737
Proteasome	0.648679313425186	1.09238959762616	1.80402866829726	1.22663447671886e-12	0.000667058054008463	3.47977202608263e-12	0.000173291005424958	0.397037570485285	0.413968566783069	1.7651569299125e-12	0.00212737433440537	5.00747681802134e-12	0.000249369983416403	0.834550763829782	0.999891036688737
Protein_digestion_and_absorption	2.15144994539036	2.43200432435434	3.27207339296343	6.03033197991718e-29	3.09278700001414e-05	1.66533453693773e-15	3.07531777821168e-14	0.900000705836927	0.0231862528682844	1.59905432276456e-28	0.0001258444365523	3.67307430576921e-15	8.24744313247679e-14	0.982704348613351	0.42091966745501
Vibrio_cholerae_infection	0.0668136570092643	0.188873867315685	0.433435475303694	4.42814178449795e-05	0.145601915812333	4.08561098714788e-05	0.0288093315779283	0.890927519572382	0.999846593636335	5.30477899056608e-05	0.266372497145044	4.99587664749689e-05	0.0343383952140964	0.982704348613351	0.999891036688737
Dilated_cardiomyopathy_DCM_	0.0260620752568779	0.0763749286155026	0.261077254396041	0.0255325363913197	0.742383909035572	0.0193580774395273	0.158577496270622	0.738659741366562	0.999827394251732	0.0275145141020615	0.904076938535287	0.0216516885105614	0.183452397646406	0.922074866810059	0.999891036688737
p53_signaling_pathway	0.392212552622509	1.35140859106137	3.12008003723342	5.65910768202011e-33	3.66971897314272e-10	1.66533453693773e-15	4.71844785465692e-14	0.0330595437320363	0.673119550773387	1.99335733277126e-32	2.98639199193684e-09	3.67307430576921e-15	1.21038444967286e-13	0.721505327523613	0.999891036688737
Protein_export	3.33046146947576	3.36068183918439	3.43732884873764	0.384690540828945	0.878242497646429	0.362524442633308	0.678085729940415	0.414786366912589	0.913284889504462	0.391323136360478	0.999999202392299	0.378565347174604	0.708089523300611	0.834550763829782	0.999891036688737
Amino_sugar_and_nucleotide_sugar_metabolism	3.37848656835647	3.28711511440593	1.91448846769116	1.17978139865734e-49	0.155183376182128	1.66533453693773e-15	1.66533453693773e-15	0.515831539387022	0.519151270189877	6.96071025207832e-48	0.275362983300619	3.67307430576921e-15	8.36210533441075e-15	0.834550763829782	0.999891036688737
Renin_angiotensin_system	1.13028061788287	1.33686247598166	0.899971333624702	0.00756788426976217	0.0810778806017008	0.137829405191918	0.00608150836329113	0.409281526871897	0.999820566346079	0.00834589106384987	0.163541707880354	0.147853361933149	0.00775803229046869	0.834550763829782	0.999891036688737
Biotin_metabolism	3.42757009306613	3.31355483083659	1.04212625428945	2.68753951804077e-35	0.558270975872666	1.66533453693773e-15	1.66533453693773e-15	0.223452404652682	0.999808489936308	1.19671570992004e-34	0.787173211589774	3.67307430576921e-15	8.36210533441075e-15	0.726624676128368	0.999891036688737
Hematopoietic_cell_lineage	0.12330465626869	0.720883229251981	1.95682283043352	1.36198341012349e-16	0.000416469628060967	3.09752223870419e-14	4.66257612075083e-07	0.371252976715065	0.174417311939735	2.26357806189538e-16	0.00140409760317697	5.22153748810134e-14	7.74907017251546e-07	0.834550763829782	0.857551783703698
Phototransduction	0.149207769418098	0.810526980171624	1.61356528481823	8.46842401834623e-19	2.79785293488821e-07	2.88657986402541e-14	2.0520779189237e-05	0.478537771172801	0.461431845069888	1.50266772054865e-18	1.43542020137743e-06	5.16085490840906e-14	3.1044255696538e-05	0.834550763829782	0.999891036688737
Maturity_onset_diabetes_of_the_young	0.10411466171654	0.710608374550186	1.84349292115852	4.43882323988129e-31	2.63865185257117e-09	1.66533453693773e-15	1.72861724934137e-13	0.895542301505543	0.999848238378377	1.36047049949608e-30	2.00878012002192e-08	3.67307430576921e-15	4.38659861123186e-13	0.982704348613351	0.999891036688737
Synthesis_and_degradation_of_ketone_bodies	2.57078481189775	2.55755374243783	0	1.64512677102444e-37	0.992582256039358	1.66533453693773e-15	1.66533453693773e-15	0.614587861628053	0.762855773024499	8.62777595470596e-37	0.999999202392299	3.67307430576921e-15	8.36210533441075e-15	0.863157799519256	0.999891036688737
Valine_leucine_and_isoleucine_biosynthesis	3.59256544246372	3.48444094000173	0.739328781066489	1.48705571987743e-44	0.572500943071518	1.66533453693773e-15	1.66533453693773e-15	0.682193444613635	0.99983343421165	1.94969527717263e-43	0.787173211589774	3.67307430576921e-15	8.36210533441075e-15	0.907458084173302	0.999891036688737
Viral_myocarditis	0.142849695279029	1.13188513611157	2.72600426223527	6.39932753241925e-29	1.14712894738744e-09	1.66533453693773e-15	3.12282422143539e-11	0.519650627201829	0.999803364591239	1.64156662788146e-28	9.02408105278122e-09	3.67307430576921e-15	6.95270298357314e-11	0.834550763829782	0.999891036688737
Primary_bile_acid_biosynthesis	0.147782576808485	0.438485807814545	0.965696320839193	5.4966739349451e-06	0.0716163881622933	6.08585214367796e-06	0.0185348368465116	0.0570373746748198	0.999833913410295	6.72132149558053e-06	0.146969283533054	7.59926511062433e-06	0.0224319051065473	0.721505327523613	0.999891036688737
Oocyte_meiosis	0.175488690926541	0.617052561071839	1.8337733504126	1.23354736471948e-21	0.000437604767908772	8.54871728961371e-15	4.93948215662954e-11	0.0172874470991277	0.999786131164869	2.32893742459038e-21	0.00145457359473902	1.64024169134052e-14	1.06946586143539e-10	0.721505327523613	0.999891036688737
Pyrimidine_metabolism	3.38488410088797	3.28696785495332	2.58856967518744	8.27394252514799e-60	4.23043282938851e-05	1.66533453693773e-15	1.66533453693773e-15	0.523362343418677	0.0528022849418513	6.50883478644976e-58	0.00016921731317554	3.67307430576921e-15	8.36210533441075e-15	0.834550763829782	0.623066962313846
Protein_processing_in_endoplasmic_reticulum	2.02323151146462	2.08700015975592	2.16138155652125	0.00204934144428948	0.13327213437097	0.00320679901555043	0.275503351923147	0.44405969471968	0.494633743061205	0.00232521433102076	0.249620823107532	0.00363848349841299	0.311094694037621	0.834550763829782	0.999891036688737
Glycosaminoglycan_biosynthesis_heparan_sulfate	0.257641878309297	1.33303311906938	1.47970527192702	2.69471439179515e-19	5.01820807130571e-14	2.43127740162663e-12	0.694789009754192	0.191256248769806	0.135567423116201	4.81782270048224e-19	6.57942836015637e-13	3.54186090607336e-12	0.72233571058145	0.721505327523613	0.820356714241625
Ribosome	3.50125906470519	3.48417483633731	2.77304724504751	1.46679126212609e-13	0.965947947077137	1.16018306073329e-13	1.51804790959886e-10	0.1963827606109	0.445966043144724	2.19090340418834e-13	0.999999202392299	1.78956341394154e-13	3.08844229883907e-10	0.721505327523613	0.999891036688737
Caprolactam_degradation	1.92473616304767	1.90642866711853	0.183610078179197	1.64317481906327e-27	0.981499243516906	1.66533453693773e-15	6.32827124036339e-15	0.803387305933943	0.000374659887498221	3.87789257298931e-27	0.999999202392299	3.67307430576921e-15	2.333550019884e-14	0.94328061791249	0.0509962078711328
Butanoate_metabolism	3.08178410817563	3.04263370890795	1.50136525566395	1.14822170316764e-31	0.877906051682663	1.66533453693773e-15	1.88737914186277e-15	0.0416389944296335	0.999853076890635	3.61307095930085e-31	0.999999202392299	3.67307430576921e-15	8.73375446038457e-15	0.721505327523613	0.999891036688737
Cell_cycle	0.302657407711796	1.37403294688635	2.14820977183455	2.12520539083001e-15	6.62060832823386e-08	6.92224055853785e-13	0.0109964813766266	0.9522464119644	0.408691397906361	3.36609712909988e-15	3.90615891365798e-07	1.02103048238433e-12	0.0135872754182402	0.994152945249768	0.999891036688737
Regulation_of_actin_cytoskeleton	0.613627315352554	2.41070550965584	3.45499864504198	3.50070873134667e-35	8.77076189453874e-15	1.66533453693773e-15	2.78818924142055e-05	0.433777363704679	0.0923789257226577	1.52993937147744e-34	3.85532875465547e-13	3.67307430576921e-15	4.16463709478006e-05	0.834550763829782	0.72288687592965
Bacterial_invasion_of_epithelial_cells	1.30497084730096	1.89823329601676	1.84932563558971	6.64809840369973e-11	3.8582720351954e-09	1.5333876236312e-05	0.928719478770027	0.98566018652188	0.304880470239565	9.01696105329388e-11	2.84547562595661e-08	1.89465695904169e-05	0.944731883576406	0.994152945249768	0.999891036688737
Other_types_of_O_glycan_biosynthesis	0.796059114299775	1.1654608051485	1.37281368648284	1.41452998815645e-05	0.00306155155950583	0.000173795668064414	0.408354330522219	0.0400052660209564	0.424877925416914	1.71194398566627e-05	0.0084014670702718	0.000207150392238392	0.448240102340668	0.721505327523613	0.999891036688737
Plant_hormone_signal_transduction	0.620115133559367	0.624517284593928	0.360429588460477	0.00212236326493259	0.996897054094085	0.0016915269806026	0.00708389290154166	0.378622589428719	0.499472266158757	0.00239654416518703	0.999999202392299	0.00193786586127288	0.0089401001324269	0.834550763829782	0.999891036688737
RNA_degradation	3.10918862301739	3.01457967111721	2.63184904414497	2.0376085447959e-40	1.0064580727609e-05	1.66533453693773e-15	1.66533453693773e-15	0.742348409719963	0.163131696005983	1.50273630178698e-39	4.31862009402857e-05	3.67307430576921e-15	8.36210533441075e-15	0.922074866810059	0.857551783703698
Flavonoid_biosynthesis	1.54584912648545	1.44199605704305	0.160915164373115	7.69754341538608e-16	0.64486501577334	2.96429547574917e-14	1.71388458980459e-11	0.481142429227092	0.0407312579550733	1.26154183752161e-15	0.845489687347267	5.18287764692894e-14	3.92695886596004e-11	0.834550763829782	0.538746615320631
alpha_Linolenic_acid_metabolism	1.49210249334013	1.51939030560013	0.095930225708974	5.23749099285388e-15	0.97341110673414	3.54161144855425e-14	2.61668464673903e-12	0.373368722790559	0.510854370182499	8.24031916209011e-15	0.999999202392299	5.76427794385381e-14	6.11423343198427e-12	0.834550763829782	0.999891036688737
Glyoxylate_and_dicarboxylate_metabolism	3.09340841813714	2.98222489141371	1.10930099526403	8.22967864911072e-46	0.276920357812284	1.66533453693773e-15	1.66533453693773e-15	0.386907334267932	0.0709163124293701	1.49400320091549e-44	0.450711754784131	3.67307430576921e-15	8.36210533441075e-15	0.834550763829782	0.72288687592965
Cell_adhesion_molecules_CAMs_	1.47284975834107	2.98836302975628	2.63756809416441	1.31413872976467e-19	2.91988655476416e-14	2.46971111339533e-08	0.253634230049915	0.0217903988034103	0.817222844496311	2.3674560322478e-19	5.14667673558376e-13	3.29294815119378e-08	0.287777299479711	0.721505327523613	0.999891036688737
Pathways_in_cancer	0.367025109016363	0.878861671214509	2.5328497544169	1.07093138569747e-37	8.53525868538263e-07	1.66533453693773e-15	5.21804821573824e-15	0.621696913597311	0.861840311498587	5.74408652328645e-37	4.19650218697979e-06	3.67307430576921e-15	1.95469742684797e-14	0.863157799519256	0.999891036688737
Arachidonic_acid_metabolism	1.78833706510634	2.57438189292867	3.5740131627158	4.01329325707729e-32	3.62709862145039e-13	1.66533453693773e-15	1.25757737556853e-10	0.981494572357099	0.00369742783142372	1.29744823105512e-31	3.89088761210132e-12	3.67307430576921e-15	2.58076748377542e-10	0.994152945249768	0.145432161369333
Phenylalanine_metabolism	2.77896652804062	2.81565283889614	2.2624778358015	0.000523844716701666	0.936537332215908	0.000508548084623861	0.00150361659641318	0.0168489094000977	0.999843106997003	0.000615061458415887	0.999999202392299	0.000594145286986293	0.00199355908288489	0.721505327523613	0.999891036688737
Glycosphingolipid_biosynthesis_ganglio_series	0.137957433719347	0.70201002788119	0.903678655088872	4.98201414835314e-07	0.000147364745212042	3.97317117613039e-05	0.564085013478296	0.147834533004434	0.999789527680661	6.32126526350183e-07	0.000526940604091544	4.88368957066027e-05	0.60787243461588	0.721505327523613	0.999891036688737
Peptidoglycan_biosynthesis	3.49004483092021	3.38715322269808	1.58189978320831	9.08628143927252e-35	0.485218012143466	1.66533453693773e-15	1.66533453693773e-15	0.236770191289272	0.556635246151266	3.82921860655056e-34	0.720197804187786	3.67307430576921e-15	8.36210533441075e-15	0.726624676128368	0.999891036688737
Lipopolysaccharide_biosynthesis	3.2507687007393	3.14670277151094	1.37414818027592	2.1711447609103e-31	0.524200154355128	1.66533453693773e-15	2.33146835171283e-15	0.0799758706114635	0.519145818418052	6.74197583651095e-31	0.754336807486648	3.67307430576921e-15	1.03816326604571e-14	0.721505327523613	0.999891036688737
N_Glycan_biosynthesis	2.42679598145504	2.49637102394054	2.33662625025671	0.31666972916494	0.601032593695516	0.58307266938608	0.288813664924865	0.373952467773678	0.999843720808719	0.326349589881772	0.810535383497953	0.600895851419716	0.323033293470465	0.834550763829782	0.999891036688737
PPAR_signaling_pathway	0.286021633555144	0.974238632900873	2.02517409193038	1.55218246141818e-23	6.84833847408584e-08	5.44009282066327e-15	1.95932735591597e-08	0.240155613296664	0.999833538419151	3.10436492283637e-23	3.94197043874209e-07	1.08801856413265e-14	3.52978058012343e-08	0.726624676128368	0.999891036688737
Huntington_s_disease	0.236030968019446	1.50987649916401	3.06562285491135	7.14251821423773e-42	2.4535928844216e-14	1.66533453693773e-15	4.20774526332934e-14	0.448843145731141	0.169055798721898	6.09554355578437e-41	5.14667673558376e-13	3.67307430576921e-15	1.09123943092937e-13	0.834550763829782	0.857551783703698
Glycosaminoglycan_biosynthesis_chondroitin_sulfate	0.83410070488868	1.18663013528515	1.04782742481823	0.0010646582801866	0.00118466975702725	0.192558259661694	0.594547112123933	0.400726358677071	0.999834303117621	0.00122565538597092	0.00349477578323037	0.203783629059012	0.634900988512435	0.834550763829782	0.999891036688737
Adipocytokine_signaling_pathway	0.416827139550085	1.0141310337322	1.78258917042249	1.27986948845766e-13	5.67010248266886e-05	1.07391873171991e-12	0.00045206649891627	0.56718796986276	0.99977736073634	1.92388025016566e-13	0.000215829707404815	1.57419143283168e-12	0.000635045796096665	0.852375723443036	0.999891036688737
Prion_diseases	0.811847090458434	1.38161252204946	1.53000568501937	2.3634586412422e-09	2.13375749158473e-06	2.07063955126596e-06	0.626045829881399	0.184591942321939	0.832983925257004	3.13357437827617e-09	9.87385819635287e-06	2.62726308655251e-06	0.662541775121121	0.721505327523613	0.999891036688737
Hypertrophic_cardiomyopathy_HCM_	0.087229667269315	0.70614061967125	1.80457052950162	4.28377794794693e-27	3.2840519637034e-08	1.66533453693773e-15	4.16157108773518e-11	0.0848711688389339	0.999845022022462	9.91148623250466e-27	2.1528785095389e-07	3.67307430576921e-15	9.09380348801392e-11	0.721505327523613	0.999891036688737
Biosynthesis_of_unsaturated_fatty_acids	2.50538784083764	2.27307220372075	1.07507634676028	2.07317940332571e-17	0.0998818566636573	2.87547763377916e-14	6.37842001438571e-11	0.998849736530106	0.8758247140795	3.51993049773286e-17	0.193214083382157	5.16085490840906e-14	1.34402421731699e-10	0.998849736530106	0.999891036688737
Glycosphingolipid_biosynthesis_globo_series	1.21001359300713	2.53052881893584	3.63410710247425	5.42135254385315e-26	4.30211422042248e-13	4.77395900588817e-15	1.93418372427256e-05	0.615158908870446	0.999820693649432	1.16312654577213e-25	4.4143432870422e-12	9.62952414862913e-15	2.94495070276339e-05	0.863157799519256	0.999891036688737
Alzheimer_s_disease	0.535629149180002	0.975048026761756	2.14612654102903	4.54015088007443e-14	0.0095910798158042	6.27276008913213e-14	7.75454572665701e-07	0.83680411669865	0.113735704874215	6.95763381621795e-14	0.0233349983147401	9.93537839620929e-14	1.27977118286088e-06	0.972836313009268	0.745600731953187
Pentose_and_glucuronate_interconversions	3.35967458046042	3.22134608668268	1.9368211384635	3.23435360214487e-42	0.0382610361603053	1.66533453693773e-15	1.66533453693773e-15	0.408235626552688	0.604236113374032	3.31872804393996e-41	0.0876660634352626	3.67307430576921e-15	8.36210533441075e-15	0.834550763829782	0.999891036688737
Glycosaminoglycan_degradation	2.77547644228983	2.77976079449895	0.774142171426175	1.17252911157286e-30	0.999086573683889	1.66533453693773e-15	1.88737914186277e-15	0.397921987629627	0.35892613862111	3.50274519406577e-30	0.999999202392299	3.67307430576921e-15	8.73375446038457e-15	0.834550763829782	0.999891036688737
