Taxa	stoolMeans	stoolSD	swabMeans	swabSD	Origin p-value	Time p-value	Individual p-value	Origin (adj p-value)	Time (adj p-value)	Individual (adj p-value)
Acetanaerobacterium	1.181	0.592	1.023	0.646	0.0228237431142113	0.736385596805645	0.00567987923512721	0.0500366675965401	0.936121042518216	0.00667532198767527
Acetivibrio	0.517	0.764	0.31	0.528	0.00306040083188372	0.453854881965844	2.3352092867966e-19	0.00775301544077209	0.936121042518216	8.06708662711551e-19
Acidaminococcus	0.416	0.889	0.471	0.895	0.791065036574212	0.197190303868492	9.95795849729009e-35	0.966892572993083	0.936121042518216	8.10862334779336e-34
Acinetobacter	0.067	0.258	0.983	0.854	7.05635600339045e-38	0.383953738483396	0.131085959937191	8.9380509376279e-37	0.936121042518216	0.139661676942427
Actinomyces	1.321	0.703	1.01	0.815	7.13042323852493e-05	0.470844126653228	0.0800712825339402	0.000225796735886623	0.936121042518216	0.0869345353225636
Akkermansia	1.554	1.231	1.205	1.07	0.00484929081147004	0.539145038591583	4.32688982129835e-15	0.0115170656772413	0.936121042518216	1.04950093537875e-14
Alistipes	3.357	0.698	2.997	0.738	7.24506359181078e-07	0.639828637805258	5.52773871875725e-20	2.7531241648881e-06	0.936121042518216	2.03278133528492e-19
Allisonella	0.149	0.397	0.269	0.444	0.00828756883403073	0.550398671376237	0.00114394495711549	0.0188956569415901	0.936121042518216	0.00141749701207789
Allobaculum	0.521	0.677	0.665	0.852	0.123639774777711	0.82206860503124	1.93576663752813e-15	0.227337650397727	0.979324458564634	4.9039421484046e-15
Anaerococcus	0.285	0.454	2.031	0.994	7.41811520273922e-66	0.963280227943944	0.00626346311112293	3.69426914236276e-64	0.980509441791093	0.00728606933334708
Anaerofilum	0.863	0.663	0.826	0.632	0.823566535439099	0.362760425589692	2.8223672727524e-07	0.970757494114841	0.936121042518216	4.59642670133962e-07
Anaerofustis	0.61	0.622	0.275	0.427	4.34185109666269e-10	0.531841054599273	0.000673891217291638	1.97988410007818e-09	0.936121042518216	0.000844215371112602
Anaerosphaera	0.058	0.169	1.287	0.962	1.63544648911287e-49	0.921407757814172	0.0117773150660652	2.66344142512668e-48	0.980509441791093	0.0134261391753143
Anaerostipes	1.839	0.773	1.594	0.755	0.00244759419821033	0.13129236868479	7.8182321055212e-07	0.00648897066502274	0.936121042518216	1.25532177468932e-06
Anaerotruncus	2.422	0.756	2.286	0.735	0.140650240811539	0.262247320770696	5.63817057601054e-16	0.246678883884853	0.936121042518216	1.53036058491715e-15
Anaerovorax	2.006	0.749	1.957	0.708	0.766660771495666	0.113096952236769	3.84084041443225e-11	0.966892572993083	0.936121042518216	7.17796405320125e-11
Anoxybacillus	1.334	0.699	2.913	0.928	7.62077374907389e-55	0.153045539253074	0.00533058864131539	2.17192051848606e-53	0.936121042518216	0.00633007401156203
Aquabacterium	0.698	1.029	0.697	1.003	0.999840461377824	0.95897211871453	5.57793612948201e-45	0.999840461377824	0.980509441791093	1.58971179690237e-43
Asaccharobacter	1.383	0.927	0.737	0.66	3.52074324937413e-15	0.670301626484509	6.83573466948428e-18	2.00682365214326e-14	0.936121042518216	2.22649643520345e-17
Atopobium	0.351	0.524	0.49	0.714	0.0531806431346515	0.0639944519457575	0.158450721459927	0.108260594952684	0.936121042518216	0.167253539318812
Bacteroides	4.566	0.271	4.515	0.296	0.155576105434599	0.533123737009442	1.77611561245446e-12	0.264711582381259	0.936121042518216	3.8937919196117e-12
Barnesiella	1.772	1.386	1.757	1.259	0.992008361723113	0.731380668885954	9.88262891514031e-47	0.999840461377824	0.936121042518216	5.63309848162998e-45
Beijerinckia	0.333	0.518	0.302	0.467	0.796593316216236	0.379053836259999	0.000314028142482062	0.966892572993083	0.936121042518216	0.000402238294864664
Bifidobacterium	0.422	0.593	0.254	0.437	0.00241889611771458	0.92896613056789	1.24759281113037e-10	0.00648897066502274	0.980509441791093	2.22227469482597e-10
Bilophila	1.588	1.042	1.645	0.989	0.825995411659119	0.60630062451243	1.03083952997237e-30	0.970757494114841	0.936121042518216	6.91268861275592e-30
Blautia	3.643	0.375	3.578	0.45	0.233534774647657	0.0751780031280769	0.0643855816466429	0.380328061569041	0.936121042518216	0.0705765029588202
Butyricicoccus	2.625	0.471	2.57	0.419	0.401808396793962	0.159892204419081	1.3095714480983e-05	0.602712595190943	0.936121042518216	1.86613931354008e-05
Butyricimonas	1.504	1.024	1.494	0.977	0.993815866974243	0.710808934008936	8.22404507669841e-37	0.999840461377824	0.936121042518216	8.52310126130563e-36
Butyrivibrio	0.831	0.729	0.727	0.683	0.277875125384179	0.69479426728001	7.45648550908035e-16	0.439526546874294	0.936121042518216	1.97683569310502e-15
Campylobacter	0.332	0.496	1.485	1.153	3.00989203615037e-32	0.456702300069253	1.17392006555735e-05	3.11934265564674e-31	0.936121042518216	1.69401123384224e-05
Catenibacterium	0.513	1.016	0.441	0.931	0.722560910298323	0.887415651794594	1.16944463507699e-31	0.937615646565948	0.980509441791093	8.8877792265851e-31
Clostridium_IV	3.052	0.658	2.872	0.507	0.00416589161600871	0.918813241550796	4.45689734919374e-11	0.0101045030686169	0.980509441791093	8.19494028722721e-11
Clostridium_XI	1.904	1.007	1.67	0.86	0.0259519519581371	0.662684870574751	8.81053886869542e-16	0.054787454133845	0.936121042518216	2.28273052507109e-15
Clostridium_XIX	0.376	0.872	0.392	0.88	0.979643482182074	0.466110319831046	4.75772328239586e-25	0.999840461377824	0.936121042518216	1.93707305068974e-24
Clostridium_XVIII	2.609	0.743	2.567	0.614	0.797262297029384	0.0244749585703234	2.76389568398882e-11	0.966892572993083	0.936121042518216	5.4324846202539e-11
Clostridium_XlVa	3.191	0.414	3.398	0.42	9.52437895526195e-07	0.231012277248217	7.0702671251584e-18	3.39306000281207e-06	0.936121042518216	2.23891792296683e-17
Clostridium_XlVb	2.611	0.544	2.709	0.689	0.223718183691683	0.694025920171654	4.28428379165475e-15	0.369621346968868	0.936121042518216	1.04950093537875e-14
Clostridium_sensu_stricto	1.416	1.149	1.019	1.053	0.000576179084525754	0.76367769258065	1.16885321255334e-17	0.00172853725357726	0.936121042518216	3.60133151975895e-17
Collinsella	2.243	1.128	2.083	1.063	0.281451209840556	0.988767607293927	3.57007987233408e-30	0.439526546874294	0.994591172706442	2.26105058581158e-29
Coprobacillus	1.312	0.935	1.626	1.091	0.00386071746613405	0.472678949905844	1.67897034228722e-16	0.009567865024767	0.936121042518216	4.66835656148154e-16
Coprococcus	2.798	0.801	2.819	0.817	0.962354456967619	0.66811178815233	5.6995296361208e-26	0.999840461377824	0.936121042518216	2.49902453276066e-25
Corynebacterium	0.105	0.258	0.831	0.922	4.43336208520042e-24	0.96330752175967	0.338313960665931	3.88771752086806e-23	0.980509441791093	0.341307889521382
Desulfovibrio	0.879	1.07	0.764	0.975	0.468541159313338	0.75663494195648	4.59571431896601e-37	0.6761226855914	0.936121042518216	5.23911432362125e-36
Dialister	1.42	1.379	2.098	1.071	5.52167133190524e-08	0.682603661223825	7.15318650187034e-20	2.33137234013777e-07	0.936121042518216	2.54832269129131e-19
Dorea	3.158	0.439	2.915	0.46	6.24754257702994e-08	0.0422342054106519	2.31806369223139e-06	2.54364233493362e-07	0.936121042518216	3.52345681219171e-06
Eggerthella	1.605	0.876	1.61	0.727	0.997730363352302	0.692808789658044	1.19066347839066e-14	0.999840461377824	0.936121042518216	2.77011503135785e-14
Enterobacter	0.509	0.818	0.784	1.01	0.00551724961818493	0.517572392084186	2.42518171823246e-12	0.0128360501321037	0.936121042518216	5.21642860148113e-12
Enterococcus	0.296	0.673	0.386	0.734	0.374730453906461	0.58624432612562	1.50544929921228e-27	0.569590289937821	0.936121042518216	6.86484880440802e-27
Erysipelotrichaceae_incertae_sedis	2.152	0.911	2.337	0.757	0.0558572420954187	0.870270444190897	9.77017735855966e-28	0.111714484190837	0.980509441791093	5.06272826761728e-27
Escherichia_Shigella	1.008	0.987	1.836	1.17	6.07720211181591e-14	0.963278740777489	3.83107470977347e-13	3.14909563975916e-13	0.980509441791093	8.73485033828352e-13
Ethanoligenens	0.953	0.813	0.699	0.726	0.001834021033871	0.693789799110039	1.5758377035912e-16	0.00509947311856815	0.936121042518216	4.49113745523491e-16
Eubacterium	0.382	0.608	0.308	0.52	0.358162077045306	0.447723333683645	1.64718472973913e-06	0.551763199772498	0.936121042518216	2.60804248875362e-06
Faecalibacterium	3.579	0.724	3.639	0.781	0.681973450317321	0.734271164626	1.11725581325857e-36	0.925535396859221	0.936121042518216	1.06139302259564e-35
Finegoldia	0.307	0.524	2.084	0.984	9.72176090095464e-66	0.654776284022023	0.209583065267897	3.69426914236276e-64	0.936121042518216	0.215247472437299
Flavonifractor	2.682	0.511	2.677	0.592	0.994201235428496	0.962343694439621	1.32922483225673e-05	0.999840461377824	0.980509441791093	1.87076087502798e-05
Fusibacter	1.386	0.983	0.918	0.81	2.21221420186782e-07	0.0479857498636698	6.85259477671977e-29	8.69629031079076e-07	0.936121042518216	3.90597902273027e-28
Fusobacterium	0.347	0.708	0.996	1.041	6.75518331223116e-13	0.663727310006543	5.0387261822811e-08	3.34822129388849e-12	0.936121042518216	8.44727624676538e-08
Gemella	0.703	0.71	0.512	0.81	0.0255187658737221	0.758487223796991	0.276160505177205	0.054787454133845	0.936121042518216	0.281091942769655
Gemmiger	0.952	0.89	0.883	0.904	0.704984050508758	0.600656235336165	2.50621513450984e-40	0.937615646565948	0.936121042518216	5.71417050668242e-39
Geobacillus	1.641	0.65	3.128	0.901	1.07115498128898e-53	0.352949065609837	0.344228172221778	2.03519446444907e-52	0.936121042518216	0.344228172221778
Gordonibacter	1.423	0.932	0.86	0.696	1.24118936530327e-11	0.329250518264298	1.61031184009547e-09	5.89564948519052e-11	0.936121042518216	2.78144772380126e-09
Granulicatella	0.789	0.674	0.266	0.409	1.38841193854323e-19	0.563092511109829	0.00496964095814725	9.31052711728986e-19	0.936121042518216	0.0059635691497767
Haemophilus	0.548	0.803	0.495	0.723	0.744413904790222	0.27611908022749	2.33045590326651e-10	0.953518934225677	0.936121042518216	4.08726112265203e-10
Hallella	0.23	0.657	0.682	1.098	7.82767089056992e-07	0.258089520748489	2.89079875898502e-11	2.87856284362894e-06	0.936121042518216	5.58561116142869e-11
Hespellia	0.273	0.423	0.281	0.454	0.976200994209566	0.60940504430963	3.9107783972e-05	0.999840461377824	0.936121042518216	5.30748496762857e-05
Holdemania	1.463	0.736	1.502	0.618	0.818425193542247	0.718850570374516	1.14135171221649e-07	0.970757494114841	0.936121042518216	1.88571152453158e-07
Howardella	0.76	1.08	0.778	1.062	0.983679220113679	0.53218281011054	7.45889565071448e-49	0.999840461377824	0.936121042518216	8.50314104181451e-47
Hydrogenoanaerobacterium	0.724	0.683	0.664	0.654	0.619080436869739	0.703460242400907	3.61253396980146e-11	0.860672802477442	0.936121042518216	6.86381454262277e-11
Klebsiella	0.38	0.882	0.309	0.665	0.611168258911735	0.562138708939902	6.65723817151108e-28	0.860162734764663	0.936121042518216	3.61392929310602e-27
Lachnobacterium	0.286	0.399	0.293	0.496	0.985706122673255	0.362033924093098	0.0571878378390735	0.999840461377824	0.936121042518216	0.0639158187613174
Lachnospiracea_incertae_sedis	4.096	0.304	3.911	0.448	1.7619167476625e-06	0.177165070004214	8.39876450898489e-06	6.08662149192501e-06	0.936121042518216	1.24345344678478e-05
Lactobacillus	0.892	0.839	0.947	0.832	0.774876349595356	0.682651969643243	1.49195809977856e-05	0.966892572993083	0.936121042518216	2.07418565091166e-05
Lactococcus	1.049	0.882	0.736	0.752	0.000180304673855517	0.0117593712697872	0.000230584331109271	0.000555533319446727	0.936121042518216	0.000298711519846101
Lactonifactor	0.603	0.537	0.5	0.468	0.0868553418687883	0.155430896634217	0.000468469557591079	0.16782218598376	0.936121042518216	0.0005933947729487
Marvinbryantia	0.434	0.631	0.571	0.757	0.103219884180676	0.512908884697236	3.2439037139704e-12	0.196117779943284	0.936121042518216	6.8482411739375e-12
Megasphaera	0.342	0.791	0.547	0.941	0.0381531343813967	0.697477210242555	1.17570341622679e-27	0.0790810421723494	0.936121042518216	5.58459122707725e-27
Microbacterium	0.289	0.583	0.313	0.59	0.902623480519059	0.205637821749868	4.58171999963028e-18	0.999840461377824	0.936121042518216	1.53622376458192e-17
Mobiluncus	0.054	0.228	0.555	0.825	5.50681765941782e-16	0.192256796884031	0.160226617090954	3.48765118429795e-15	0.936121042518216	0.16757646191164
Mogibacterium	0.718	0.814	0.681	0.687	0.866245905523206	0.431560155031384	8.09843143786055e-15	0.997495285147935	0.936121042518216	1.92337746649188e-14
Murdochiella	0.125	0.343	1.263	1.145	5.9341662699621e-34	0.533969525284867	0.00264260357704906	6.7649495477568e-33	0.936121042518216	0.00323932051380208
Negativicoccus	0.013	0.106	0.751	0.84	7.76464600564523e-30	0.563176680235449	0.0605832317218217	7.37641370536297e-29	0.936121042518216	0.0670532855950259
Odoribacter	2.196	1.019	2.17	0.993	0.960982638836871	0.887613494479961	4.09597956069917e-30	0.999840461377824	0.980509441791093	2.4575877364195e-29
Oribacterium	0.275	0.416	0.201	0.415	0.153437651117993	0.243245326542264	8.92499424008287e-05	0.264711582381259	0.936121042518216	0.000119699922749347
Oscillibacter	3.285	0.675	3.303	0.541	0.950797374933977	0.73781711675798	2.36603346362553e-17	0.999840461377824	0.936121042518216	6.91609781675156e-17
Parabacteroides	3.375	0.814	3.332	0.803	0.849115431070531	0.878898935268255	3.24539642255543e-39	0.987746521857557	0.980509441791093	5.2853598881617e-38
Paraprevotella	1.912	1.044	1.797	0.904	0.437595575555841	0.756810795948182	4.77712514682652e-31	0.647868774199557	0.936121042518216	3.4037016671139e-30
Parasutterella	2.165	1.246	2.345	1.124	0.256064643307241	0.31399098968271	9.2393982568082e-46	0.411146047000359	0.936121042518216	3.51097133758712e-44
Parvimonas	0.154	0.34	0.455	0.908	1.79579412085122e-05	0.466990653214696	0.00336867665580683	6.02119205226587e-05	0.936121042518216	0.00408541636980829
Peptococcus	0.154	0.368	0.619	0.727	2.68310564943588e-15	0.336442124481866	1.83527691492752e-06	1.60986338966153e-14	0.936121042518216	2.86604888084572e-06
Peptoniphilus	0.573	0.679	2.512	0.944	1.88515170149913e-69	0.169159843868609	0.00973584976309393	2.149072939709e-67	0.936121042518216	0.0112109785150779
Peptostreptococcus	0.183	0.445	1.014	1.114	5.83868384119697e-21	0.356850188017967	0.000130970644209731	4.44137734459926e-20	0.936121042518216	0.000173612249301271
Phascolarctobacterium	2.69	1.278	2.427	1.145	0.0633943091302459	0.827527453773792	2.21960823868413e-39	0.124602607600828	0.979324458564634	4.21725565349985e-38
Porphyromonas	0.457	0.644	1.807	1.138	3.28646973045343e-38	0.301175038357776	2.17633772709942e-06	4.68321936589614e-37	0.936121042518216	3.35273649850451e-06
Prevotella	1.725	1.244	2.837	1.106	8.44568415455696e-20	0.631859827089447	1.96941681583597e-22	6.01754996012183e-19	0.936121042518216	7.74184541397587e-22
Propionibacterium	0.164	0.394	0.237	0.392	0.130145414863539	0.1541883047574	2.93334094901671e-05	0.23182152022568	0.936121042518216	4.02892612274584e-05
Pseudoflavonifractor	2.443	0.532	2.526	0.467	0.19464875958203	0.130446039943546	6.74864676963976e-06	0.326322920475757	0.936121042518216	1.01229701544596e-05
Ralstonia	0.427	0.62	0.496	0.657	0.493550988340627	0.427251448501475	0.000160895115461214	0.703310158385394	0.936121042518216	0.000210828082328487
Robinsoniella	0.272	0.496	0.376	0.575	0.108892555792175	0.162411829626571	9.89433584593419e-06	0.203504120660786	0.936121042518216	1.44609523902115e-05
Roseburia	3.435	0.417	3.159	0.557	2.44373594438848e-08	0.13126348044312	8.42694452903085e-11	1.07148422177033e-07	0.936121042518216	1.52487567668177e-10
Rothia	0.429	0.625	0.241	0.433	0.000857032174241596	0.804933441163813	2.44761489635727e-09	0.00250517097086005	0.976195875453987	4.16459848036909e-09
Ruminococcus	2.655	1.185	2.553	1.13	0.630489141861047	0.953058179416558	1.07434132234359e-27	0.865973038218787	0.980509441791093	5.32499611944214e-27
Salmonella	0.142	0.451	0.391	0.707	4.61282400973474e-05	0.746458474836334	4.61133462708436e-12	0.000150246267745646	0.936121042518216	9.3873597765646e-12
Slackia	0.604	0.936	0.447	0.732	0.12565127705681	0.591875326540954	3.51522541410938e-35	0.22736897753137	0.936121042518216	3.08258228621899e-34
Solobacterium	0.494	0.658	0.514	0.781	0.956255467504485	0.540124452470364	5.75523917650903e-12	0.999840461377824	0.936121042518216	1.15104783530181e-11
Sporobacter	0.526	0.648	0.357	0.556	0.0105746049254544	0.994591172706442	1.86506898850378e-17	0.0236373521863098	0.994591172706442	5.59520696551135e-17
Streptococcus	2.751	0.777	2.808	0.783	0.723773481559679	0.859981112312696	3.75051140799032e-12	0.937615646565948	0.980509441791093	7.7737872820163e-12
Streptophyta	0.754	0.759	0.252	0.468	5.71214673575066e-15	0.87399684206293	0.177444474349861	3.10087965655036e-14	0.980509441791093	0.183897000689856
Subdoligranulum	3.012	0.956	2.902	0.977	0.461022613266728	0.833284846322539	2.25193168678072e-38	0.673802280928295	0.979324458564634	2.85244680325558e-37
Sutterella	0.95	1.254	1.044	1.273	0.721499495306055	0.644326733623854	1.77558675643288e-38	0.937615646565948	0.936121042518216	2.53021112791686e-37
Syntrophococcus	2.253	0.834	2.22	0.811	0.908706007615211	0.144841048780239	1.53349448676559e-25	0.999840461377824	0.936121042518216	6.47475449967694e-25
TM7_genera_incertae_sedis	0.892	0.704	0.316	0.45	5.84391755868323e-21	0.119257912929487	0.0302373396632952	4.44137734459926e-20	0.936121042518216	0.0341292744714421
Thermus	0.208	0.401	1.583	0.949	1.02297430043337e-53	0.0931303944419837	0.111808999110373	2.03519446444907e-52	0.936121042518216	0.120247414137571
Turicibacter	0.831	0.978	0.556	0.658	0.00165190035136264	0.0520768157290901	4.87267922096359e-13	0.00470791600138354	0.936121042518216	1.0891871199801e-12
Veillonella	1.36	0.955	1.063	0.915	0.00273573380906177	0.245959387883193	3.25915908881958e-22	0.00708803759620549	0.936121042518216	1.23848045375144e-21
