Taxa	stoolMeans	swabMeans	Origin p-value	Treatment p-value	Time p-value	Individual p-value	Origin (adj p-value)	Treatment (adj p-value)	Time (adj p-value)	Individual (adj p-value)
Acetanaerobacterium	1.1732098361058	1.01682319936696	0.050729945485268	0.100327695601583	0.74639173480763	0.00691772128865434	0.111424701690856	0.474627175345952	0.949135961454365	0.00826096814082023
Acetivibrio	0.514114291171176	0.308213038384449	0.0154446772038148	0.165409416237923	0.459293810864962	2.0926419347793e-19	0.0387692917565147	0.543120398874209	0.949135961454365	7.35414165651012e-19
Acidaminococcus	0.413499355560662	0.46889425583821	0.629444964512198	0.171564925523064	0.195247807788556	9.60850193594207e-35	0.774956074281241	0.543120398874209	0.889462235481201	6.95203375365221e-34
Acinetobacter	0.0661874446774745	0.977975815516974	1.59628789628889e-23	0.640972056217538	0.384452535380603	0.117294821059722	2.18159345826148e-22	0.895904124031332	0.949135961454365	0.127674893719874
Actinomyces	1.31311029653336	1.00408285927132	0.00183387409914014	0.129660257150794	0.470930739837213	0.0950433594811226	0.0057837567742112	0.527791211772251	0.949135961454365	0.105318317262866
Akkermansia	1.5471064438653	1.19953371971872	0.0203869928073202	0.226120729994933	0.542790164880254	4.20501312480695e-15	0.0482230791403921	0.551591668897696	0.949135961454365	1.01415022421815e-14
Alicyclobacillus	0.0274749010418969	0.438699175028819	3.90304398668341e-11	0.526381314357864	0.0359283964643955	0.246318553907724	2.52670742295821e-10	0.821872210669906	0.889462235481201	0.254779264156768
Alistipes	3.34831657192553	2.98830988148209	0.000136730064657391	0.185455745957047	0.640476971987855	5.55742984762348e-20	0.000509630240995728	0.543120398874209	0.949135961454365	2.01048197428732e-19
Allisonella	0.147344371136201	0.267518541467974	0.0275807185314623	0.150184491154706	0.538561450476337	0.00133348780888235	0.0628227477661086	0.527791211772251	0.949135961454365	0.00167366327033193
Allobaculum	0.516860219460474	0.661692356714773	0.144230623649278	0.0802468468620118	0.812187198567518	3.51649524722189e-15	0.268793434982745	0.420466670420874	0.979402210037301	8.65057830816586e-15
Aminiphilus	0.306672823075874	0.146068748130418	0.00662954679301473	0.292038444228897	0.235360611904235	4.45757054094468e-17	0.0194151013224003	0.623344363808501	0.899784019464909	1.37070294134049e-16
Anaerococcus	0.282787100924364	2.02312132193653	4.50296868234978e-44	0.303530337234764	0.972180558011156	0.00619060190148266	2.76932573964511e-42	0.632783584404678	0.986762647559996	0.00746513758708203
Anaerofilum	0.857180817110151	0.820728495671035	0.662784008788516	0.467949903522822	0.355501967348786	2.14569959232223e-07	0.782651464579956	0.800318199558058	0.949135961454365	3.61535684733746e-07
Anaerofustis	0.605774310003652	0.272164145645584	2.21607494626523e-06	0.774165099788808	0.535902747509466	0.000526313666199057	1.00954525329861e-05	0.933552032098268	0.949135961454365	0.000667387432396742
Anaerosphaera	0.0569147853005819	1.28109729774122	1.30555556427188e-31	0.969669027419674	0.928018390608486	0.00980295587501247	2.29404763436345e-30	0.988267439368715	0.986762647559996	0.0114834625964432
Anaerostipes	1.83033509595689	1.58602780887736	0.0137163959403973	0.367996488723538	0.133620129593721	6.39562522665209e-07	0.0358961000142312	0.707243251765549	0.889462235481201	1.04888253717094e-06
Anaerotruncus	2.41302523494634	2.27808537385918	0.15789541397487	0.0129226498265863	0.249282717141339	2.10071161446026e-15	0.281465737955202	0.144498720788192	0.899784019464909	5.38307351205441e-15
Anaerovorax	1.99687774285537	1.94921392049883	0.611970373797843	0.470040321525789	0.114130062797585	2.71332566934179e-11	0.770137107291526	0.800318199558058	0.889462235481201	5.13532520418684e-11
Anoxybacillus	1.3260905279878	2.90449292635585	1.19663614043163e-35	0.832054691850729	0.155405278917855	0.00439259269501394	3.67965613182726e-34	0.96350745947665	0.889462235481201	0.00534939506422489
Aquabacterium	0.695136752088992	0.693757877663645	0.991600373109245	0.128355844256487	0.952680980274371	9.53150623594939e-45	0.991600373109245	0.527791211772251	0.986762647559996	2.93093816755444e-43
Asaccharobacter	1.37566296167357	0.731683067609521	2.29679858081099e-09	0.190202813297399	0.668178043013248	7.6905279054229e-18	1.30608645427832e-08	0.544068512455352	0.949135961454365	2.42547418555645e-17
Atopobium	0.347694312693934	0.486786199804882	0.0841085011000148	0.228088327273514	0.0640230349526037	0.164458590570132	0.17242242725503	0.551591668897696	0.889462235481201	0.175899188175011
Bacteroides	4.55619359084274	4.50664451853578	0.178690648120055	0.940739837589608	0.522377787968837	9.77870924562108e-13	0.309562672095307	0.988267439368715	0.949135961454365	2.14782363787749e-12
Barnesiella	1.76560255614476	1.75029855664733	0.928972835960181	0.701875482738982	0.734899428308191	4.68114150161123e-47	0.960198813639515	0.90852293086516	0.949135961454365	2.8789020234909e-45
Beijerinckia	0.329734282701483	0.299622451160381	0.634509444428302	0.171643659589425	0.382399297018392	0.000362598652836196	0.774956074281241	0.543120398874209	0.949135961454365	0.000469469834724759
Bifidobacterium	0.418649936119476	0.251914854967878	0.0132395154431658	0.0959549187883351	0.923590583570385	1.86018165614938e-10	0.0354013130328129	0.472098200438609	0.986762647559996	3.36474034862315e-10
Bilophila	1.58099714561204	1.63872217926408	0.655927354566205	0.00617126114443108	0.596773176936166	7.0512411813599e-30	0.782651464579956	0.0967903539215636	0.949135961454365	3.94228484230576e-29
Blautia	3.63324024394781	3.56945610670353	0.231394755765779	0.136234961487502	0.0769585347878959	0.0740920218679076	0.384615607556632	0.527791211772251	0.889462235481201	0.0836084283463545
Brevibacillus	0.0657081497598035	0.34912889543191	3.26934754231029e-06	0.223171589864959	0.0773391903118208	0.628110593412344	1.43617767037202e-05	0.551591668897696	0.889462235481201	0.628110593412344
Butyricicoccus	2.61535369468612	2.56101188380677	0.340797672517635	0.0213013372853313	0.162088258968484	2.92497980151678e-05	0.517507576786038	0.201543422007366	0.889462235481201	3.99747239540627e-05
Butyricimonas	1.49701779484318	1.48726665732674	0.940024001251406	0.462598082383047	0.705572658371618	4.00103134366797e-37	0.963524601282691	0.800318199558058	0.949135961454365	3.78559119439354e-36
Butyrivibrio	0.82555608447535	0.722334150241498	0.256375035518229	0.0820422771552924	0.692356451740419	1.09293008772604e-15	0.410964572339487	0.420466670420874	0.949135961454365	2.8602212934107e-15
Campylobacter	0.32950304864665	1.47907681779838	8.08916265543226e-20	0.962416066549538	0.454489274883708	8.94168934031496e-06	9.04515460561971e-19	0.988267439368715	0.949135961454365	1.32509372151655e-05
Catenibacterium	0.510249440584843	0.438385731554905	0.568259119158563	0.227974610030817	0.893481682843607	9.00158372756249e-32	0.743573102728758	0.551591668897696	0.986762647559996	6.15108221383437e-31
Cloacibacillus	0.273428371581441	0.239725484371872	0.668117103909719	0.223490170882573	0.676665545143825	1.99208384036459e-40	0.782651464579956	0.551591668897696	0.949135961454365	4.08377187274742e-39
Clostridium_IV	3.04322740362268	2.86377880926285	0.0193364456296917	0.891304778768991	0.91262604273939	2.71378974204995e-11	0.0466349571069035	0.96350745947665	0.986762647559996	5.13532520418684e-11
Clostridium_XI	1.89554320241655	1.66243353856716	0.0558301345791958	0.708791447226278	0.666695225872611	5.06863536021134e-16	0.120042832702102	0.90852293086516	0.949135961454365	1.35530902023042e-15
Clostridium_XIX	0.374162445197977	0.39037360915123	0.885238650213751	0.0289586703423122	0.468282793958379	9.45379833082883e-25	0.937382393063312	0.224643831441274	0.949135961454365	3.7510232086837e-24
Clostridium_XVIII	2.59945237148141	2.55853140265686	0.636346044735003	0.01530286639079	0.024138596413747	8.86659250722747e-11	0.774956074281241	0.156854380505597	0.889462235481201	1.65241042180148e-10
Clostridium_XlVa	3.18176696200234	3.38947018434444	0.0001552485589576	0.651816382210159	0.236617100899721	4.04658661780265e-18	0.000545587792908138	0.90082488777359	0.899784019464909	1.34521663240466e-17
Clostridium_XlVb	2.60144572086798	2.70104089058613	0.21706474298171	0.533012202424985	0.69679479887176	2.82151121044537e-15	0.365739224476033	0.821872210669906	0.949135961454365	7.08256895683225e-15
Clostridium_sensu_stricto	1.40900990633748	1.01423671695212	0.00548038665507038	0.0122761240564583	0.772023514121211	4.69237061377224e-17	0.0164411599652111	0.144498720788192	0.949588922369089	1.40771118413167e-16
Collinsella	2.23505581790905	2.07519167920314	0.261656309131688	0.753260880259488	0.986762647559996	2.11087251566511e-30	0.412611872092277	0.922861444570514	0.986762647559996	1.29818659713404e-29
Coprobacillus	1.30491285074121	1.61882862902154	0.0178763188169196	0.884191652294726	0.475968283383308	1.00150046566828e-16	0.0439757442896221	0.96350745947665	0.949135961454365	2.86475714598137e-16
Coprococcus	2.78904837242676	2.81027295735423	0.83956036776238	0.352111359379742	0.661994414428336	3.8459178828462e-26	0.911719706466752	0.698543503285618	0.949135961454365	1.68945678425029e-25
Corynebacterium	0.103614027669118	0.826396317487795	1.30852653134622e-14	0.694352132141527	0.966296426758249	0.308117906835134	1.23806741042758e-13	0.90852293086516	0.986762647559996	0.313210764799351
Desulfovibrio	0.875048503278932	0.760198493308532	0.385433050195429	0.265043263212046	0.763938700682782	3.96245768379321e-37	0.564384109214735	0.592733115910576	0.949135961454365	3.78559119439354e-36
Dialister	1.41353113373305	2.08995774766722	2.58787373381307e-05	0.00705075828320381	0.6668305168923	3.80535899554407e-19	0.000106102823086336	0.0967903539215636	0.949135961454365	1.30016432347756e-18
Dorea	3.1490425652361	2.90596540761489	3.76232934578556e-05	0.858475594354702	0.0436207076997025	1.59420030700288e-06	0.00014927951920375	0.96350745947665	0.889462235481201	2.5139312533507e-06
Eggerthella	1.59693607089767	1.60253252157459	0.956071479629114	0.000372229157036482	0.66908279816369	3.23890815163525e-13	0.963908131101484	0.0228920931577436	0.949135961454365	7.37751301205808e-13
Enterobacter	0.505797394137351	0.779301246202222	0.0220713728301762	0.323679928692575	0.513645880310952	2.12686357297591e-12	0.0512222426058806	0.65948514533017	0.949135961454365	4.58954771010592e-12
Enterococcus	0.293632974026433	0.383745430619817	0.321616986706112	0.19923927801151	0.581779332642994	1.35113080564664e-27	0.494486117060647	0.544587359898128	0.949135961454365	6.15515144794578e-27
Erysipelotrichaceae_incertae_sedis	2.14304769637542	2.32893144766975	0.0873802202798643	0.233193225875449	0.861040558914203	7.78997002953476e-28	0.176192903187267	0.551591668897696	0.986674408072212	3.68525505243375e-27
Escherichia_Shigella	1.00292601321304	1.82865669204822	1.1663581784282e-08	0.122724391754448	0.964569429254815	4.59736247207585e-13	5.9775856644445e-08	0.527791211772251	0.986762647559996	1.02813742557333e-12
Ethanoligenens	0.947630608220875	0.694689236402639	0.0117034218916609	0.527608976840293	0.694383586062948	9.7973042122031e-17	0.0319893531705397	0.821872210669906	0.949135961454365	2.86475714598137e-16
Eubacterium	0.379333964395374	0.305380927146853	0.310115257959737	0.179588032177075	0.451927424620358	1.91378970949164e-06	0.482837680114527	0.543120398874209	0.949135961454365	2.9424516783434e-06
Faecalibacterium	3.56926910444534	3.63047507830022	0.531665235229946	0.628808127152686	0.731494122158747	5.86937400522885e-37	0.72660915481426	0.895904124031332	0.949135961454365	4.81288668428766e-36
Finegoldia	0.303954790775887	2.07606397918028	7.10755783742215e-44	0.97637270550864	0.653003269284175	0.183945045268474	2.91409871334308e-42	0.988267439368715	0.949135961454365	0.193378124513012
Flavonifractor	2.67285890816768	2.66821362797069	0.948344850664489	0.423273697448447	0.970969699778521	1.04035636833943e-05	0.963908131101484	0.77705469830088	0.986762647559996	1.51435710555158e-05
Fusibacter	1.37931430664565	0.912820079380464	7.09705166698775e-05	0.363459523977459	0.0484301700287477	5.59079640216482e-29	0.000272792923449842	0.707243251765549	0.889462235481201	2.98986068463597e-28
Fusobacterium	0.344286721365976	0.991407279309348	5.23120933761972e-08	0.238236698523446	0.665523108034064	4.47065473119694e-08	2.5737549941089e-07	0.552888941856299	0.949135961454365	7.6373684991281e-08
Gemella	0.697846199179502	0.509131642930761	0.0566055633879832	0.867529515438685	0.759960532667568	0.246493759631344	0.120042832702102	0.96350745947665	0.949135961454365	0.254779264156768
Gemmiger	0.946804297648242	0.878488234535147	0.554745271365104	0.13789940950386	0.59552087064492	2.5792118414798e-40	0.743573102728758	0.527791211772251	0.949135961454365	4.5320436643145e-39
Geobacillus	1.63249010042072	3.11963274647841	9.01417365795189e-35	0.988267439368715	0.357379965197252	0.307240216066241	1.89947793793907e-33	0.988267439368715	0.949135961454365	0.313210764799351
Gordonibacter	1.41584717841134	0.854833669133559	2.88118084548307e-07	0.878727338351982	0.330183275437447	1.08861751783756e-09	1.3630201692093e-06	0.96350745947665	0.949135961454365	1.91285649562886e-09
Granulicatella	0.78356573143023	0.263848922500114	2.5954131947769e-12	0.00153828053924273	0.549933201940164	0.0226832397581904	1.99522389348474e-11	0.0378417012653712	0.949135961454365	0.0263211178326171
Haemophilus	0.544877957167625	0.491413681936608	0.584007437497406	0.0286215965498329	0.269939143382689	5.77259344762194e-10	0.749592266144099	0.224643831441274	0.922292073224188	1.02902752761956e-09
Hallella	0.228443061698606	0.67960957412376	0.000147213490152818	0.474985598111693	0.256036103099771	2.34894602321075e-11	0.000532566449670489	0.800318199558058	0.899784019464909	4.66000582024068e-11
Hespellia	0.269999646669518	0.278923924793221	0.874734537222023	0.804636874856302	0.611863031359647	2.86730565808586e-05	0.935585635463556	0.951637842378126	0.949135961454365	3.96268085330967e-05
Holdemania	1.45478079902802	1.49413133754044	0.651491114107072	0.0292219618134991	0.726311601739706	2.54142507556283e-07	0.782651464579956	0.224643831441274	0.949135961454365	4.22426059857065e-07
Howardella	0.756680717910601	0.774200455668678	0.897708803549319	0.00387427974367094	0.534791691908121	6.86988710855904e-48	0.937382393063312	0.0794227347452542	0.949135961454365	8.44996114352762e-46
Hydrogenoanaerobacterium	0.719239118265495	0.659609491208201	0.489856661054787	0.470301125870103	0.701485603096357	2.66564892209583e-11	0.684686014883396	0.800318199558058	0.949135961454365	5.13532520418684e-11
Klebsiella	0.37822605275111	0.307174570701533	0.482021321086564	0.49708051031564	0.566170285829955	4.11225326379104e-28	0.681478419467211	0.811474793134639	0.949135961454365	2.10752979769291e-27
Lachnobacterium	0.28276457587792	0.290056405684848	0.899277417735535	0.0532359460828989	0.364966820433647	0.0855344590656504	0.937382393063312	0.311810541342693	0.949135961454365	0.0956430769552273
Lachnospiracea_incertae_sedis	4.08702947766611	3.90245566857009	0.000243708677401889	0.861966655365375	0.181601469702312	5.59144019432977e-06	0.000832671314456455	0.96350745947665	0.889462235481201	8.38716029149465e-06
Lactobacillus	0.886391061026317	0.941049974607318	0.613605174915199	0.893006913661285	0.687389833493506	1.06427608212549e-05	0.770137107291526	0.96350745947665	0.949135961454365	1.52216230350506e-05
Lactococcus	1.04318042345203	0.731122236774032	0.00313914042637864	0.603682540357964	0.0120994397064762	0.000179104713834683	0.00965285681111432	0.883963719809875	0.889462235481201	0.000234360423421979
Lactonifactor	0.597621873780033	0.495962372306538	0.1175140400231	0.601715815491124	0.157766669604891	0.000376759047078474	0.229432173378434	0.883963719809875	0.889462235481201	0.000482722529069295
Marvinbryantia	0.430420010152072	0.566711465683256	0.127987201609244	0.0338858409281194	0.508362318786394	7.82354880736797e-12	0.245975403092766	0.23584789591683	0.949135961454365	1.63101102255298e-11
Megamonas	0.239709434277357	0.266919270359303	0.772323027175388	0.909925369980614	0.952380601073922	5.79037839639208e-43	0.863597566750661	0.973224526153179	0.986762647559996	1.42443308551245e-41
Megasphaera	0.339801143610225	0.544483452560411	0.0627115386892953	0.00023817333203403	0.674420332034325	6.08335732224297e-26	0.13073761455565	0.0228920931577436	0.949135961454365	2.5801825883996e-25
Microbacterium	0.286994452785324	0.311129252212639	0.74881227221428	0.243360642490189	0.206664288885065	5.01417502502563e-18	0.852813976688486	0.554321463449875	0.899784019464909	1.62300928441619e-17
Mobiluncus	0.0537545402320958	0.552512054985628	9.5133139788839e-10	0.682103487599904	0.189805573716654	0.14531838515862	5.8506880970136e-09	0.90852293086516	0.889462235481201	0.15679088925009
Mogibacterium	0.713404525281221	0.676445507079059	0.703782107582663	0.396945419155202	0.437065929833588	5.8482672261162e-15	0.809020553576332	0.751142870093689	0.949135961454365	1.38334013233133e-14
Murdochiella	0.123610355586683	1.2574556778185	6.36547436578862e-21	0.859436748460344	0.530335192562281	0.00212358014039209	7.82953346992e-20	0.96350745947665	0.949135961454365	0.00263838744715381
Negativicoccus	0.0132250891106753	0.747456565892413	3.1456872432059e-18	0.753122116788756	0.562272277681191	0.0531020518390991	3.22432942428604e-17	0.922861444570514	0.949135961454365	0.0604773368167517
Odoribacter	2.18792238489839	2.16241872194703	0.845008508432599	0.501399059172623	0.889344744765251	2.79237614818818e-30	0.911719706466752	0.811474793134639	0.986762647559996	1.63553460108165e-29
Oribacterium	0.27262710258808	0.199749195848857	0.172850739550847	0.293934740657667	0.24343367055258	8.1594659443341e-05	0.303723442353631	0.623344363808501	0.899784019464909	0.000110287286939901
Oscillibacter	3.27571377544404	3.29418061972103	0.813345129661863	0.007082221018651	0.719027398967535	1.20737868502211e-16	0.901274332868551	0.0967903539215636	0.949135961454365	3.37517223312999e-16
Parabacteroides	3.36554880716348	3.32384657671515	0.691343587611703	0.716477433283907	0.874370003901391	1.7727659690853e-39	0.802219446002259	0.90852293086516	0.986674408072212	2.72562767746865e-38
Paraprevotella	1.90367557462013	1.78878672105212	0.363394548881347	0.185306167700007	0.755876484295145	3.7934968079509e-31	0.545091823322021	0.543120398874209	0.949135961454365	2.45579003883137e-30
Parasporobacterium	0.190737765944703	0.14001216312108	0.257270504635289	0.040361657327598	0.857891484580623	2.78198812957517e-05	0.410964572339487	0.248224192564727	0.986674408072212	3.88846068111075e-05
Parasutterella	2.15744218638843	2.33707114881838	0.24298342770795	0.712602249722394	0.316365659917194	4.69667407892172e-46	0.398492821441038	0.90852293086516	0.949135961454365	1.9256363723579e-44
Parvimonas	0.152132765938238	0.452727705136334	0.000840539192721212	0.568951238932501	0.47452396655835	0.00281707056801461	0.00279422488391106	0.853426858398752	0.949135961454365	0.00346499679865797
Peptococcus	0.153148634585819	0.615873924120332	2.33608959301814e-09	0.633879479197279	0.332153763019073	1.39782980636158e-06	1.30608645427832e-08	0.895904124031332	0.949135961454365	2.23289696340876e-06
Peptoniphilus	0.568631395803402	2.50402188806498	8.45443470201869e-47	0.697397092291325	0.168225066314727	0.00823671862770662	1.0398954683483e-44	0.90852293086516	0.889462235481201	0.00974150376161456
Peptostreptococcus	0.181724003398196	1.00977281573143	9.88831374820982e-13	0.567917298227421	0.352759999726329	0.000114277951331535	8.10841727353205e-12	0.853426858398752	0.949135961454365	0.000152784652323683
Phascolarctobacterium	2.68100036467649	2.41921404490859	0.0892704371609735	0.000603572071875792	0.832680242861275	6.60516358596107e-38	0.177101028561286	0.0247464549469075	0.985127170829171	7.38577382793828e-37
Porphyromonas	0.453824149673609	1.80036283748481	9.1129704097827e-24	0.797068413219836	0.298834599320907	1.69097275326085e-06	1.40111920050409e-22	0.951637842378126	0.949135961454365	2.63278036267195e-06
Prevotella	1.71698928913587	2.82876434753833	4.80534842232138e-12	0.53455103133002	0.625983999962002	1.28711803282954e-22	3.28365475525294e-11	0.821872210669906	0.949135961454365	4.94735993868855e-22
Propionibacterium	0.162608051128379	0.234757671823931	0.15361197819819	0.288520850079617	0.15323770776997	2.75198009751933e-05	0.277856960564373	0.623344363808501	0.889462235481201	3.88846068111075e-05
Pseudoflavonifractor	2.4342628673894	2.51769324179882	0.197833351189547	0.757796795948145	0.134289618136774	4.57971586584656e-06	0.337965308282143	0.922861444570514	0.889462235481201	6.95438335184108e-06
Ralstonia	0.423587605205783	0.492949468335745	0.400921073687784	0.724369695304425	0.428042281744712	0.000131281971199098	0.580156377218793	0.909157882882085	0.949135961454365	0.000173630994166549
Robinsoniella	0.270094299126277	0.373058146044384	0.136089774598884	0.194752004796998	0.163270274384885	1.04650694286085e-05	0.257523727317889	0.544420377046153	0.889462235481201	1.51435710555158e-05
Roseburia	3.42588105602558	3.15052279716212	1.85598452107491e-05	0.0345143262317312	0.132772581814857	1.79502450575674e-10	7.87193434800739e-05	0.23584789591683	0.889462235481201	3.29534349564297e-10
Rothia	0.426070323811722	0.239351624391278	0.00727243409073728	0.114644046833436	0.801437910460245	3.22799943928661e-09	0.0208025440269927	0.522267324463432	0.976008544421883	5.59216804270779e-09
Ruminococcus	2.64644309804	2.54516462282945	0.500133001396034	0.435588745850269	0.958930982120605	6.54632761801393e-28	0.691195046873171	0.787903172640928	0.986762647559996	3.22079318806285e-27
Salmonella	0.141299193847133	0.388159895295455	0.00133520867833642	0.0397092225247745	0.73598056924399	9.81516818255324e-12	0.00432185966935209	0.248224192564727	0.949135961454365	1.97912407615418e-11
Slackia	0.601062028469662	0.444214444321934	0.147963256815336	0.144201604657564	0.588087449381474	3.88464878325388e-35	0.27163403863114	0.527791211772251	0.949135961454365	2.98632375212642e-34
Solobacterium	0.489977927562299	0.510544458622245	0.824832489199666	0.067925977562479	0.537840664211579	9.29123097985545e-12	0.905842822960348	0.379767965462951	0.949135961454365	1.90470235087037e-11
Sphingomonas	0.14202740717103	0.168117494710516	0.58504762235637	0.327061738740979	0.222136668135983	7.95920440772384e-07	0.749592266144099	0.65948514533017	0.899784019464909	1.28813439756583e-06
Sporobacter	0.521746019577184	0.354425681995151	0.0290447212703403	0.00105818728755227	0.982725967339894	3.21273319236193e-16	0.0649545584773065	0.0325392590922322	0.986762647559996	8.78147072578928e-16
Streptococcus	2.74137175587706	2.79974985522321	0.564640462642855	0.420440654833652	0.862646447173072	2.90326327178136e-12	0.743573102728758	0.77705469830088	0.986674408072212	6.15692038670874e-12
Streptophyta	0.748788974132105	0.249842534835203	3.61150206731197e-09	0.485164085853304	0.872346399262236	0.166014570808363	1.93136849686684e-08	0.806421385945357	0.986674408072212	0.176032691460592
Subdoligranulum	3.00302455571215	2.89336260116207	0.381637601682626	0.231431384138569	0.832953055010031	1.91086247529316e-38	0.564384109214735	0.551591668897696	0.985127170829171	2.35036084461058e-37
Succinispira	0.322483308080982	0.405024087308503	0.472124124430245	0.843368067423603	0.193764783222029	4.49665963228797e-37	0.675247294243258	0.96350745947665	0.889462235481201	3.95063667693872e-36
Sutterella	0.945953370667363	1.03976712007564	0.56697785104372	0.685519597958572	0.64261344367715	1.02001623789199e-38	0.743573102728758	0.90852293086516	0.949135961454365	1.39402219178571e-37
Syntrophococcus	2.24443898795699	2.21193152576572	0.758881580081163	0.1731056855475	0.14402221785747	1.70589805953651e-25	0.856352608715441	0.543120398874209	0.889462235481201	6.99418204409969e-25
TM7_genera_incertae_sedis	0.885444052249704	0.313067725807293	8.25537680589925e-13	0.147340272999262	0.117704081519088	0.0355884887738115	7.25293819375435e-12	0.527791211772251	0.889462235481201	0.0409101319549422
Thermus	0.205794187383381	1.57622136389105	9.26574603872716e-35	0.627073275735386	0.0945763509434184	0.10082431954026	1.89947793793907e-33	0.895904124031332	0.889462235481201	0.110726708066535
Turicibacter	0.826713885882923	0.552482584418187	0.0109238648397451	0.977962373075004	0.0529297361623392	2.97329387628015e-13	0.0305371676201966	0.988267439368715	0.889462235481201	6.90028578834827e-13
Varibaculum	0.00777663164692646	0.466035516251723	3.68521783902671e-12	0.982005406997302	0.142233497619179	0.333377024315499	2.6663634952958e-11	0.988267439368715	0.889462235481201	0.336109622875462
Veillonella	1.35309385495264	1.05690796838837	0.0149359599978876	0.987689043582179	0.250685880680583	1.6379370943076e-22	0.0382733974945869	0.988267439368715	0.899784019464909	6.10503826060106e-22
