Taxa	stoolMeans	swabMeans	Origin p-value	Treatment p-value	Time p-value	Individual p-value	Origin (adj p-value)	Treatment (adj p-value)	Time (adj p-value)	Individual (adj p-value)
Acidaminococcaceae	2.93478984114863	2.71963361255046	0.0969840265768445	5.11495016340968e-05	0.785742515962982	6.55829029217421e-39	0.17724666926113	0.00271092358660713	0.987404253013315	1.15863128495078e-37
Actinomycetaceae	1.33499482789257	1.3202882306782	0.887873441737212	0.39006191348975	0.88296688256655	0.0518459195350505	0.904947931001389	0.750220797949843	0.987404253013315	0.0639031101245972
Aerococcaceae	0.167801012977139	0.323460819124157	0.0111552232704838	0.10154928382977	0.767539222769069	0.403640510753151	0.0281536587302686	0.596408032145246	0.987404253013315	0.411402828267635
Alicyclobacillaceae	0.027017583074743	0.440890179322293	3.85626039560463e-11	0.56116368859052	0.0351095290068358	0.243898032212942	2.55477251208806e-10	0.849762157008502	0.930402518681149	0.258531914145719
Bacillaceae_1	1.85757870964308	3.32922193905222	1.96228066424025e-35	0.866246275134959	0.330640707185246	0.115035006278997	5.20004376023665e-34	0.960522176261173	0.987404253013315	0.135485674061929
Bacillales_Incertae_Sedis_XI	0.69727202967151	0.507438023104731	0.0545231196484525	0.851305709717871	0.731707824682088	0.236852270342297	0.115589013654719	0.960522176261173	0.987404253013315	0.256187149553913
Bacteroidaceae	4.55466687563193	4.50324878215004	0.177081429470397	0.916246546216229	0.451244564120929	7.75840015678949e-13	0.293291117560345	0.960522176261173	0.987404253013315	2.16418530689391e-12
Beijerinckiaceae	0.328530991720688	0.301701961826549	0.672013162885692	0.171105934890711	0.407642498474814	0.000407781959066913	0.742014534019618	0.596408032145246	0.987404253013315	0.000600345661959622
Bifidobacteriaceae	0.447844574870952	0.31401350300921	0.0595705146368359	0.205428193555729	0.847650555856163	1.42235971821879e-08	0.12143220291355	0.596408032145246	0.987404253013315	2.79203944687392e-08
Burkholderiaceae	0.422121096011048	0.49593896149351	0.371183209325335	0.721704988363546	0.482508855828902	0.000111324836609513	0.517702897216914	0.910722961506379	0.987404253013315	0.000178794434554672
Burkholderiales_incertae_sedis	0.693776576622273	0.699660182060832	0.96405056112778	0.131073450692212	0.881996075084461	3.26561899801211e-44	0.96405056112778	0.596408032145246	0.987404253013315	1.73077806894642e-42
Campylobacteraceae	0.327838775227807	1.47821832592699	4.78732907195196e-20	0.914116197199011	0.423320875530339	1.16942849443703e-05	4.2288073468909e-19	0.960522176261173	0.987404253013315	1.93686594391132e-05
Carnobacteriaceae	0.786248270124121	0.317478663004424	3.63740859745841e-10	0.001341465702396	0.498950537931428	0.0157913990524242	2.14202950739218e-09	0.023699227408996	0.987404253013315	0.0204132719458166
Caulobacteraceae	0.150404317953473	0.247646932475127	0.0922985624710351	0.908249297129552	0.657873001744365	4.0864034084297e-09	0.174707993248745	0.960522176261173	0.987404253013315	8.32997617872207e-09
Chloroplast	0.745860980803814	0.248309919134833	2.93851416032384e-09	0.444378102068012	0.832591443450642	0.174098177376496	1.55741250497164e-08	0.750220797949843	0.987404253013315	0.192233404186548
Clostridiaceae_1	1.40853276397825	1.02836616838455	0.00755761495186622	0.0120774616137953	0.837234195551084	1.05766075619726e-16	0.0200276796224455	0.150039557967467	0.987404253013315	4.00400143417534e-16
Clostridiales_Incertae_Sedis_XI	0.877628471897245	2.87840394942084	6.07662338342728e-50	0.924276056402261	0.187734110417669	0.0124040435463454	3.22061039321646e-48	0.960522176261173	0.987404253013315	0.0164353576989076
Clostridiales_Incertae_Sedis_XII	1.39676703702843	0.932564401123621	5.68774427200063e-05	0.4431818829522	0.0591559264054883	4.54316777003354e-27	0.000200966964277356	0.750220797949843	0.987404253013315	3.00984864764722e-26
Clostridiales_Incertae_Sedis_XIII	2.16710164859621	2.06809760191616	0.266242365664239	0.519535908585394	0.376512853335131	3.16169925890491e-10	0.391967927227908	0.809864798677232	0.987404253013315	6.98208586341502e-10
Comamonadaceae	0.193641544350351	0.239891361755983	0.389844189983935	0.403460675642874	0.950851177847232	0.00773180187172477	0.524709720436664	0.750220797949843	0.987404253013315	0.0105073204923439
Coriobacteriaceae	2.94954213709933	2.64286247955428	2.10064862991932e-05	0.902987844766387	0.807036255646433	0.00201460514617641	7.95245552755172e-05	0.960522176261173	0.987404253013315	0.00288578574992837
Corynebacteriaceae	0.104115183018897	0.831130838543784	8.21828487691605e-15	0.625958741763752	0.956771242582387	0.285200899324781	6.22241569252215e-14	0.858391585896112	0.987404253013315	0.296385248317909
Desulfovibrionaceae	1.90300858627631	1.9272357951965	0.845853655479147	0.275386551610928	0.753319763071118	1.26909477534673e-30	0.891072866676358	0.634586401538226	0.987404253013315	1.34524046186754e-29
Enterobacteriaceae	1.41683546099996	2.12115425091832	3.83816045221614e-06	0.667069308399531	0.983631622389346	3.73643884140022e-18	1.69518753306213e-05	0.883866833629379	0.987404253013315	1.52331737380163e-17
Enterococcaceae	0.294397842739263	0.383289056911102	0.329723538805149	0.206975434621595	0.551460090233864	3.60575615859371e-28	0.472306690720889	0.596408032145246	0.987404253013315	2.73007252007809e-27
Erysipelotrichaceae	3.18021656548268	3.21655187723143	0.56550484560571	0.233607253603971	0.158778433120391	2.53700582796823e-07	0.666039040380059	0.605555576478894	0.987404253013315	4.63659685801091e-07
Eubacteriaceae	0.853818977720099	0.542435053683432	0.000284654045300481	0.452963500648962	0.451429187935944	0.000169858888130661	0.000794034968469761	0.750220797949843	0.987404253013315	0.000264780031497796
Flavobacteriaceae	0.358501606728297	0.391368721894189	0.638808209263884	0.315513173335634	0.882628059914633	1.91278381466829e-11	0.725411550015028	0.692639583115437	0.987404253013315	4.4077192251052e-11
Fusobacteriaceae	0.590481631893862	1.1928835746049	1.12546083419474e-05	0.0155691609473521	0.522122133999544	1.71166338997085e-12	4.58841724710164e-05	0.150039557967467	0.987404253013315	4.53590798342274e-12
Hyphomicrobiaceae	0.954930075611927	0.879662017756213	0.511538327322335	0.127526421999508	0.709863681310752	2.00162901188547e-38	0.630500729025204	0.596408032145246	0.987404253013315	2.65215844074824e-37
Incertae_Sedis_XI	0.173985846528646	1.6113239846223	8.53872306969375e-31	0.515857739965635	0.906411532446569	0.017158693339182	1.13138080673442e-29	0.809864798677232	0.987404253013315	0.0216526368327773
Lachnospiraceae	4.5470761489916	4.50315205942532	0.115078456461583	0.0654825933428032	0.0285129962077217	0.161961372481584	0.20330527308213	0.495796778166939	0.930402518681149	0.18263729237285
Lactobacillaceae	0.890817574929131	0.940968817481254	0.643289487749176	0.966167015698261	0.687507352508893	6.81150759793237e-06	0.725411550015028	0.983609853424462	0.987404253013315	1.16454807319489e-05
Microbacteriaceae	0.294200008983406	0.350728897155054	0.464408347048486	0.213806653033201	0.327627300520392	6.37614365247688e-15	0.586039104608803	0.596408032145246	0.987404253013315	1.98785655047809e-14
Micrococcaceae	0.433063538141685	0.323208783902959	0.126721976879254	0.251362692123315	0.923987654975774	1.6087162936377e-08	0.216653702406466	0.605555576478894	0.987404253013315	3.04507012724278e-08
Moraxellaceae	0.0662784891264827	0.980016484841578	1.88804999955211e-23	0.631646638678271	0.371868996075256	0.132857532782915	2.00133299952524e-22	0.858391585896112	0.987404253013315	0.153074983423794
Paenibacillaceae_1	0.0659613607434355	0.34849888255485	3.15099206585917e-06	0.202260301701641	0.078728984204485	0.599406497132117	1.51820526809578e-05	0.596408032145246	0.987404253013315	0.599406497132117
Pasteurellaceae	0.564598593698443	0.546813936275982	0.857447475481024	0.0169856103359397	0.508036380912938	3.05689998606912e-09	0.891072866676358	0.150039557967467	0.987404253013315	6.48062797046654e-09
Peptococcaceae_1	0.413586680973569	0.772773320477326	0.000179977149745434	0.41603974802568	0.657805678629482	4.79365214112229e-23	0.00052993271869489	0.750220797949843	0.987404253013315	2.82292848310535e-22
Peptostreptococcaceae	1.91593359850805	2.00839609947026	0.443373664926743	0.693432739996076	0.987404253013315	3.31877283684219e-15	0.573141566856522	0.896388663897367	0.987404253013315	1.17263306901757e-14
Porphyromonadaceae	3.60614393401609	3.67396813316219	0.396007336178615	0.605469509540079	0.560583974997926	6.22323968916104e-20	0.524709720436664	0.858391585896112	0.987404253013315	2.74859752937946e-19
Prevotellaceae	2.62430023529087	3.11735842977072	9.78752690148627e-05	0.909966307104361	0.572813563556075	3.25337426621321e-29	0.000324211828611733	0.960522176261173	0.987404253013315	2.873813935155e-28
Propionibacteriaceae	0.170884333598144	0.266412125274235	0.0700175779783278	0.0962955262881178	0.369057318041018	0.000309566207426259	0.137441912327829	0.596408032145246	0.987404253013315	0.000468771685531192
Rikenellaceae	3.34708277484383	2.98624914290525	0.000113621335476291	0.156320013229863	0.678084387379881	4.01274868261129e-20	0.00035423122236726	0.596408032145246	0.987404253013315	1.93341527434908e-19
Ruminococcaceae	4.35890293751969	4.31228048048539	0.258421774956338	0.191387949315644	0.43117743737462	2.61224931240917e-12	0.391967927227908	0.596408032145246	0.987404253013315	6.59281969322314e-12
Sphingomonadaceae	0.141826924044232	0.170478702344868	0.551638221607556	0.326716784488414	0.226365495951628	8.38065614297503e-07	0.66447331239092	0.692639583115437	0.987404253013315	1.48058258525892e-06
Streptococcaceae	2.78109128712192	2.81597913822729	0.728482315663333	0.435231303169996	0.861988612389732	5.58831537248641e-12	0.787950259799115	0.750220797949843	0.987404253013315	1.346275976099e-11
Sutterellaceae	2.56071064753926	2.71349399383417	0.261554033061338	0.983609853424462	0.281760565962349	1.59565092304128e-42	0.391967927227908	0.983609853424462	0.987404253013315	4.22847494605939e-41
Synergistaceae	0.541016942243776	0.660132642373163	0.262525862349161	0.149234857927003	0.530803425827844	1.09223589896601e-14	0.391967927227908	0.596408032145246	0.987404253013315	3.21602792473324e-14
Thermaceae	0.203873300450553	1.57340865697461	1.29643222043223e-34	0.618059999388899	0.102191522408173	0.105184374451878	2.29036358943028e-33	0.858391585896112	0.987404253013315	0.126699360135217
Veillonellaceae	2.21654307774508	2.48304773243961	0.0520930503299756	0.000393793770952623	0.73805821747051	1.21771413394297e-21	0.115038819478696	0.0104355349302445	0.987404253013315	6.45388490989775e-21
Verrucomicrobiaceae	1.54333517381616	1.19592466139097	0.0197713268108778	0.240270723155853	0.576659798061341	4.91844561126741e-15	0.047630923680751	0.605555576478894	0.987404253013315	1.62923510873233e-14
Xanthomonadaceae	0.115161047403811	0.207341197668504	0.0447749638517156	0.883838239487135	0.745075762350388	0.00767524599289262	0.103177090614823	0.960522176261173	0.987404253013315	0.0105073204923439
