MDS Axis	% variation explained	Origin adj p-value	Individual adj p-value
MDS1	49.6981563061435	2.85811596154332e-54	1
MDS2	5.08308127904861	0.000150860152461384	0.00246592222261401
MDS3	2.90662729256163	5.32478652497021e-08	0.00549049064986407
MDS4	2.10012542869523	0.0077856965270997	0.0452990912585462
MDS5	1.36605679191128	0.739373244773946	0.118757451719689
MDS6	0.996164526978557	0.999650706612861	1
MDS7	0.969265220637083	0.462216433132711	0.493507338501068
MDS8	0.914163279433793	0.999650706612861	0.00241283256958959
MDS9	0.883678283272502	0.999650706612861	0.124059712865159
MDS10	0.840268229771091	0.999650706612861	0.378514357263518
MDS11	0.804689358610211	0.999650706612861	1
MDS12	0.779927568624376	0.999650706612861	0.125347394937587
MDS13	0.721444480625172	0.999650706612861	0.664789617536043
MDS14	0.6850555372753	0.999650706612861	0.770894473329448
MDS15	0.666935655263292	0.999650706612861	0.543904089767523
MDS16	0.646416874885463	0.999650706612861	0.635093077341798
MDS17	0.620447307542142	0.196578244980227	1
MDS18	0.610683509748639	0.999650706612861	1
MDS19	0.598671984713384	0.999650706612861	0.246002561567648
MDS20	0.593336269645467	0.999650706612861	1
MDS21	0.576653204768321	0.999650706612861	1
MDS22	0.568171451603032	0.999650706612861	0.828455834429046
MDS23	0.547028085034366	0.999650706612861	1
MDS24	0.530062055418746	0.999650706612861	1
MDS25	0.524250187344606	0.999650706612861	1
MDS26	0.505559329520475	0.999650706612861	1
MDS27	0.50052258516704	0.999650706612861	0.650992953692843
MDS28	0.486467725045467	0.999650706612861	1
MDS29	0.480410771009114	0.999650706612861	1
MDS30	0.479359174530722	0.999650706612861	1
MDS31	0.468952027787361	0.999650706612861	1
MDS32	0.465720321072837	0.999650706612861	1
MDS33	0.457827793733739	0.999650706612861	1
MDS34	0.4507108311361	0.999650706612861	1
MDS35	0.448999400228917	0.999650706612861	1
MDS36	0.445582383885582	0.999650706612861	1
MDS37	0.443276414723548	0.999650706612861	1
MDS38	0.437120458619839	0.999650706612861	0.378514357263518
MDS39	0.428889306244234	0.999650706612861	1
MDS40	0.407778239560025	0.999650706612861	1
MDS41	0.388514470505657	0.999650706612861	1
MDS42	0.384081031798005	0.999650706612861	1
MDS43	0.378959986334114	0.999650706612861	0.256866562992778
MDS44	0.3643155840677	0.999650706612861	0.661716025133452
MDS45	0.359022307264025	0.999650706612861	0.250181357367054
MDS46	0.352876988155174	0.999650706612861	0.183637350955788
MDS47	0.33335179764925	0.999650706612861	0.845532543799911
MDS48	0.328019469595219	0.999650706612861	1
MDS49	0.313632036510825	0.999650706612861	0.473512633673575
MDS50	0.308428158888855	0.999650706612861	0.125347394937587
MDS51	0.303848520034993	0.999650706612861	1
MDS52	0.297013206304352	0.999650706612861	0.531969240240927
MDS53	0.289753839774375	0.999650706612861	0.00225596650099041
MDS54	0.274557061664019	0.999650706612861	0.587309158704155
MDS55	0.271883425823939	0.999650706612861	0.273964945463816
MDS56	0.268132954547563	0.999650706612861	0.547233340458835
MDS57	0.255730200214006	0.999650706612861	0.214335107192823
MDS58	0.25216545345624	0.999650706612861	0.000680303209110715
MDS59	0.247565785528659	0.999650706612861	0.115046181627643
MDS60	0.242547350913465	0.999650706612861	0.547233340458835
MDS61	0.239989884677922	0.999650706612861	0.176324977279284
MDS62	0.238006149564907	0.999650706612861	0.0948972960011832
MDS63	0.233202169366346	0.999650706612861	0.435026135000468
MDS64	0.232075261378926	0.999650706612861	0.547233340458835
MDS65	0.223258407074795	0.999650706612861	0.473512633673575
MDS66	0.222219368742523	0.999650706612861	0.195612509031987
MDS67	0.219511688299905	0.999650706612861	0.00241283256958959
MDS68	0.2176884785305	0.999650706612861	0.00246592222261401
MDS69	0.213537317785252	0.999650706612861	0.473512633673575
MDS70	0.210278193152316	0.999650706612861	0.0021054972163864
MDS71	0.208010018238579	0.999650706612861	0.00492572010145358
MDS72	0.201617175642962	0.999650706612861	0.0803211645847948
MDS73	0.200006688420186	0.999650706612861	0.031015249408209
MDS74	0.198401857139545	0.999650706612861	0.00142303993253382
MDS75	0.194657481799422	0.999650706612861	0.547233340458835
MDS76	0.194130021985435	0.999650706612861	0.0948972960011832
MDS77	0.190431302935788	0.999650706612861	0.650992953692843
MDS78	0.18764818288076	0.999650706612861	0.0954959185639554
MDS79	0.186649313739159	0.999650706612861	0.635093077341798
MDS80	0.185452719585198	0.999650706612861	0.0346114305101068
MDS81	0.182276374496088	0.999650706612861	0.0653595235696009
MDS82	0.180423805211212	0.999650706612861	0.547233340458835
MDS83	0.175467854054459	0.999650706612861	0.124059712865159
MDS84	0.174899498515805	0.999650706612861	0.0948972960011832
MDS85	0.171863273119946	0.999650706612861	0.464461252556639
MDS86	0.1700169750355	0.999650706612861	0.100552039295587
MDS87	0.16951317853799	0.999650706612861	0.594368626092826
MDS88	0.167466134567417	0.999650706612861	0.493507338501068
MDS89	0.164937561522217	0.999650706612861	1
MDS90	0.163140318262256	0.999650706612861	1
MDS91	0.159152332688397	0.999650706612861	0.100552039295587
MDS92	0.15822953359654	0.999650706612861	0.00941563771645934
MDS93	0.157283239108941	0.999650706612861	0.338007493384836
MDS94	0.15422134575516	0.999650706612861	0.493507338501068
MDS95	0.150161496932391	0.999650706612861	0.170146345608744
MDS96	0.14950023249751	0.999650706612861	1
MDS97	0.148788919886876	0.999650706612861	0.100400962016562
MDS98	0.146306909001189	0.999650706612861	0.828455834429046
MDS99	0.145225141567828	0.999650706612861	0.828455834429046
MDS100	0.143447117631418	0.999650706612861	0.768523338246138
MDS101	0.142009825849062	0.999650706612861	0.84966683187453
MDS102	0.138917964174896	0.999650706612861	0.828455834429046
MDS103	0.136536992721499	0.999650706612861	1
MDS104	0.135243959583142	0.999650706612861	0.211803195206084
MDS105	0.133703135041481	0.999650706612861	0.877694247459671
MDS106	0.131754451877994	0.999650706612861	0.926232998565323
MDS107	0.128638265044309	0.999650706612861	0.588350178683192
MDS108	0.126822534603477	0.999650706612861	0.84966683187453
MDS109	0.125507949393547	0.999650706612861	1
MDS110	0.123645835032316	0.999650706612861	0.650992953692843
MDS111	0.121686292783365	0.999650706612861	0.886316205325942
MDS112	0.121484948632052	0.999650706612861	0.926232998565323
MDS113	0.118354629916163	0.999650706612861	0.828455834429046
MDS114	0.115224523193319	0.999650706612861	1
MDS115	0.114794676302902	0.999650706612861	0.828455834429046
MDS116	0.113871668284697	0.999650706612861	0.370210126529651
MDS117	0.110503389853289	0.999650706612861	1
MDS118	0.109027104257187	0.999650706612861	1
MDS119	0.107941921695111	0.999650706612861	1
MDS120	0.107890439719776	0.999650706612861	0.926232998565323
MDS121	0.104423006225982	0.999650706612861	1
MDS122	0.103576617098683	0.999650706612861	1
MDS123	0.10325994299902	0.999650706612861	0.828455834429046
MDS124	0.100235810559662	0.999650706612861	0.926232998565323
MDS125	0.098090083950661	0.999650706612861	1
MDS126	0.0974433831265513	0.999650706612861	1
MDS127	0.0954382573322078	0.999650706612861	1
MDS128	0.0915155335014114	0.999650706612861	0.828455834429046
MDS129	0.0878110165225864	0.999650706612861	1
MDS130	0.0866328963717983	0.999650706612861	1
MDS131	0.0839857118512157	0.999650706612861	1
MDS132	0.0825557769290233	0.999650706612861	1
MDS133	0.0809340172179429	0.999650706612861	1
MDS134	0.0790226708965408	0.999650706612861	1
MDS135	0.077106084968335	0.999650706612861	1
MDS136	0.0722563793313166	0.999650706612861	1
MDS137	0.0699475067016079	0.999650706612861	1
MDS138	0.0675992499454993	0.999650706612861	1
MDS139	0.0598407444464667	0.999650706612861	1
MDS140	0.0582189665246931	0.999650706612861	1
MDS141	0.0545163517584419	0.999650706612861	1
