Taxa	FT00104	FT00109	FT00114	FT00128	FT00149	FT00174	FT00177	FT00182	FT00189	FT00202	FT00220	FT00231	FT00303	FT00311	FT00385	FT00400	ST00001	ST00003	ST00005	ST00006	ST00008	ST00009	ST00015	ST00016	ST00017	ST00018	ST00019	ST00021	ST00023	ST00026	ST00027	ST00028	ST00030	ST00031	ST00035	ST00039	ST00040	ST00041	ST00042	ST00044	ST00045	ST00046	ST00047	ST00050	ST00051	ST00053	ST00054	ST00056	ST00057	ST00059	ST00060	ST00062	ST00063	ST00064	ST00065	ST00067	ST00070	ST00075	ST00077	ST00078	ST00081	ST00082	ST00083	ST00084	ST00085	ST00088	ST00091	ST00092	ST00094	ST00100	ST00101	ST00112	ST00123	ST00132	ST00142	ST00143	ST00146	ST00162	ST00176	ST00184	ST00190	ST00203	ST00205	ST00207	ST00208	ST00219	ST00223	ST00226	ST00227	ST00234	ST00242	ST00259	ST00263	ST00266	ST00278	ST00281	ST00305	ST00338	ST00348	ST00379	ST00382	ST00383	ST00384	ST00386	ST00387	ST00395	ST00411	ST00412	ST00415	ST00420	ST00422	ST00425	ST00465	ST00480	ST00541	SW00001	SW00003	SW00004	SW00006	SW00007	SW00018	SW00021	SW00027	SW00028	SW00032	SW00035	SW00041	SW00106	SW00109	SW00115	SW00116	SW00127	SW00148	SW00172	SW00176	SW00183	SW00197	SW00213	SW00224	SW00295	SW00303	SW00378	SW00395
Eubacteriaceae	0	1	1	3	0	0	26	2	3	1	0	2	30	9	0	1	1483	534	2491	2961	666	2382	79	2509	622	4829	430	3536	2627	1340	236	614	66	701	400	3836	454	2154	1357	1057	63	2	2157	600	3176	8584	54	419	363	162	655	3695	7366	965	2213	411	1075	5158	813	4086	874	750	727	9884	2568	808	4718	1931	5671	2368	269	5721	586	1207	44	632	430	633	444	888	1150	414	790	200	1166	15838	137	756	334	983	1042	58	561	137	193	3880	305	46	418	968	1009	401	42	6619	919	842	1647	6381	7413	618	4371	1759	1899	1119	229	422	605	1563	94	1433	1972	25	856	2	309	251	98	717	193	583	121	3588	654	27	37	4433	18	765	970	22894	424	769	17
Desulfohalobiaceae	0	0	0	0	0	0	0	0	0	0	0	0	0	0	0	0	0	0	0	0	0	0	0	0	0	0	0	0	0	0	0	0	0	0	0	0	0	0	0	1	0	0	0	0	0	0	0	0	0	0	0	0	1	0	1	0	0	0	0	0	0	0	0	0	0	0	1	0	0	0	0	0	1	0	0	0	0	0	0	0	1	1	0	0	0	0	0	0	0	0	2	0	0	0	1	0	0	0	0	0	3	0	0	0	0	2	0	2	1	0	0	0	0	0	0	0	0	0	0	0	0	0	0	0	0	0	0	0	0	1	0	0	1	0	0	0	0	0	0	0	0	0	0
Spirochaetaceae	6	2	2	2	1	1	1	3	1	1	1	2	1	6	0	2	2	1	4	5	5	2	3	2	21	12	0	3	6	22	5	1	25	2	0	1	16	3	11	2	5	0	27	0	6	1	3	5	14	5	5	13	7	5	6	3	22	18	10	9	1	23	3	27	10	30	9	2	32	6	7	19	4	2	2	5	1	12	14	5	28	65	22	3	20	14	7	3	10	11	44	2	56	2	5	22	7	2	10	9	15	4	4	12	6	42	7	11	5	8	2	5	1	8	16	6	2	3	0	31	6	1	6	0	10	2	2	19	17	16	5	6	12	3	6	13	6	11	11	21	1	3	4
Rubrobacteraceae	0	0	0	0	0	0	0	0	0	0	0	0	0	0	0	0	0	0	1	1	0	2	0	0	1	1	0	0	0	0	0	1	0	0	0	0	1	0	0	0	0	0	0	0	0	0	0	0	0	0	0	0	0	0	0	0	1	0	0	0	0	0	0	0	0	0	0	1	1	0	1	0	1	0	0	0	0	0	1	0	0	4	2	0	1	1	0	0	0	1	0	0	1	0	1	0	0	0	2	0	0	0	0	0	2	1	2	0	0	0	2	0	0	0	2	0	0	0	0	0	0	0	0	0	0	0	0	2	5	0	0	0	0	0	0	0	1	0	3	0	1	0	0
Beijerinckiaceae	0	0	1	0	0	2	1	0	2	0	0	0	0	0	1	0	0	0	0	0	0	0	0	0	0	0	0	1	1	0	0	0	0	0	0	0	0	0	1	0	0	0	1	0	0	0	0	0	1	0	1	1	0	0	0	0	0	0	0	0	0	0	0	1	0	0	2	0	3	0	0	1	0	1	0	0	0	0	0	0	0	1	0	0	0	0	0	0	0	0	0	0	0	1	1	0	0	0	1	0	0	0	0	0	0	1	0	0	0	0	0	0	0	0	0	0	1	1	0	0	0	0	0	0	0	0	2	0	0	0	0	0	0	0	0	0	0	2	2	0	0	0	0
Comamonadaceae	2	3	4	2	1	1	2	2	3	2	1	2	3	3	2	7	1	4	1	4	4	0	1	2	5	12	0	5	5	3	1	2	4	3	0	5	12	2	7	4	1	0	6	0	6	1	3	1	5	0	3	5	6	4	4	1	7	8	7	5	0	5	0	12	3	6	3	3	16	6	6	10	1	5	2	5	5	11	8	1	20	30	1	1	26	6	1	9	0	7	38	4	34	5	12	11	5	0	10	1	12	0	3	19	9	15	8	5	4	2	4	0	1	0	23	1	4	2	0	4	0	0	3	0	3	0	4	7	13	15	2	3	16	2	3	8	5	11	9	7	6	2	10
Cyclobacteriaceae	0	0	0	0	0	0	0	0	0	0	0	0	0	0	0	0	0	1	0	1	0	0	0	1	0	0	0	0	0	3	3	0	0	0	0	0	0	0	0	1	0	0	0	0	1	0	0	0	0	0	0	1	0	0	0	0	0	2	0	0	0	0	1	0	1	0	1	0	0	1	0	2	0	0	0	0	0	1	1	0	7	1	2	0	1	0	0	0	0	1	0	0	0	0	1	1	0	0	0	0	2	0	0	1	0	1	0	0	0	0	0	1	1	0	0	0	0	0	0	1	0	0	0	0	1	0	0	0	1	6	0	0	0	0	0	0	0	0	0	0	0	0	0
Bifidobacteriaceae	2	1	0	0	0	1	2	0	0	1	1	0	0	1	0	1	159	388	637	33	39	124	27	6	495	73	25	667	1143	39	131	81	14	303	16	121	24	43	1696	32	19	0	51	52	70	83	959	8	31	9	8	188	31	16	47	11	27	96	16	591	324	837	11	2453	826	3083	38	146	92	175	24	100	31	321	6	329	90	20	22233	17	50	374	79	91	41	146	23	770	48	30	94	2	432	988	3007	164	23	4	46	350	52	28	16	1189	591	63	40	308	49	28	94	22	155	135	33	18	141	18	4	307	16	4	118	5	92	12	206	39	50	628	475	28	42	1	10	73	647	23	45	143	24	13	5
Xanthomonadaceae	0	1	0	0	0	0	0	0	1	1	2	0	3	3	0	1	0	5	3	1	2	1	0	0	5	2	0	2	4	3	0	0	1	0	0	0	2	0	4	5	0	0	7	0	1	1	1	1	6	1	1	4	3	1	1	0	3	3	3	2	1	4	1	7	1	5	1	3	4	1	1	3	1	5	0	3	2	4	4	0	13	23	5	0	19	9	0	1	0	6	15	0	26	0	5	6	2	0	9	1	8	0	0	10	5	14	3	0	11	1	6	2	1	0	17	0	3	0	0	5	0	0	2	0	1	1	1	1	3	8	0	3	8	0	1	8	2	5	3	2	2	3	1
Colwelliaceae	0	0	0	0	0	0	0	0	0	0	0	0	0	0	0	0	0	0	0	0	0	0	0	0	0	0	0	0	0	0	0	0	0	0	0	0	0	1	0	0	0	0	0	0	0	0	0	0	0	0	0	0	0	0	0	0	0	0	0	0	0	0	0	0	0	0	0	0	0	0	1	0	1	0	0	0	0	0	0	0	0	0	1	0	0	0	0	0	0	0	0	0	0	0	0	0	0	0	0	0	0	0	0	0	0	0	0	0	0	0	0	0	0	0	0	0	0	0	0	1	0	0	0	0	0	0	0	0	0	0	0	0	0	0	0	3	0	0	0	0	0	0	0
Syntrophobacteraceae	0	0	0	0	0	0	0	0	0	0	0	0	0	0	0	0	0	3	1	0	0	0	0	0	0	2	0	0	1	1	0	0	0	0	0	0	0	0	0	0	0	0	0	0	0	0	0	0	0	0	0	0	1	0	0	0	0	0	0	2	1	0	0	1	0	0	0	0	0	0	0	0	0	0	0	0	0	0	0	0	2	0	1	0	3	0	0	0	0	2	4	0	1	0	0	1	0	0	0	0	0	0	0	1	0	2	0	0	0	0	0	0	0	0	1	0	0	0	0	0	1	0	0	0	0	0	0	0	3	2	0	0	2	0	0	0	1	2	2	0	0	0	0
Prevotellaceae	0	2	0	1	0	3	85	3	0	2	0	0	1	1	0	0	13	11	4	34	524	92	22	82	3	59	269	12	34	51	2	533	170	564	2	17	10	117	8	37	91	0	81	358	31	27	7	36	7	36	67	18	48	58	353	9	79	25	101	62	84	47	46	64	92	45	145	48	191	19	161	348	927	67	42	99	171	53	76	78	1321	138	325	10	118	629	182	44	38	26	795	6	82	28	127	340	282	11	192	25	44	1	6	14	60	66	31	21	16	9	12	64	41	32	14	29	13	12	1	17	20	47	921	0	4	86	120	509	90	1456	435	157	2398	3	186	240	435	32	209	22	70	11	8
Desulfarculaceae	0	1	0	0	0	1	1	0	0	1	0	0	0	0	0	0	0	2	0	0	1	0	0	0	1	0	0	0	1	2	0	0	2	0	0	0	3	1	1	0	0	0	2	0	0	0	0	0	2	1	0	0	0	0	0	0	1	0	2	1	0	1	1	3	0	3	2	1	4	2	2	1	1	1	2	1	1	1	3	0	13	6	1	0	10	0	0	2	0	2	8	0	1	0	9	1	1	1	3	0	0	0	0	0	1	1	1	1	0	0	0	0	0	2	4	0	0	0	0	0	0	0	0	0	0	0	0	0	4	4	0	1	5	0	0	3	0	2	2	0	0	0	0
Planctomycetaceae	0	0	0	0	0	0	0	0	0	0	1	0	0	0	0	0	1	0	0	2	0	1	0	1	1	7	0	0	1	2	0	0	9	0	0	0	2	2	1	0	2	0	5	0	3	0	0	2	2	0	0	4	6	0	0	0	3	4	2	2	1	1	1	4	2	5	1	1	1	2	3	2	1	3	1	0	1	1	4	1	6	28	4	0	8	1	2	1	2	3	7	0	19	0	8	2	12	1	15	0	1	0	0	3	4	6	1	1	2	0	1	1	1	0	3	0	0	2	0	3	0	0	2	0	1	0	0	0	2	3	0	4	1	1	1	1	2	1	7	3	0	1	0
Lactobacillaceae	0	0	0	0	0	0	3	0	0	0	0	0	0	0	1	0	2	1	36	9	5	7	2	3	9	5	1	2	47	34	5	44	5	402	0	19	13	3	6	0	0	0	21	38	2	6	1	10	17	1	8	11	6	4	35	2	12	29	6	9	2	5	3	327	6	9	7	8	52	10	3	21	17	5	2	17	4	10	49	17	61	59	21	4	16	19	3	10	1	12	14	0	86	13	29	14	3	0	8	5	10	0	6	14	9	11	5	11	19	5	4	2	3	66	4	1	1	4	1	7	5	1	23	8	1	2	102	6	15	12	19	7	15	2	2	9	6	8	6	18	1	1	2
Micrococcaceae	0	0	0	0	0	0	1	0	0	0	0	0	0	0	0	0	1	5	15	3	1	0	2	0	1	7	0	2	0	2	1	8	2	0	0	78	12	0	9	0	0	0	8	0	2	1	1	0	4	3	2	5	3	1	17	1	7	39	3	6	2	1	0	50	3	6	3	27	10	5	1	2	42	2	4	4	18	4	35	0	49	17	8	6	19	2	2	4	4	7	105	0	14	3	29	3	3	1	11	1	11	0	0	3	4	15	6	4	1	2	3	0	4	1	5	0	1	0	0	3	1	0	30	0	0	2	1	3	7	12	22	1	60	0	1	4	3	4	4	2	0	4	2
Alcaligenaceae	0	0	0	0	0	0	1	0	0	0	0	0	0	0	0	0	0	2	1	4	2	1	0	0	4	2	0	2	2	1	0	0	7	1	0	0	5	3	2	1	4	0	1	0	3	0	3	1	3	2	1	2	2	2	1	0	3	4	4	2	0	6	0	3	1	7	2	3	6	5	1	4	1	3	2	0	1	0	4	3	16	12	3	2	17	5	0	2	2	3	15	0	4	1	12	8	5	1	8	1	0	0	0	2	4	14	1	0	1	1	2	1	0	0	7	0	1	1	0	2	0	0	0	0	1	1	0	3	8	7	0	0	8	1	0	7	1	6	9	2	0	0	0
Staphylococcaceae	0	0	0	0	0	0	0	0	0	0	0	0	0	0	0	0	0	0	1	1	3	0	0	0	2	1	1	0	0	3	4	0	0	0	0	4	3	1	0	0	0	0	1	0	5	1	1	1	3	0	3	1	1	1	3	0	0	1	0	0	1	0	3	1	2	14	1	0	3	1	2	1	3	0	0	3	2	1	3	1	6	3	2	2	0	3	0	0	1	3	7	0	4	0	6	3	0	0	0	0	1	0	2	15	0	3	1	1	3	0	0	1	0	7	0	0	2	2	0	2	0	0	0	1	2	0	0	0	2	0	2	0	6	0	1	0	1	1	1	3	0	1	0
Chlamydiaceae	0	0	0	0	0	0	0	0	0	0	0	0	0	0	0	0	0	0	0	1	0	0	0	0	0	0	0	0	1	0	0	0	0	0	0	0	0	0	0	0	0	0	0	0	0	0	0	0	0	0	0	0	0	0	0	0	1	0	0	0	0	0	0	0	0	0	0	0	0	0	0	0	0	0	0	0	0	1	0	0	0	0	0	0	1	0	0	0	0	0	2	0	0	0	0	0	0	0	0	0	0	0	0	0	0	0	0	0	0	0	0	0	0	0	0	0	0	0	1	0	0	0	0	0	0	0	0	0	0	1	0	0	0	0	0	0	0	0	0	0	0	0	0
Simkaniaceae	0	0	0	0	0	0	0	0	0	0	0	0	0	0	0	0	0	0	0	0	0	0	0	0	0	0	0	0	0	0	2	0	0	0	0	0	0	0	0	0	0	0	0	0	0	0	0	1	0	0	2	0	0	0	1	0	0	0	0	0	0	0	0	0	0	0	0	0	1	0	0	0	0	0	0	0	0	0	0	0	0	0	0	0	1	0	0	0	0	0	0	0	0	0	0	0	0	0	0	0	0	0	0	0	0	2	0	0	0	0	0	0	0	0	0	0	0	0	0	0	0	0	0	0	0	0	0	0	0	0	0	0	0	0	0	0	0	0	0	0	0	0	0
Anaeromyxobacteraceae	0	0	0	0	0	0	0	0	0	0	0	0	0	0	0	0	0	3	0	1	0	0	0	0	3	2	0	0	5	1	0	0	0	0	0	1	4	0	1	0	0	0	1	1	1	0	1	0	3	0	0	1	3	1	1	0	2	7	1	0	0	0	0	1	1	7	2	1	2	1	1	1	3	0	0	0	1	2	0	0	5	17	2	0	4	1	0	2	1	2	16	0	8	2	6	3	4	1	7	0	2	0	1	2	4	11	3	0	0	1	0	0	1	0	2	0	2	0	1	0	1	0	0	0	0	0	0	3	2	6	1	2	4	0	2	2	0	0	3	0	0	2	0
Herpetosiphonaceae	0	0	0	0	0	0	0	0	0	0	0	0	0	0	0	0	0	0	0	0	0	0	0	0	0	0	0	0	0	0	0	0	0	0	0	0	0	0	0	0	0	0	0	0	0	0	0	0	0	0	0	0	0	0	0	0	0	0	0	0	0	0	0	0	0	0	0	0	0	0	0	0	1	0	0	0	0	1	1	0	1	0	2	0	0	0	0	0	0	0	0	0	0	0	0	0	0	0	0	0	0	0	0	0	0	0	0	0	0	0	0	0	0	0	0	0	0	0	0	0	0	0	0	0	0	1	0	0	0	0	0	0	0	0	0	0	0	0	0	0	0	0	0
Pelobacteraceae	0	0	0	0	0	0	0	0	0	0	0	0	0	0	0	0	1	1	0	1	0	1	0	0	0	0	0	0	0	1	1	0	2	1	0	0	3	0	0	1	2	0	0	1	0	0	0	0	1	0	0	1	0	1	3	0	0	2	0	0	0	0	0	4	1	1	0	0	1	0	3	1	0	0	0	2	2	0	1	0	7	14	1	0	3	6	0	1	1	2	7	0	22	2	2	4	4	0	2	0	3	0	0	11	0	3	2	0	1	0	2	0	0	0	3	0	1	0	0	0	1	0	1	0	2	0	0	5	5	4	0	1	4	0	0	2	0	0	5	1	0	1	0
Tsukamurellaceae	0	0	0	0	0	0	0	0	0	0	0	0	0	0	0	0	0	0	0	0	0	1	0	0	0	0	0	0	0	0	0	0	0	0	0	0	0	0	1	0	0	0	0	0	0	0	0	0	1	0	0	0	0	0	0	0	0	0	2	0	0	2	0	0	0	0	0	0	0	0	0	0	0	0	0	0	0	0	5	0	0	0	0	0	0	0	0	0	0	1	0	0	0	0	0	0	0	0	1	0	0	0	0	1	0	0	0	0	0	0	0	0	0	0	0	0	0	0	0	0	0	0	0	0	0	0	0	0	0	0	0	0	0	0	0	0	0	0	0	0	0	0	0
Coxiellaceae	0	0	0	0	0	0	0	0	0	0	0	0	0	0	0	0	0	0	0	0	2	0	0	0	0	0	0	0	0	0	0	0	0	0	0	0	0	0	0	0	0	0	0	0	0	0	0	0	0	0	0	0	0	0	0	0	0	0	0	0	0	0	0	0	0	0	0	0	0	0	0	0	0	0	0	0	0	0	0	0	0	0	0	0	0	0	0	0	0	0	0	0	0	0	0	0	0	0	0	0	0	0	0	2	0	0	0	0	0	0	0	0	0	0	0	0	0	0	0	0	0	1	0	0	0	0	0	1	0	0	0	0	0	0	0	0	0	0	0	0	0	0	0
Piscirickettsiaceae	0	0	0	0	0	0	0	0	0	0	0	0	0	0	0	0	0	1	1	0	0	0	0	0	0	0	0	0	1	0	0	1	0	0	0	0	0	0	0	0	0	0	0	1	0	0	0	0	1	0	0	1	0	0	0	0	0	0	0	0	0	0	0	1	0	0	0	1	0	2	0	4	0	0	1	0	0	1	1	0	4	9	0	0	0	6	0	0	1	0	8	0	4	0	0	7	0	0	0	1	0	0	0	0	0	0	0	0	4	0	3	0	0	0	0	0	0	0	0	0	0	0	1	0	0	0	0	0	0	1	0	0	2	0	1	4	0	0	0	1	0	0	0
Kofleriaceae	0	0	0	0	0	1	0	0	0	0	0	0	0	0	0	0	0	1	0	0	0	0	0	0	0	1	0	2	1	1	0	0	0	0	0	0	0	1	1	0	0	0	1	1	0	0	0	0	0	0	0	0	0	0	0	0	1	2	0	2	2	2	0	1	0	0	0	0	0	0	0	0	3	0	0	0	2	0	9	0	4	6	0	0	1	0	1	0	0	1	5	0	10	0	3	0	3	1	8	2	0	0	0	2	1	11	1	0	0	0	0	0	0	0	5	0	0	0	0	2	0	0	0	0	0	0	0	2	2	0	0	1	1	0	0	1	0	1	4	0	0	1	2
Glycomycetaceae	0	0	0	0	0	0	0	0	0	0	0	0	0	0	0	0	0	0	0	0	0	0	0	0	0	0	0	0	0	0	0	0	0	0	0	0	0	0	0	0	0	0	0	0	0	0	0	0	2	0	0	0	0	0	0	0	0	0	0	0	0	0	0	2	0	1	1	0	0	0	1	0	0	0	0	1	0	0	0	0	0	5	0	0	0	0	0	1	0	1	3	0	5	1	0	0	1	0	1	0	0	0	0	0	1	1	0	0	0	0	0	0	0	0	1	0	0	0	0	0	0	0	0	0	0	0	0	0	2	2	0	0	0	0	0	2	0	2	0	0	0	0	1
Nocardiopsaceae	0	0	0	0	0	0	0	0	0	0	0	0	0	0	0	0	0	1	0	0	0	0	0	0	0	0	0	0	2	1	1	0	1	0	0	0	3	1	1	0	0	0	3	0	0	0	0	0	0	0	0	2	0	0	0	0	2	1	0	1	0	0	0	2	1	2	0	0	1	3	0	0	0	0	0	3	0	1	3	0	1	14	0	0	4	0	0	3	0	0	4	0	4	0	2	1	0	1	1	0	0	0	0	1	1	3	1	0	0	0	0	0	0	0	2	0	1	0	0	0	0	0	0	0	0	0	0	0	3	1	0	0	2	0	0	0	0	4	1	0	0	0	1
Catenulisporaceae	0	0	0	0	0	0	0	0	0	0	0	0	0	0	0	0	0	0	0	0	2	0	0	0	1	1	0	2	0	0	0	0	0	0	0	0	3	0	0	0	0	0	1	0	0	0	0	0	1	0	0	0	0	0	1	0	0	1	1	0	1	0	0	1	0	0	0	0	1	0	0	1	0	1	0	0	0	0	0	0	4	1	0	0	3	0	0	0	0	0	3	1	2	0	2	0	0	0	1	0	0	0	0	2	2	5	0	0	0	0	2	0	1	0	1	0	1	0	0	0	0	0	0	0	0	0	0	2	0	0	0	0	1	1	0	2	0	0	0	1	0	1	0
Chromobacteriaceae	0	1	0	1	0	1	0	0	0	0	0	0	0	0	1	0	2	0	0	0	0	0	1	0	1	1	0	0	1	1	0	1	2	0	0	0	3	1	0	1	0	0	0	0	0	0	0	0	0	1	0	1	0	1	1	0	0	0	4	1	1	0	0	4	0	2	1	0	2	1	0	4	0	2	0	0	0	1	2	0	7	1	1	2	0	4	0	1	0	1	5	1	6	2	1	4	2	0	3	1	1	0	1	6	0	8	0	0	0	1	0	0	3	1	3	1	1	0	0	0	1	0	2	0	2	0	0	3	2	2	0	1	6	0	0	2	0	1	1	2	0	2	0
Rhodobacteraceae	0	0	0	0	0	0	0	0	0	0	0	0	0	0	0	0	0	2	0	2	2	1	0	2	1	7	1	3	1	5	5	1	1	2	1	2	1	1	2	1	1	0	4	2	3	2	3	0	4	2	1	2	6	1	1	0	6	9	3	4	0	1	3	7	2	6	3	0	14	1	1	14	3	1	4	3	0	3	4	0	11	17	2	0	18	8	3	2	3	3	23	0	19	2	13	9	17	2	21	3	3	1	1	6	0	15	2	0	14	3	5	1	2	0	11	0	2	1	1	6	1	1	2	0	1	0	0	9	7	9	0	1	20	0	1	8	2	6	11	8	1	6	0
Vibrionaceae	0	0	1	0	0	0	1	0	0	0	0	0	1	0	0	0	0	1	0	2	0	2	2	2	3	3	0	0	1	4	2	0	0	1	1	8	1	0	0	3	9	0	2	0	1	2	0	4	2	2	4	0	4	3	0	4	7	1	4	5	3	4	2	2	5	3	0	4	3	4	2	7	1	3	1	0	3	2	3	1	4	9	4	3	2	3	2	0	1	4	3	0	6	2	8	8	4	0	7	1	0	0	1	2	3	7	3	0	2	0	1	1	1	2	2	2	2	2	0	5	1	0	2	0	0	0	2	4	3	4	0	5	4	0	6	5	1	0	5	1	0	0	1
Geodermatophilaceae	0	0	0	0	0	0	1	0	0	0	0	0	0	0	0	0	0	1	0	0	0	0	0	0	0	4	0	0	1	0	0	0	0	0	0	1	1	0	3	0	0	0	0	0	0	0	1	0	1	0	0	0	0	0	0	0	0	0	1	0	0	0	0	1	1	0	1	0	4	0	1	0	0	1	0	1	1	0	2	0	1	0	0	0	1	0	0	1	0	1	2	0	3	0	3	0	0	1	3	0	0	0	0	3	0	0	1	0	0	0	1	0	1	0	0	0	0	0	0	3	0	0	0	0	0	0	0	1	1	0	0	0	0	0	0	0	0	1	2	0	0	1	0
Nocardiaceae	0	0	0	0	0	0	0	0	0	0	0	0	0	0	0	0	0	1	0	0	1	0	0	2	2	1	0	3	2	3	0	0	0	2	0	2	2	0	4	0	0	0	2	1	1	3	2	0	0	0	0	0	1	0	0	0	0	6	0	5	0	2	0	3	1	11	1	1	4	1	0	2	2	2	1	3	2	3	19	0	5	13	0	0	2	5	0	1	1	1	9	0	12	0	7	4	6	0	7	1	3	0	0	10	2	14	0	0	0	0	1	0	1	0	5	0	2	0	0	3	0	0	0	0	0	0	0	4	1	3	2	0	8	0	2	0	3	0	2	0	0	1	1
Rhodospirillaceae	0	0	0	0	0	0	0	0	0	0	1	0	0	1	0	0	1	4	5	1	5	0	0	0	8	7	0	4	4	2	1	2	2	1	0	2	7	2	3	0	0	0	7	0	1	2	1	1	5	0	1	2	3	0	2	0	5	6	2	7	4	1	3	10	2	12	3	3	10	5	6	11	1	1	1	3	5	9	4	0	13	42	4	0	28	3	2	3	2	4	10	0	23	1	8	5	14	4	16	3	3	0	0	10	4	14	3	1	10	0	8	2	4	3	17	0	2	1	1	3	2	0	1	0	3	0	0	6	10	8	0	1	8	1	3	4	0	7	10	4	1	4	1
Bacillaceae	23	8	13	29	4	9	17	15	26	5	4	18	7	16	11	15	2	6	60	2	2	11	11	7	55	102	2	16	52	105	11	8	39	7	11	14	21	12	71	31	20	0	44	5	14	11	208	14	60	8	15	18	16	7	15	1304	21	148	56	31	36	24	2	51	34	157	24	75	73	14	55	16	61	28	25	12	53	50	47	5	30	56	48	47	35	28	13	14	12	31	44	264	42	9	36	23	12	28	46	68	20	338	738	313	11	33	20	8	13	1138	14	6	13	30	516	136	209	367	65	319	143	854	13	517	819	1577	191	202	109	111	88	85	118	114	989	153	361	114	108	75	489	79	853
Veillonellaceae	0	0	0	0	0	0	2	0	1	0	0	0	0	0	0	0	15	6	67	6	8	7	0	5	7	31	3	15	68	9	5	622	21	47	16	1000	10	15	15	3	1	0	11	24	9	25	2	7	7	5	2	55	6	13	95	0	99	396	4	29	10	15	3	26	14	13	4	159	21	70	5	20	31	5	2	13	20	4	247	5	31	57	60	11	25	24	13	17	7	13	109	6	54	6	139	11	20	1	28	42	18	1	2	94	18	13	13	7	108	3	20	14	11	25	9	2	6	1	3	10	5	0	451	0	2	22	5	12	10	12	77	9	125	0	3	6	16	11	18	68	26	2	2
Sanguibacteraceae	0	0	0	0	0	0	0	0	0	0	0	0	0	0	0	0	0	0	0	0	0	0	0	0	0	0	0	0	0	0	0	0	0	0	0	0	0	0	0	0	0	0	0	0	0	0	0	0	0	0	0	0	0	0	0	0	0	0	0	0	0	0	0	1	0	0	0	0	1	0	0	0	0	1	0	0	1	0	2	0	2	1	0	0	0	0	0	0	0	0	0	0	1	0	0	0	0	0	0	0	0	0	0	2	0	0	0	0	0	0	0	0	0	0	0	0	0	0	0	0	0	0	0	0	0	0	0	0	1	0	0	0	0	0	2	0	1	0	0	1	0	0	0
Coriobacteriaceae	1	1	0	1	0	3	6	0	1	1	3	2	0	6	1	0	52	75	117	65	11	399	16	76	405	342	11	239	318	239	124	47	184	39	11	116	723	72	289	47	50	0	2249	19	171	24	502	55	815	29	210	47	302	60	188	15	100	432	615	282	51	215	88	1151	133	702	733	592	1562	58	607	460	49	1187	84	204	75	387	401	164	362	216	391	61	962	607	480	97	421	2693	401	104	447	483	1233	1740	411	80	1553	39	221	11	98	2563	453	1219	367	112	192	211	129	86	229	77	507	89	23	36	8	92	147	10	77	1	14	8	14	551	89	93	41	46	150	13	10	256	108	184	812	277	163	54	23
Erysipelotrichaceae	0	0	1	1	0	1	6	0	0	0	1	0	0	2	0	0	17	46	26	21	6	31	7	30	51	153	1	43	75	224	34	14	30	14	1	22	141	16	63	6	9	0	186	33	21	33	20	121	141	22	115	64	77	28	35	6	61	102	51	47	25	67	23	190	66	111	63	39	383	75	183	161	25	33	55	17	7	62	57	16	132	88	373	51	184	95	109	23	36	116	116	12	118	53	46	190	70	15	96	22	36	3	15	658	43	118	195	77	65	28	37	23	42	35	88	2	34	20	1	141	32	3	35	0	17	6	13	79	71	55	12	24	88	4	12	152	6	97	142	161	13	41	3
Pseudomonadaceae	3	1	5	1	0	2	6	3	3	3	4	5	2	3	2	1	7	19	8	5	11	2	2	4	11	12	0	5	2	12	4	2	3	7	0	6	10	7	10	5	4	0	7	3	12	2	1	5	15	5	2	14	5	4	3	2	3	15	8	10	4	5	1	14	8	26	3	8	35	10	8	17	5	8	6	8	6	15	28	1	29	25	9	3	23	26	8	14	5	8	34	3	27	8	25	35	14	4	26	33	2	5	3	19	6	44	6	0	3	2	6	4	2	10	34	4	6	1	1	17	4	7	5	2	10	6	8	8	11	20	2	8	28	1	12	22	8	13	26	6	3	4	6
Carnobacteriaceae	0	0	0	0	0	0	0	0	0	0	0	0	0	0	0	0	0	0	0	0	0	0	0	0	0	1	0	0	0	1	1	0	0	1	0	0	1	0	0	0	0	0	0	0	0	0	0	0	0	0	0	1	0	0	0	1	3	2	0	0	0	0	0	1	0	0	0	0	0	0	0	1	0	1	0	0	0	0	0	0	1	0	0	0	0	1	0	0	0	0	0	0	0	0	0	0	0	0	2	0	0	0	1	1	0	0	0	0	0	0	1	0	0	2	2	0	0	0	0	2	0	0	1	0	0	0	1	0	0	0	0	1	0	0	0	0	0	1	0	2	0	0	0
Hydrogenophilaceae	0	0	0	0	0	0	0	0	0	0	0	0	0	0	0	0	0	0	0	2	0	0	0	0	0	3	0	0	1	0	0	0	0	0	0	3	0	0	2	5	3	0	0	0	0	0	0	0	0	2	0	0	1	0	0	0	2	0	0	1	4	0	1	0	0	0	2	0	1	1	0	0	0	0	0	0	0	0	0	1	1	0	0	0	0	2	0	0	0	0	3	0	2	1	0	4	1	0	2	0	1	0	0	1	1	0	0	1	0	0	0	0	0	0	1	0	0	0	0	0	0	0	1	0	0	0	0	0	0	0	0	3	2	0	1	3	0	0	1	0	0	0	0
Fibrobacteraceae	0	0	0	0	0	0	0	0	0	0	0	0	0	0	0	0	0	0	0	0	0	0	0	1	0	0	0	0	0	1	0	0	0	0	0	4	1	0	0	0	0	0	0	0	0	0	0	0	1	0	0	2	0	0	0	0	1	1	0	0	0	0	0	1	0	1	0	0	1	0	0	2	0	0	0	0	0	0	3	0	1	2	1	0	5	4	0	0	0	2	2	0	2	0	3	1	1	0	1	0	1	0	0	0	0	1	1	0	0	0	0	0	0	0	0	0	0	0	0	1	0	0	0	0	0	0	0	1	0	1	0	0	2	0	0	0	0	0	2	1	0	1	0
Streptosporangiaceae	0	0	0	0	0	0	0	0	0	0	0	0	0	0	0	0	0	1	0	0	0	0	0	0	0	0	0	0	0	0	0	0	0	0	0	0	0	0	4	0	0	0	0	0	0	0	0	0	1	0	0	0	0	0	0	0	0	0	0	0	0	0	0	0	0	1	0	0	0	1	0	1	0	0	0	0	1	0	0	0	0	5	0	0	0	0	0	0	0	1	5	0	2	0	0	2	2	1	5	0	1	0	0	1	1	0	0	0	0	0	0	0	0	0	0	0	0	0	0	1	0	0	0	0	0	0	0	2	0	1	0	0	0	0	0	0	0	1	2	0	0	1	0
Legionellaceae	0	0	0	0	0	0	0	0	0	0	0	0	0	0	0	0	0	0	0	0	0	0	0	0	0	0	0	0	0	0	1	0	0	0	0	0	0	0	0	0	0	0	0	0	0	0	0	0	0	0	0	0	0	1	0	0	0	0	0	0	0	0	0	0	0	0	0	0	0	0	0	0	0	0	0	0	0	0	0	0	2	0	0	0	0	0	0	0	0	0	0	0	0	0	0	0	0	0	0	0	0	0	0	0	0	1	0	0	0	0	0	0	0	0	0	0	0	0	0	0	0	0	0	0	0	0	0	0	0	0	0	0	0	0	0	0	0	0	0	0	0	0	0
Geobacteraceae	0	0	0	0	0	0	1	0	1	0	0	0	0	0	0	1	5	1	1	5	3	1	0	2	6	10	0	1	2	2	0	0	6	2	0	6	4	3	8	2	0	0	9	0	1	0	4	0	3	4	3	4	1	2	1	2	2	12	3	5	4	2	3	12	0	9	1	3	13	3	4	9	2	4	4	2	1	5	10	2	25	26	10	0	13	14	3	6	2	9	32	0	32	6	8	13	5	1	23	2	3	1	0	12	7	36	7	4	2	0	2	0	4	0	17	0	1	1	0	6	1	0	0	0	1	4	0	8	10	7	1	2	9	1	1	8	3	4	10	4	0	1	1
Phycisphaeraceae	0	0	0	0	0	0	0	0	0	0	0	0	0	0	0	0	0	2	0	0	0	1	0	0	1	0	0	0	0	0	0	0	0	0	0	0	1	0	0	0	0	0	0	0	1	1	0	1	0	0	0	0	1	1	0	0	0	0	0	0	0	1	0	1	0	4	2	2	1	1	0	0	0	0	0	0	1	1	0	0	3	6	0	0	13	0	0	0	0	0	4	0	7	0	1	0	1	0	1	1	3	0	0	0	0	6	0	1	0	0	0	0	0	0	3	0	0	0	0	1	0	0	0	0	0	0	0	2	0	0	0	0	1	0	0	0	0	0	2	1	0	2	0
Pseudonocardiaceae	0	0	0	0	0	0	1	0	0	0	0	0	0	0	0	0	1	2	0	2	0	2	0	1	3	1	0	0	2	3	2	1	0	0	0	0	0	1	1	0	0	0	0	0	0	0	0	0	0	1	0	1	2	0	0	0	1	2	0	1	0	1	0	5	0	9	1	0	3	2	1	3	1	1	0	2	3	3	7	0	1	18	1	0	11	2	2	2	0	3	10	0	11	1	7	1	4	0	4	0	0	0	0	7	2	7	0	1	1	0	1	0	1	2	6	0	2	0	0	0	1	0	1	0	0	0	0	4	4	1	0	0	5	0	1	0	0	0	5	1	0	5	0
Kineosporiaceae	0	0	0	0	0	0	0	0	0	0	0	0	0	0	0	0	0	0	0	0	0	0	0	0	1	0	0	0	0	0	0	0	0	0	0	0	2	0	0	0	0	0	0	0	0	0	0	0	0	0	0	1	0	0	0	0	0	1	0	0	0	0	0	1	0	2	0	0	0	0	0	1	1	0	0	0	0	0	0	0	1	0	0	0	0	0	0	0	0	1	1	0	1	0	0	0	0	0	0	0	0	0	0	4	0	1	0	0	0	0	0	0	0	0	0	0	0	0	0	0	0	0	0	0	0	0	0	1	0	0	0	0	3	0	0	0	0	0	0	0	0	0	0
Waddliaceae	0	0	0	0	0	0	0	0	0	0	0	0	0	0	0	0	1	0	0	0	0	0	0	0	0	0	0	0	0	0	0	0	0	0	0	0	0	0	0	0	0	0	0	0	0	0	0	0	0	0	0	0	0	1	0	0	0	0	0	0	0	0	0	0	0	0	0	0	0	0	0	0	0	0	0	1	0	0	0	0	0	0	0	1	1	0	0	1	0	0	0	0	0	0	0	0	0	0	0	0	0	0	0	0	0	3	0	0	0	0	0	0	0	0	0	0	0	0	0	0	1	0	0	0	0	0	0	0	0	0	0	0	0	0	0	0	0	0	0	0	0	0	0
Streptococcaceae	3	0	0	0	0	2	26	0	0	0	1	0	1	6	2	1	26	11	391	33	9	55	50	19	275	615	5	54	293	166	229	387	155	314	16	6456	129	35	448	19	33	0	6834	108	28	107	88	142	136	145	37	73	48	462	625	107	1234	5663	66	557	19	266	41	1877	59	156	1996	1903	85	47	39	40	2178	116	17	160	497	803	3542	31	1024	57	383	125	123	77	48	81	44	187	223	74	77	31	87	111	25	7	72	50	99	20	24	453	33	50	529	135	126	159	16	60	40	83	86	186	36	131	17	746	779	58	765	555	62	720	97	214	104	670	262	827	533	123	130	97	306	33	577	113	275	20	54
Anaerolineaceae	0	0	0	0	0	0	0	0	0	0	0	0	0	0	0	0	0	0	0	0	0	0	0	0	0	0	0	0	0	0	0	0	0	0	0	0	0	0	0	0	0	0	1	0	1	0	0	1	0	0	0	0	1	0	0	0	0	0	0	0	1	0	0	0	0	0	0	0	0	1	0	1	0	1	0	0	0	0	5	0	0	0	0	0	0	0	0	0	0	0	2	0	0	0	4	0	0	0	0	0	1	0	0	0	0	0	0	0	0	0	0	0	0	0	1	0	0	0	0	0	1	0	1	0	0	0	0	0	0	0	0	0	2	0	0	0	0	0	0	0	0	0	0
Dermacoccaceae	0	0	0	0	0	0	0	0	0	0	0	0	0	0	0	0	0	0	0	0	0	0	0	0	1	0	0	0	0	1	0	0	0	0	0	0	0	0	0	0	0	0	0	0	0	0	0	0	0	0	0	0	0	0	0	0	0	1	1	0	0	0	0	0	0	0	0	1	0	0	0	0	1	0	0	0	2	0	0	0	0	0	0	0	1	0	0	1	0	0	1	0	0	0	0	1	0	2	1	1	0	0	0	2	0	5	1	0	0	0	0	0	0	0	0	0	0	0	0	0	0	0	2	0	0	0	0	0	1	0	0	0	0	0	0	0	0	0	0	0	0	0	0
Mycobacteriaceae	0	0	0	0	1	3	1	1	0	1	0	0	2	0	1	1	3	4	3	5	1	6	2	1	6	5	2	2	6	13	2	1	5	1	1	2	7	2	8	0	1	0	10	1	1	0	4	5	1	3	2	4	9	4	4	3	3	8	6	3	5	4	3	7	5	8	1	5	6	3	8	8	6	7	2	4	4	3	18	2	8	19	4	3	10	3	1	4	8	4	19	4	15	3	6	6	5	4	9	2	10	8	5	6	1	15	5	1	1	5	0	4	1	1	9	3	1	0	3	10	1	3	1	4	5	3	2	7	8	10	2	1	3	1	1	4	3	2	4	2	1	2	0
Rickettsiaceae	0	0	0	2	1	0	1	1	0	0	1	0	0	0	1	0	1	0	1	2	1	0	2	1	0	2	1	0	0	1	1	1	4	0	0	0	1	0	2	1	1	0	0	0	1	0	0	0	1	0	0	1	1	0	0	4	2	1	1	0	1	0	0	1	1	1	0	2	2	0	1	1	2	2	1	2	0	3	0	1	2	3	0	1	0	0	0	1	9	0	2	2	0	2	0	0	0	0	0	1	0	0	0	0	2	0	1	0	0	1	0	0	0	1	0	1	1	1	1	4	3	4	0	1	1	1	3	1	0	0	0	0	0	0	1	0	0	0	0	0	0	0	0
Leptotrichiaceae	0	0	0	0	0	0	0	0	0	0	0	0	0	0	0	0	0	2	2	0	0	0	0	1	1	0	0	0	0	1	3	0	2	8	1	0	0	0	1	0	1	0	1	8	3	1	1	2	1	0	0	1	0	0	0	2	2	1	1	0	0	0	0	2	1	0	0	0	2	1	0	1	0	0	1	2	0	0	0	0	3	1	0	0	6	5	0	1	0	0	1	0	2	0	1	3	1	0	1	0	0	0	2	1	1	1	2	0	0	0	0	0	1	1	1	0	0	0	0	0	0	1	1	0	2	0	1	0	1	0	0	0	1	0	0	3	0	2	1	0	1	0	0
Syntrophomonadaceae	0	0	0	0	0	0	0	0	0	0	0	0	0	0	0	0	0	0	0	0	0	0	0	0	0	0	0	0	1	0	1	0	0	4	0	0	1	0	0	0	0	0	0	0	0	0	0	0	0	0	0	0	0	0	0	0	0	0	0	1	0	1	0	0	0	0	1	0	1	0	0	0	0	0	0	1	0	0	0	0	3	1	0	1	0	0	0	1	0	1	3	0	0	0	0	0	0	0	0	0	0	0	0	0	0	3	2	1	0	1	1	0	0	0	0	0	0	0	0	0	0	0	0	0	0	0	2	0	0	1	1	0	1	0	0	0	1	0	1	0	0	0	0
Trueperaceae	0	0	0	0	0	0	0	0	0	0	0	0	0	0	0	0	0	0	0	1	0	0	0	0	1	1	0	0	0	0	0	0	0	0	0	0	0	0	0	0	0	0	0	0	0	0	0	0	2	1	0	0	2	0	0	0	1	0	1	1	0	0	1	1	1	6	0	0	0	1	1	1	0	2	0	0	1	0	0	0	1	5	0	0	4	0	0	0	0	2	3	0	3	0	2	0	1	0	1	0	3	0	0	0	0	1	0	0	0	0	0	0	0	0	0	0	0	0	0	1	1	0	0	0	0	0	0	0	0	0	0	0	0	0	0	1	0	0	3	0	0	0	0
Natranaerobiaceae	0	0	0	0	0	0	0	0	0	0	0	0	0	1	0	0	0	0	0	0	0	0	0	0	0	0	0	0	0	0	0	1	0	0	0	0	0	0	0	0	0	0	0	1	0	0	0	0	0	0	0	1	0	0	0	1	0	0	0	0	0	0	0	0	0	0	0	0	0	0	0	0	0	0	0	0	0	0	0	0	0	0	0	0	0	0	0	0	0	0	0	0	0	0	0	1	0	0	0	0	0	0	0	0	0	0	0	0	0	0	0	0	0	0	0	0	0	0	0	0	0	0	0	0	0	0	0	0	0	0	0	0	0	0	0	0	0	0	0	0	0	0	0
Methylophilaceae	0	0	0	0	0	0	0	0	0	0	0	0	0	0	0	0	1	0	0	0	1	0	0	0	0	2	0	0	0	1	1	3	1	0	0	1	0	1	0	0	3	0	2	0	0	0	0	0	1	0	0	0	2	1	2	0	0	0	0	0	0	0	0	0	0	0	2	3	2	1	0	1	0	0	0	0	0	1	3	0	3	5	1	0	2	2	1	0	2	0	3	1	5	4	1	2	4	0	0	3	0	0	0	2	0	2	3	0	0	0	1	0	0	1	0	0	0	0	0	1	1	0	0	0	0	0	0	1	6	0	0	0	7	0	2	2	0	1	1	1	1	0	1
Amoebophilaceae	0	0	0	0	0	0	0	0	0	0	0	0	0	0	0	0	0	0	0	0	0	0	0	0	0	0	0	0	0	0	0	0	0	0	0	0	0	0	0	0	0	0	0	0	0	0	0	0	0	0	0	0	0	0	0	0	0	0	0	0	0	0	0	1	0	0	0	0	1	0	0	5	0	0	0	0	0	0	0	0	1	0	0	0	2	0	0	0	0	0	0	0	0	0	0	0	0	0	0	0	0	0	0	0	0	0	0	0	0	0	0	0	0	0	0	0	0	0	0	0	0	0	0	0	0	0	0	0	0	2	0	0	0	0	0	0	0	0	0	0	0	0	0
Desulfurellaceae	0	0	0	0	0	0	0	0	0	0	0	0	0	0	0	0	0	0	0	0	0	0	0	0	0	0	0	0	0	0	0	1	0	0	0	0	0	0	0	0	0	0	0	0	0	1	0	0	0	0	0	0	0	0	0	0	0	0	0	0	0	0	0	0	0	0	0	0	0	0	0	1	0	0	1	0	0	0	0	0	0	1	0	1	7	0	0	0	0	0	0	0	0	0	0	0	0	1	0	0	0	0	0	0	0	0	0	0	3	0	0	0	0	0	6	0	0	0	0	0	0	0	0	0	0	1	0	0	0	0	0	0	0	0	0	0	0	3	0	2	1	0	0
Desulfovibrionaceae	6	4	8	3	2	5	9	2	2	5	7	6	11	5	3	8	5	34	8	14	14	16	3	7	24	23	5	5	15	26	20	1	39	4	3	15	49	18	14	4	6	0	10	2	36	4	14	12	43	15	12	14	14	28	4	7	31	28	38	12	25	13	3	15	16	48	8	27	51	18	15	25	23	13	27	11	18	12	58	3	151	75	13	3	47	22	4	7	19	20	333	6	52	13	164	31	93	5	125	9	25	6	9	20	33	96	22	6	6	6	10	10	14	8	46	3	8	7	5	50	9	7	1	1	8	4	5	49	42	61	8	10	117	4	5	28	8	18	45	5	1	11	10
Desulfobulbaceae	0	0	0	1	0	0	0	0	0	0	0	0	0	0	0	0	0	1	0	0	1	0	0	0	2	1	0	1	1	0	0	0	5	1	0	1	1	0	0	0	0	0	4	0	4	0	0	0	2	1	2	1	2	0	0	0	1	0	2	1	4	2	2	1	5	1	2	0	2	4	2	1	0	0	2	0	1	1	5	0	12	9	1	2	7	5	1	1	2	2	7	1	17	1	11	3	8	0	7	1	2	0	2	5	1	3	0	0	3	0	1	0	2	0	0	0	0	0	0	2	0	0	0	0	1	0	0	3	1	3	0	0	2	1	0	2	0	3	4	1	0	1	0
Leptospiraceae	0	1	1	0	0	1	1	0	0	0	0	0	0	1	0	0	0	0	0	0	0	0	0	0	0	0	0	0	0	0	0	0	0	0	0	0	0	0	0	0	0	0	0	0	0	0	0	0	1	0	0	0	0	1	0	0	0	0	0	0	0	0	0	0	0	0	0	0	0	0	0	0	0	0	0	0	0	1	0	0	0	0	0	0	0	0	0	0	0	0	2	0	1	0	0	0	0	0	2	0	0	1	0	0	0	0	0	0	0	0	0	0	0	0	0	0	0	0	0	2	0	0	0	0	0	0	0	2	1	0	1	0	0	1	0	0	0	0	0	0	0	1	0
Hydrogenothermaceae	0	0	0	0	0	0	0	0	0	0	0	0	0	0	0	0	1	1	0	0	0	2	0	3	0	0	0	0	0	1	0	0	0	1	0	0	0	0	0	0	0	0	0	0	0	1	0	0	0	0	0	1	6	0	0	0	0	0	0	0	0	0	0	0	0	0	0	0	1	0	0	2	0	0	1	1	0	0	0	0	0	2	3	0	1	2	1	0	0	0	1	0	0	0	0	3	0	0	0	1	0	0	0	0	0	0	0	0	0	0	0	0	0	0	0	0	0	0	0	2	0	0	0	0	0	0	0	0	0	0	0	2	0	0	0	1	0	0	0	0	0	0	0
Nocardioidaceae	0	0	0	0	0	0	0	0	0	0	0	0	0	0	0	0	0	0	0	0	0	1	0	0	0	0	0	0	0	0	0	1	0	0	0	0	0	0	0	0	0	0	1	0	0	0	0	0	0	0	1	0	0	1	0	0	0	2	0	0	0	0	0	1	0	1	0	0	2	0	1	1	1	0	0	1	0	1	0	0	1	1	0	0	2	0	1	0	0	0	3	0	3	1	1	0	0	0	2	0	0	0	0	0	0	2	1	0	1	0	1	0	0	2	0	0	0	0	0	3	0	0	0	0	0	0	0	0	1	1	0	0	2	0	0	0	0	2	5	0	0	0	0
Francisellaceae	0	0	0	0	0	0	0	0	0	0	0	0	0	0	0	0	0	1	0	0	0	0	0	0	0	0	0	0	0	0	0	0	0	0	0	0	0	0	0	0	1	0	0	0	0	1	0	1	2	0	0	0	0	0	0	0	0	0	1	0	0	0	0	1	0	0	1	1	0	0	0	1	1	0	1	0	0	0	0	0	0	0	0	0	0	0	0	0	0	0	1	1	0	0	1	0	0	0	0	0	0	0	0	0	0	0	0	0	1	0	1	0	0	0	0	0	1	0	0	1	0	0	0	0	0	0	0	1	0	0	0	0	0	0	0	0	0	0	1	0	0	0	0
Jonesiaceae	0	0	0	0	0	0	0	0	0	0	0	0	0	0	0	0	0	0	0	0	0	0	0	0	0	0	0	0	0	1	2	0	0	0	0	0	1	0	0	0	0	0	0	0	0	0	0	0	1	0	0	0	0	0	0	0	0	0	0	0	0	0	0	0	0	0	0	0	0	0	0	0	0	0	0	0	0	0	0	0	0	0	0	0	0	0	0	0	0	1	1	0	0	0	0	0	0	0	1	0	0	0	0	2	1	1	0	0	0	0	0	0	0	0	1	0	0	0	0	0	0	0	0	0	0	0	0	0	0	0	0	0	0	0	0	0	0	0	0	0	0	0	0
Oscillospiraceae	0	0	1	1	0	0	2	0	0	0	0	0	0	0	0	0	24	41	29	8	53	24	4	9	49	38	1	14	31	37	27	5	32	9	0	12	75	17	35	20	4	0	48	5	46	8	6	15	52	8	30	57	53	18	14	8	26	31	45	38	30	40	10	92	24	102	38	29	102	40	29	59	36	21	14	28	34	32	50	8	191	283	54	23	141	36	34	29	18	45	418	11	271	41	80	66	64	13	153	11	54	1	18	20	30	226	62	19	13	13	24	21	10	13	109	4	20	10	0	85	19	2	10	0	28	7	3	109	115	113	3	7	113	7	9	75	4	72	149	29	15	33	19
Verrucomicrobiaceae	0	5	1	2	0	0	117	3	1	3	0	1	2	1	0	0	0	1454	2	1	221	2	8	3	406	1628	14	2007	40	74	1365	58	35	3	7	9	5	4	635	3	46	0	10	0	1465	3	124605	15	5	3	2288	868	16	4	1113	72	947	20	8855	370	352	119	264	1023	321	59	1	1	10	457	16733	10	2	55	2	137	689	75	7	1	7967	23729	55	56	2488	4	1	104	4	314	43258	6	12444	823	3	2	154	205	443	26	18881	5	8007	747	140	13	18	6025	31	4	13	79	18	295	474	1	721	3	1	138	126	1	4542	0	864	298	0	13	2625	3020	0	1	4934	8	518	2	3	6	8	9	29	1	2
Synergistaceae	0	0	0	0	0	0	1	0	0	0	0	0	0	0	0	0	1	3	0	4	1	0	0	1	5	3	0	0	3	7	0	1	1	0	0	1	5	5	3	0	1	0	1	0	3	2	0	3	4	1	2	0	4	2	2	0	1	4	0	7	2	0	1	6	1	5	0	1	7	0	3	3	2	2	1	1	1	4	10	0	16	8	1	1	9	1	1	1	0	11	23	0	9	3	4	6	7	0	10	1	1	0	0	2	1	14	1	0	2	1	0	0	2	2	8	0	1	0	0	1	0	1	1	0	0	0	0	5	8	6	0	0	11	0	2	5	2	1	7	2	0	1	0
Clostridiales_Family_XVII._Incertae_Sedis	0	0	0	0	0	0	1	0	0	0	0	0	0	0	0	0	1	1	0	0	0	0	0	0	1	0	0	0	0	1	2	0	3	0	0	0	0	2	2	0	0	0	3	0	0	0	1	0	1	0	1	1	0	1	0	0	0	4	2	0	0	0	1	3	2	3	0	1	2	1	1	2	2	0	0	0	1	3	4	0	4	2	2	0	3	3	3	2	0	1	3	0	3	1	2	2	1	1	6	0	1	0	0	4	1	14	0	0	0	1	1	0	1	1	3	0	0	0	0	1	1	0	1	0	0	0	0	3	3	3	1	1	2	1	0	0	0	0	1	0	0	0	1
Pasteurellaceae	3	1	3	2	0	2	3	1	0	3	1	2	3	6	3	2	1	2	46	4	13	6	1	1	6	34	2	4	27	3	0	90	6	9	168	3253	1	187	10	2	1	0	3	36	3	36	1	13	3	1	2	10	2	58	47	5	3	3	5	52	10	8	1	33	16	39	16	255	6	6	2	10	1179	12	10	3	61	5	14	1	18	14	9	0	5	47	1	4	11	3	33	2	16	3	14	11	0	2	2	5	42	0	3	3	4	9	23	0	68	20	5	7	10	34	4	5	1	3	3	7	8	1	39	1	5	28	4	3	9	8	5	7	10	1	6	4	1	5	6	5	191	0	3
Idiomarinaceae	0	0	0	0	0	0	0	0	0	0	0	0	0	0	0	0	0	0	0	0	0	0	0	0	0	0	0	1	0	0	0	0	0	0	0	0	0	0	0	0	0	0	0	0	0	0	0	0	0	0	0	0	0	0	0	0	0	0	0	0	0	0	1	0	0	0	0	0	0	0	0	0	0	0	0	0	0	0	0	0	0	0	0	0	0	0	0	0	0	0	0	0	0	0	0	0	0	0	0	0	0	0	0	0	0	0	0	0	0	0	0	0	0	0	0	0	0	0	0	0	0	0	0	0	0	0	0	0	0	0	0	0	0	0	0	0	0	0	0	0	0	0	0
Cytophagaceae	0	0	1	0	0	0	1	0	0	1	1	1	2	2	1	2	2	6	3	6	4	3	4	9	1	8	0	0	9	9	0	3	18	2	1	5	8	5	1	3	15	0	5	1	4	1	1	3	5	2	4	1	5	1	1	1	9	5	5	3	3	6	3	3	4	9	10	4	15	2	6	8	4	0	7	3	1	2	9	2	12	23	8	3	25	10	4	3	7	4	22	0	20	2	32	21	26	3	18	4	5	1	0	1	8	13	6	5	3	1	3	11	5	8	7	1	0	2	1	4	1	0	2	1	0	1	1	15	5	5	0	3	21	0	1	8	0	12	31	2	1	3	0
Caldisericaceae	0	0	0	0	0	0	0	0	0	0	0	0	0	0	0	0	0	0	0	0	0	0	0	0	0	0	0	0	0	0	0	0	0	0	0	0	0	0	0	0	0	0	0	0	0	0	0	0	0	0	0	0	0	0	0	0	0	0	0	0	0	0	0	0	0	0	0	0	1	0	0	0	0	0	0	0	0	0	0	0	0	0	0	0	0	0	0	0	0	0	0	0	0	3	0	0	0	0	0	0	0	0	0	0	0	1	0	0	0	0	0	0	0	0	0	0	0	0	0	0	0	0	0	0	0	0	0	0	0	0	0	0	0	0	0	0	0	0	0	1	0	0	0
Oceanospirillaceae	0	0	0	0	0	0	0	0	0	0	1	0	1	1	0	0	0	0	0	0	0	0	0	1	0	0	0	0	0	0	0	0	1	0	0	0	0	0	0	0	0	0	0	0	0	0	0	0	0	0	0	0	0	0	0	0	0	0	0	0	0	0	0	1	0	0	0	0	0	0	0	0	0	0	0	0	0	0	1	0	3	0	0	0	0	0	0	0	0	0	0	0	0	0	2	0	0	0	0	0	0	0	0	0	0	0	0	0	0	0	0	0	0	0	1	0	0	0	0	0	0	0	0	0	0	0	0	0	2	0	1	0	4	0	4	0	3	0	1	0	0	0	0
Clostridiaceae	0	0	0	0	0	1	4	1	0	0	0	0	0	1	0	0	24	24	27	22	7	21	21	17	37	30	1	13	38	94	35	11	17	21	2	15	57	26	37	20	35	0	48	9	42	34	9	31	49	6	17	99	37	25	22	7	45	38	23	45	16	21	19	87	26	50	60	14	37	37	27	47	50	29	16	19	21	24	29	15	78	51	94	106	86	52	19	24	26	50	77	1	77	38	25	70	32	10	92	11	30	6	6	324	22	42	53	45	81	11	9	24	34	151	27	7	15	6	2	47	10	2	20	2	15	2	7	46	45	40	11	25	42	3	16	61	17	33	72	67	6	9	4
Desulfobacteraceae	0	0	0	0	0	0	2	0	0	0	0	0	0	0	0	0	0	1	0	1	1	0	1	1	3	7	0	0	1	0	0	0	1	0	0	0	2	2	1	1	1	0	3	0	2	1	2	1	2	0	1	2	3	2	1	0	0	4	0	1	1	0	0	2	0	2	6	1	4	1	1	1	1	2	0	0	2	9	4	1	8	24	1	0	4	4	2	1	0	7	15	0	18	4	4	3	3	0	7	0	0	0	0	1	3	9	0	6	0	1	0	0	1	0	3	0	0	1	0	0	1	0	2	0	1	0	2	1	3	3	0	0	2	0	0	4	1	2	4	3	0	2	0
Gallionellaceae	0	0	0	0	0	0	0	0	0	0	0	0	0	0	0	0	0	1	0	0	0	0	0	0	0	0	0	1	1	0	0	0	3	0	0	0	0	1	0	0	2	0	0	0	2	0	0	0	0	0	0	1	0	0	0	0	0	0	0	1	0	0	2	0	0	2	2	0	0	2	0	0	0	2	0	0	0	1	1	0	3	2	1	0	1	1	3	0	0	1	4	0	1	1	4	4	4	0	3	1	0	0	0	0	2	0	0	0	2	0	2	0	5	0	0	0	0	0	0	0	0	0	0	0	0	0	0	1	3	0	1	0	1	0	0	1	1	0	1	0	0	0	0
Neisseriaceae	0	2	1	0	0	0	0	0	0	1	0	0	2	0	0	0	1	1	0	0	0	0	0	0	1	3	0	0	0	1	1	0	0	2	0	16	2	0	3	4	8	0	0	0	0	0	0	3	0	1	1	0	1	0	0	0	2	3	1	5	0	0	1	3	3	1	1	1	0	2	2	5	3	3	1	1	2	1	0	0	3	4	1	2	12	2	1	2	1	0	10	0	4	7	0	7	0	0	2	0	2	0	0	1	2	5	3	0	0	0	1	1	4	2	1	0	0	0	0	2	2	0	0	0	1	0	0	1	3	0	0	3	5	0	0	1	1	0	1	1	0	1	0
Chthonomonadaceae	0	0	0	0	0	0	0	0	0	0	0	0	0	0	0	0	0	0	0	0	0	0	0	0	0	0	0	0	0	0	0	0	0	0	0	0	0	0	0	0	0	0	0	0	0	0	0	0	1	0	0	0	0	0	0	0	0	0	0	0	0	1	0	0	0	0	0	0	0	0	0	0	0	0	0	0	0	0	0	0	0	1	0	0	0	0	0	0	0	0	3	0	0	0	0	0	0	0	0	0	0	0	0	0	0	0	0	0	0	0	0	0	0	0	0	0	0	0	0	0	0	0	0	0	0	0	0	0	0	0	0	0	0	0	1	0	0	0	0	0	0	0	0
Chloroflexaceae	0	0	0	0	0	0	0	0	0	0	0	0	0	0	0	0	0	0	0	0	0	0	0	0	0	0	0	0	0	0	0	0	0	0	0	0	1	0	0	0	0	0	0	0	1	0	0	2	1	0	0	0	0	0	0	0	0	0	0	0	0	1	0	0	0	0	0	0	0	0	0	0	0	0	0	0	0	1	0	0	0	1	0	0	0	0	0	0	0	0	2	0	1	0	0	0	0	0	1	0	0	0	0	0	0	1	0	0	0	0	0	0	0	0	0	0	0	0	0	0	0	0	0	0	0	0	0	0	0	1	0	0	2	0	0	0	0	0	1	0	0	0	0
Candidatus_Midichloriaceae	0	0	0	0	0	0	0	0	0	0	0	0	0	0	0	0	0	0	0	0	0	0	0	0	0	0	0	0	0	0	0	0	0	0	0	0	0	0	0	0	0	0	0	0	0	0	0	0	0	0	0	0	0	0	0	0	0	0	0	0	0	0	0	0	0	0	0	0	0	0	0	0	0	0	0	0	0	0	0	0	0	0	0	0	0	0	0	0	0	0	1	0	0	0	0	0	0	0	0	0	0	0	0	0	0	0	0	0	0	0	0	0	0	1	0	0	0	0	0	0	0	0	0	0	0	0	0	0	0	1	0	0	0	0	0	0	0	0	0	0	0	0	0
Thermaceae	1	2	1	4	1	0	4	1	5	0	1	0	0	1	1	1	2	0	6	3	1	5	1	1	8	13	0	1	5	8	3	2	3	1	0	0	6	1	6	3	1	0	3	0	1	2	20	0	7	2	2	1	4	0	3	137	2	17	6	6	4	0	1	7	3	22	0	3	8	2	5	4	2	3	0	2	9	7	2	4	13	14	4	3	16	3	3	3	2	10	18	25	19	2	6	6	2	4	9	7	6	26	77	20	0	16	4	2	0	73	0	0	1	2	24	21	18	36	6	24	18	65	2	45	67	152	14	28	13	10	6	11	12	7	50	11	25	13	12	3	50	6	86
Alcanivoracaceae	0	0	0	0	0	0	0	0	0	0	0	0	0	0	0	0	0	0	0	0	0	1	0	0	0	0	0	0	0	0	0	0	0	0	0	0	1	0	0	0	0	0	0	0	0	1	0	0	0	0	0	0	0	0	0	0	0	0	0	0	1	0	0	0	0	0	0	0	0	1	1	0	0	0	0	0	0	3	0	0	0	0	0	1	1	0	0	0	0	0	1	0	1	0	0	2	0	0	1	0	0	0	0	0	3	0	1	0	0	0	0	0	0	0	0	0	0	0	0	2	0	0	0	0	0	0	0	1	0	0	0	0	0	0	1	0	1	0	0	0	0	0	0
Sporolactobacillaceae	0	0	0	0	0	0	0	0	0	0	0	0	0	0	0	0	0	0	0	0	1	0	0	0	0	0	0	0	0	1	0	0	0	0	0	1	0	0	0	0	0	0	0	0	0	1	0	0	1	1	0	0	0	0	0	0	0	1	0	0	0	0	0	0	0	0	0	0	0	0	1	1	0	1	0	0	0	0	1	0	5	0	0	0	0	0	0	0	0	0	4	0	1	0	1	0	0	0	0	0	0	0	0	0	0	0	0	0	0	0	0	1	0	0	0	0	0	1	0	0	0	0	0	0	1	0	0	0	0	1	0	0	2	0	0	0	0	0	0	5	0	0	0
Erythrobacteraceae	0	0	0	0	0	0	0	0	0	0	0	0	0	0	0	0	0	0	0	0	0	0	0	0	0	0	0	0	0	0	0	0	0	0	0	0	1	0	0	1	0	0	0	0	0	0	0	0	0	0	0	0	0	0	0	0	0	0	0	1	0	0	0	0	0	0	0	0	0	0	0	0	0	0	0	0	0	0	0	0	2	2	1	0	1	0	0	1	0	0	1	0	0	0	0	0	0	0	1	0	0	0	0	0	0	0	0	0	0	0	0	0	0	0	0	0	0	0	0	0	0	0	0	0	0	0	0	0	0	0	0	0	3	0	0	0	0	0	1	1	0	0	0
Methylocystaceae	0	2	1	0	0	3	1	0	1	1	0	0	0	1	0	0	0	0	0	0	0	0	0	0	0	0	0	0	0	0	0	0	0	0	0	0	0	0	0	0	0	0	0	0	0	0	0	0	0	0	0	0	0	0	0	0	2	0	0	0	0	0	0	1	0	1	0	1	1	1	1	1	0	0	0	1	0	0	0	0	0	1	0	0	0	6	0	1	0	1	0	0	1	0	0	1	0	0	1	0	0	1	1	0	0	0	0	0	0	0	0	0	0	1	1	0	0	0	1	1	0	0	0	0	0	2	0	1	0	1	0	2	1	2	0	2	0	0	0	0	0	0	0
Symbiobacteriaceae	0	0	0	0	0	0	0	0	0	0	0	0	0	0	0	0	0	1	4	0	0	0	2	0	2	1	0	0	0	1	0	0	1	0	0	0	2	0	0	0	0	0	0	0	1	1	0	0	1	0	0	1	0	0	2	1	0	0	1	1	0	1	1	4	1	2	0	1	3	0	2	2	0	2	0	2	1	1	6	1	7	18	1	0	5	1	1	2	0	1	12	0	6	1	7	1	6	1	3	2	2	0	0	1	0	11	0	1	0	0	0	0	1	1	4	1	0	0	0	4	1	0	0	0	3	0	0	2	3	5	0	0	1	0	0	3	0	3	4	1	0	2	0
Solibacteraceae	0	0	0	0	0	0	0	0	0	0	0	0	0	0	0	0	0	0	0	0	0	0	0	0	0	0	0	0	0	0	0	0	0	0	0	1	0	0	0	0	0	0	1	1	0	0	0	1	1	0	0	1	1	0	1	0	0	0	0	0	0	0	0	1	0	0	0	1	0	0	0	1	0	0	1	0	0	0	0	0	0	3	0	0	3	1	0	0	0	1	2	0	0	0	0	1	1	0	2	0	0	0	0	0	0	0	0	0	0	0	0	1	0	0	2	0	0	0	0	0	0	0	0	0	0	0	0	0	0	2	0	0	0	0	0	0	0	1	1	1	0	0	0
Enterococcaceae	0	0	0	0	0	0	1	0	1	0	0	0	0	0	0	0	9	13	20	12	10	29	20	5	27	35	1	14	20	94	12	7	25	6	3	26	62	43	18	1	25	0	109	3	19	14	8	47	52	45	20	37	42	33	21	2	1687	1232	57	36	15	21	9	55	24	48	112	11	91	31	30	28	123	30	21	10	44	45	35	25	87	41	47	104	46	51	14	8	25	127	98	4	86	26	16	53	43	4	57	11	7	2	13	57	43	183	36	20	10	37	6	14	12	39	45	4	10	9	0	26	32	1	17	0	7	2	2	43	57	23	7	11	22	2	16	51	8	23	99	24	10	30	4
Deferribacteraceae	0	0	0	0	0	0	0	0	0	0	0	0	0	0	0	0	0	1	0	0	0	0	0	1	1	1	0	0	0	0	0	0	0	0	0	1	0	1	0	0	0	0	1	0	0	0	0	0	1	0	0	0	0	0	1	0	4	1	0	0	0	0	0	0	0	0	1	0	3	1	2	2	1	0	1	1	0	0	0	0	2	2	2	2	2	7	0	0	1	1	1	0	1	1	0	1	0	0	0	0	0	0	0	1	0	4	0	0	1	0	2	0	0	3	1	0	0	0	0	1	0	0	1	0	1	0	1	0	0	0	0	0	0	0	0	1	0	1	0	1	1	0	0
Thermodesulfobacteriaceae	0	0	0	1	0	0	0	0	0	0	0	0	0	0	0	0	1	1	0	1	1	0	1	0	0	2	1	0	0	1	0	0	0	0	0	1	0	0	3	1	2	0	2	2	0	0	0	3	1	0	0	0	0	2	2	2	0	4	0	1	2	0	2	1	1	1	1	1	1	1	0	3	2	0	3	0	1	0	0	0	0	0	1	1	0	0	1	1	0	0	0	0	1	0	1	0	0	0	0	1	2	1	1	2	3	0	0	1	0	2	1	0	0	0	0	0	1	0	1	0	1	1	1	0	1	0	1	0	3	0	0	0	0	0	0	0	0	0	0	1	0	0	0
Sphingomonadaceae	0	0	0	0	0	0	0	0	0	0	0	0	0	0	0	0	0	3	0	0	0	1	0	4	3	3	0	3	3	0	1	1	3	1	0	2	4	1	6	14	3	0	4	0	2	2	0	0	2	0	0	1	2	0	0	0	4	6	2	1	0	1	1	5	1	3	2	2	5	3	2	2	0	0	1	3	1	3	4	1	3	18	1	0	11	8	1	2	1	5	14	0	16	0	6	9	3	0	9	1	3	0	0	6	0	9	4	0	1	0	1	2	2	5	4	0	0	0	0	2	0	0	1	0	1	0	0	1	7	7	2	2	3	0	1	8	0	3	4	0	0	0	0
Acetobacteraceae	0	0	1	0	0	0	1	0	0	0	1	0	2	0	0	0	0	1	0	2	6	2	0	0	1	3	0	1	3	1	0	1	0	1	0	0	5	0	5	1	0	0	0	1	1	0	1	0	1	0	0	4	2	0	1	0	0	1	3	2	0	4	2	0	3	2	0	1	5	4	3	2	6	2	2	2	3	2	2	2	4	8	1	0	1	2	2	3	0	3	7	0	8	0	6	2	0	0	1	1	0	0	0	7	4	7	0	0	6	2	7	3	1	1	3	0	1	0	0	2	2	0	0	0	0	0	0	4	1	2	1	0	1	0	0	3	1	1	2	1	0	1	1
Ignavibacteriaceae	0	0	0	0	0	0	0	0	0	0	0	0	0	0	0	0	0	0	0	0	0	0	0	0	2	0	0	0	0	1	0	0	0	0	1	0	0	1	0	0	0	0	0	0	1	0	0	0	0	0	0	0	0	0	0	0	0	0	0	0	0	0	0	0	0	1	0	0	0	0	0	0	0	0	0	0	0	0	1	0	0	2	0	0	0	0	0	0	0	1	2	0	2	0	0	0	0	0	0	0	0	0	0	0	0	0	0	0	1	0	0	0	0	0	0	0	0	0	0	2	0	0	0	0	1	0	0	0	0	0	0	0	0	0	0	0	0	0	0	0	0	0	0
Aeromonadaceae	0	0	0	0	0	0	0	0	0	0	0	0	0	0	0	0	4	1	2	3	2	0	1	2	4	2	1	0	0	3	3	2	2	3	1	3	3	1	5	3	3	0	3	4	2	4	0	4	4	0	1	0	2	2	1	0	5	4	0	2	1	0	2	6	1	4	5	0	8	3	2	7	3	3	0	1	6	1	3	0	8	5	3	2	10	4	0	1	4	1	25	0	10	2	1	8	3	0	7	19	1	0	1	2	0	15	1	0	1	0	2	2	0	3	6	0	0	1	0	2	0	0	5	0	0	0	1	4	9	9	1	1	9	2	2	2	1	5	4	6	0	3	2
Hyphomicrobiaceae	0	0	0	0	0	0	1	0	0	0	0	0	0	0	0	0	0	2	0	0	0	1	0	0	5	0	0	0	4	0	1	0	0	1	0	1	0	0	1	0	0	0	2	0	1	0	0	0	2	0	0	1	0	1	1	1	2	2	0	0	0	0	0	4	0	4	0	2	3	1	0	2	0	0	0	1	0	0	3	0	7	19	5	0	3	2	2	0	0	1	11	0	18	0	1	1	1	0	1	0	2	0	0	4	1	2	0	0	0	0	0	0	0	0	2	0	0	1	0	2	0	0	1	0	2	0	0	0	0	3	0	0	2	0	0	3	0	1	0	1	0	0	0
Nakamurellaceae	0	0	0	0	0	0	0	0	0	0	0	0	0	0	0	0	0	0	0	0	0	0	0	0	0	0	0	0	0	0	0	0	0	0	0	0	0	0	0	0	0	0	0	0	0	0	0	0	0	0	0	0	0	0	0	0	0	0	0	0	0	0	0	1	0	0	0	0	2	0	0	0	0	0	0	0	0	0	0	0	3	1	1	0	0	0	0	0	0	0	0	0	1	2	0	0	1	0	0	1	0	0	0	2	0	1	0	0	0	1	0	0	1	0	1	0	0	0	0	0	0	0	0	0	0	0	0	0	1	0	0	0	0	0	0	0	0	0	1	0	0	0	0
Acholeplasmataceae	0	0	0	0	0	0	0	1	1	0	0	1	1	1	0	1	0	0	0	0	0	1	1	1	0	0	0	0	0	1	2	0	4	0	0	0	2	1	1	1	0	0	2	0	0	0	1	0	6	1	0	6	0	0	0	0	0	1	0	0	0	1	0	4	0	0	3	0	5	0	1	8	0	0	1	1	1	0	0	0	5	2	0	3	5	4	1	0	0	4	1	0	4	0	2	3	0	1	3	0	0	0	4	2	1	4	2	0	3	2	3	0	0	4	1	0	0	1	1	0	0	1	2	0	0	0	1	3	5	1	1	1	2	0	0	1	0	1	3	10	1	0	1
Caulobacteraceae	0	0	0	0	0	0	0	0	0	0	0	0	0	0	0	0	0	5	0	1	1	1	0	0	2	2	0	3	0	6	0	0	1	1	0	0	1	1	3	0	4	0	3	1	2	0	0	2	1	0	2	2	4	0	0	0	1	4	0	1	2	0	1	0	1	4	2	0	5	0	3	4	2	1	0	4	1	3	2	0	9	13	1	0	13	3	0	5	0	1	10	0	11	0	0	6	11	1	14	1	1	0	0	4	1	9	1	0	1	0	2	0	3	0	5	0	0	0	0	1	0	0	1	0	0	0	1	5	2	6	0	3	5	0	0	3	0	1	10	1	1	3	1
Acidothermaceae	0	0	0	0	0	0	0	0	0	0	0	0	0	0	0	0	0	0	0	0	0	0	0	0	0	0	0	0	0	0	0	0	0	0	0	0	0	0	0	0	0	0	0	0	0	0	0	0	0	0	0	0	0	0	0	0	0	0	1	0	0	0	0	0	0	0	0	0	0	0	0	0	0	0	0	0	0	0	0	0	0	0	0	0	1	0	0	0	0	0	1	0	0	0	0	0	0	0	0	0	0	0	0	1	0	0	0	0	0	0	0	0	0	0	0	0	0	0	0	0	0	1	0	0	0	0	0	0	1	0	0	0	0	0	0	0	0	0	0	1	0	0	0
Leuconostocaceae	0	0	0	0	0	0	1	0	0	0	1	0	0	0	0	0	0	0	0	0	0	0	1	0	1	0	0	1	0	3	0	0	2	0	0	0	0	1	0	0	0	0	3	0	0	0	1	0	0	0	1	1	0	0	0	0	1	8	0	0	0	2	0	4	0	0	0	0	0	0	0	0	1	0	0	0	2	2	1	0	6	0	3	0	1	0	0	1	0	0	1	0	2	0	1	2	0	0	0	1	1	0	0	2	1	0	0	1	0	1	1	0	0	0	0	0	0	0	0	0	0	0	1	0	0	0	0	0	1	2	18	0	4	0	0	3	0	0	0	1	0	0	0
Porphyromonadaceae	8	2	15	1	0	4	72	7	0	1	2	2	5	18	2	4	405	548	246	2630	885	403	1488	1559	380	6900	178	360	2203	10831	762	75	11709	511	77	1640	8804	558	1020	630	6702	1	4200	268	1143	723	215	9212	2926	2470	702	3830	256	2029	55	326	2869	2288	3043	7994	1185	4484	1310	3243	1012	8433	4141	5899	5272	2838	1087	4838	2683	1853	9276	796	2570	2222	11368	1880	1773	1387	2966	32070	1842	2811	1504	686	1939	1735	3196	603	1350	30628	18774	3900	3831	112	3033	2546	4521	51	171	1002	5600	4438	1449	6937	3726	1178	865	4118	1009	3046	1262	44	349	658	18	2050	2798	129	147	13	774	53	198	2102	5119	1560	1861	469	1851	36	1051	3480	1291	723	4136	2578	362	897	632
Brucellaceae	0	0	0	0	0	0	0	0	0	0	0	0	0	0	0	0	0	0	0	0	0	0	0	1	1	0	0	1	2	0	0	1	0	0	0	0	0	0	0	1	0	0	0	0	2	0	1	1	1	0	0	0	0	0	0	1	1	2	0	2	0	0	0	1	0	0	0	0	1	0	0	1	1	0	0	0	3	3	0	0	0	2	0	0	3	0	2	0	2	2	1	0	0	0	2	2	1	0	4	0	0	0	0	4	0	2	1	0	0	0	0	0	0	0	2	0	0	0	0	0	0	0	0	0	0	0	0	1	0	1	1	0	4	0	0	0	3	0	4	1	0	0	0
Nitrospiraceae	0	0	0	0	0	0	0	0	0	0	0	0	0	0	0	0	0	0	0	0	0	0	0	0	1	0	0	0	2	0	0	0	0	0	0	0	0	0	0	0	0	0	1	0	0	1	0	0	1	0	0	1	1	0	0	0	0	0	0	0	0	3	0	0	0	0	1	0	0	2	0	0	0	0	0	0	0	0	0	0	3	0	0	0	0	1	0	0	0	2	2	0	1	0	0	0	0	0	1	0	0	0	0	0	0	0	0	0	0	0	0	0	0	0	0	0	1	0	0	1	0	0	0	0	0	0	0	0	2	3	0	0	1	0	1	0	0	0	1	0	0	0	0
Syntrophaceae	0	0	0	0	0	0	0	0	0	0	0	0	0	0	0	0	0	0	0	0	1	0	0	0	0	0	0	0	1	0	0	0	0	0	0	1	1	0	0	0	0	0	0	0	0	0	0	0	0	0	1	0	0	0	1	0	0	0	0	0	0	0	0	1	2	0	0	0	1	0	0	2	0	0	0	0	0	1	4	0	0	2	3	0	1	3	1	1	0	0	3	0	0	0	2	0	1	0	0	0	1	0	0	1	2	3	0	1	0	0	0	0	0	0	0	0	0	0	0	0	0	0	0	0	0	0	0	0	0	2	0	1	4	0	0	0	0	1	0	0	0	0	0
Lachnospiraceae	1	1	5	1	0	5	210	1	2	3	6	1	9	9	1	1	3096	1401	9794	1781	825	2026	396	3275	2940	3231	197	1749	2081	2482	935	494	1184	1220	249	2699	3115	1565	1724	1646	234	1	3940	669	3065	3329	508	863	1697	778	503	4414	4186	2705	1135	303	3019	6889	3461	4666	508	3490	2704	26538	1396	4152	1901	2340	4076	2207	682	3763	1311	2120	680	2368	1005	888	1497	603	4391	4288	7914	712	6114	3783	1861	1420	812	2651	3930	183	3979	763	942	5139	1946	283	5572	903	2112	286	237	2276	3781	2626	5469	2874	3066	780	1707	2813	1852	1706	1177	1308	1817	726	155	2728	771	67	1005	5	1357	107	613	3872	1615	1627	357	1214	3523	176	272	3716	66	2615	6219	6383	388	669	106
Intrasporangiaceae	0	0	0	0	0	0	0	0	0	0	0	0	0	0	0	0	0	0	0	0	0	0	0	0	0	0	0	0	0	1	0	0	0	0	0	0	0	0	0	0	0	0	0	0	0	0	0	0	0	0	0	0	1	0	0	0	0	1	0	0	0	0	0	0	0	0	0	0	1	0	0	0	1	0	0	0	0	0	1	0	0	0	0	0	0	0	0	0	0	0	1	0	1	0	0	1	0	0	0	0	0	0	0	0	0	0	0	0	0	1	0	0	1	0	0	0	0	0	0	0	0	0	0	0	0	0	0	0	0	0	0	0	0	0	0	0	0	0	0	0	0	0	0
Heliobacteriaceae	0	0	0	0	0	0	0	0	0	0	0	0	0	0	0	0	1	0	0	0	0	0	0	0	1	3	0	0	0	1	0	0	0	1	0	1	0	0	2	0	5	0	2	0	2	1	0	0	1	0	4	0	2	0	2	0	1	2	2	3	2	0	0	1	0	1	0	0	4	1	2	1	1	1	2	0	1	2	2	0	9	17	1	2	5	0	1	1	0	1	9	0	7	2	1	0	1	2	3	0	1	0	0	4	2	5	1	0	0	0	1	0	2	1	7	0	0	0	0	1	1	0	2	0	0	0	0	2	4	3	0	0	7	0	1	4	0	4	3	3	0	0	0
Desulfomicrobiaceae	0	0	0	0	0	0	1	0	0	0	0	0	0	0	0	0	0	0	0	0	0	0	0	0	2	2	0	0	0	2	2	0	3	0	0	0	0	1	1	0	0	0	1	0	2	0	0	2	2	0	3	2	1	0	0	0	0	1	0	1	0	1	0	1	1	1	0	1	1	0	0	1	0	0	1	0	0	1	0	0	2	16	0	0	5	0	0	1	0	1	8	0	9	0	2	1	1	0	2	0	2	0	0	1	0	3	1	1	0	0	0	0	1	0	6	0	1	0	0	2	1	0	0	0	1	0	1	1	1	1	0	0	3	0	0	1	0	2	1	0	0	1	1
Polyangiaceae	0	1	1	1	0	0	0	2	0	0	0	0	0	0	0	0	0	1	0	1	1	0	0	0	0	0	0	0	1	3	0	0	0	0	0	0	2	0	0	0	0	0	0	0	2	0	1	1	0	0	0	1	0	0	0	0	2	3	2	1	0	2	0	2	1	2	1	1	2	2	1	3	0	0	0	1	0	7	5	0	4	10	0	0	10	0	2	1	0	4	4	0	17	1	5	2	4	0	6	1	3	2	0	4	1	12	4	0	1	1	0	0	1	0	4	0	0	0	1	3	1	0	1	0	0	0	0	2	2	2	0	1	3	0	0	1	0	1	2	1	0	0	0
Actinomycetaceae	0	0	0	0	0	0	0	0	0	0	0	0	0	0	0	0	1	4	1	0	2	2	1	0	5	3	0	1	1	5	0	1	0	0	0	0	2	0	2	0	0	0	5	0	1	0	0	1	2	0	0	1	2	0	2	1	3	13	0	2	1	1	1	7	4	2	2	3	4	1	7	2	1	0	2	1	0	3	3	2	6	2	3	1	5	2	3	2	4	10	6	0	5	3	1	5	3	0	10	2	3	0	2	7	2	3	2	1	1	1	2	0	3	2	4	3	1	0	2	5	2	2	1	0	0	2	0	6	22	185	36	35	0	0	180	2	95	3	5	4	3	1	3
Desulfurobacteriaceae	0	0	0	0	0	0	0	0	0	0	0	0	0	0	0	0	0	0	0	0	1	0	0	0	0	0	0	0	0	0	0	0	0	0	0	0	0	0	0	0	0	0	0	0	0	0	0	0	0	0	0	0	0	0	0	0	0	0	1	0	1	0	0	0	0	0	0	0	0	0	0	0	1	0	0	1	0	0	0	0	0	3	1	0	0	0	0	0	0	0	0	0	1	0	0	0	1	0	0	0	0	0	0	0	1	0	0	0	0	0	0	0	0	0	0	0	0	0	0	0	0	0	0	0	0	0	0	0	1	1	0	0	0	0	0	0	0	0	1	0	0	0	0
Spiroplasmataceae	0	0	0	0	0	0	0	0	0	0	0	0	0	0	0	0	0	1	0	0	0	0	0	0	0	0	0	0	0	0	0	0	0	0	0	0	2	0	0	0	0	0	0	0	0	0	0	0	2	0	0	0	0	0	0	0	0	1	0	0	0	0	0	0	0	0	0	0	0	0	0	0	0	0	0	1	0	0	1	0	1	1	0	0	0	0	0	0	0	3	0	0	2	0	0	0	1	0	0	0	0	0	4	1	1	1	1	0	2	0	1	0	0	0	1	0	0	0	0	2	0	0	0	0	0	0	0	0	6	0	0	0	0	0	0	0	0	1	1	0	0	0	0
Acidobacteriaceae	0	0	0	0	0	0	0	0	0	0	0	0	0	0	0	0	0	1	1	2	0	1	0	1	1	6	0	0	2	0	2	0	2	0	0	0	4	0	3	1	0	0	3	0	2	1	6	0	4	3	0	0	2	3	0	0	0	8	2	2	3	1	1	2	2	8	1	2	8	2	0	6	2	2	0	0	2	3	9	2	11	8	1	0	8	9	1	1	0	2	12	0	5	0	1	5	34	1	11	0	4	0	0	7	4	8	1	3	2	0	0	3	2	0	4	0	0	1	0	1	0	0	0	0	0	0	0	13	6	2	0	1	9	0	0	3	0	5	19	2	1	1	0
Acidithiobacillaceae	0	0	0	0	0	0	1	0	0	0	0	0	0	0	0	0	0	0	0	2	0	0	0	0	0	0	0	0	0	0	0	0	1	0	0	1	0	0	0	0	1	0	0	0	0	0	0	0	1	0	0	0	0	0	0	1	1	0	0	2	0	3	0	0	0	0	1	0	1	0	0	0	0	0	0	0	1	0	2	0	0	0	0	1	2	0	0	0	0	1	3	0	2	0	0	0	0	0	0	0	0	0	0	0	1	2	0	0	0	0	1	0	0	0	1	0	0	0	1	0	1	0	1	0	1	0	0	1	1	1	0	1	1	0	0	1	0	1	3	1	0	0	1
Burkholderiaceae	1	0	0	0	0	1	1	0	0	0	1	0	0	0	0	0	3	12	1	10	10	4	5	6	6	6	1	5	11	10	8	1	5	3	0	8	13	4	6	8	9	0	6	1	9	0	2	4	7	1	2	7	7	3	2	2	2	16	9	4	6	5	5	24	4	26	9	6	19	8	8	13	7	5	1	7	6	16	15	0	28	41	8	1	36	9	3	8	1	10	48	1	44	16	32	12	9	2	16	11	13	1	3	18	6	32	5	3	3	3	4	2	5	7	9	1	5	2	0	19	2	0	6	0	4	1	1	16	12	11	0	7	31	1	4	8	5	10	19	5	1	5	5
Helicobacteraceae	1	0	0	0	0	0	0	1	0	0	0	0	1	0	0	0	1	0	0	0	0	1	1	5	0	0	1	0	0	1	2	0	1	0	0	1	0	2	0	1	3	0	0	0	1	0	0	3	2	1	0	0	1	0	0	0	4	1	0	0	0	0	0	1	0	1	1	1	1	1	1	0	0	1	0	0	1	1	2	3	2	0	1	0	3	2	1	0	0	0	0	0	1	0	2	4	5	1	6	2	0	0	2	3	2	3	0	1	0	1	0	7	1	1	1	1	0	0	0	1	3	0	1	0	1	1	0	1	1	2	2	2	4	0	3	1	6	1	2	0	0	0	0
Methylobacteriaceae	0	0	0	0	0	0	0	0	0	0	1	0	0	0	0	0	0	3	1	1	0	0	0	2	2	0	0	0	2	1	0	0	0	1	0	1	0	0	0	0	2	0	1	1	3	0	0	0	0	0	0	1	0	0	1	0	1	0	1	1	0	1	1	5	1	2	3	0	5	1	0	0	0	1	1	0	0	2	1	0	0	14	0	1	1	1	1	0	0	2	4	1	6	1	2	2	5	2	6	2	1	0	1	2	0	6	2	0	0	0	0	0	2	0	2	0	0	0	0	1	0	0	1	0	0	0	0	3	2	1	0	0	1	0	1	1	2	1	3	0	0	1	0
Alteromonadaceae	24642	52160	28357	27817	10048	21803	20000	41044	20577	40898	43857	35726	83230	43626	16505	64737	32578	60077	56507	54056	66681	59929	18069	57699	111057	211220	23442	37436	122186	370046	35649	22608	196561	34227	6218	42171	94741	87521	150669	35551	96884	213	108588	19538	64150	23120	123901	51595	66320	20038	46585	57086	90924	30298	52048	185865	99553	198441	239881	131091	59164	61823	14817	228931	95679	349659	52489	45132	194281	49159	112693	87908	322544	103822	170989	93100	122659	221696	48530	29455	18114	114738	152590	72313	100574	37720	66152	70752	92684	95240	84440	112847	50921	86876	47848	46401	36500	5527	30178	184870	111335	203461	156487	249239	81046	43155	76748	49506	7968	198460	10388	50163	40834	71925	30722	57287	50229	84145	47505	222750	75161	77692	66041	89364	116099	220827	119862	16706	8500	47200	4246	11989	25954	4331	8425	59419	10076	40363	30552	9000	18408	20495	20988
Peptostreptococcaceae	0	0	0	0	0	0	1	0	0	0	1	0	1	1	0	0	32	36	44	74	16	77	20	32	82	83	4	22	61	127	32	27	20	31	5	87	36	51	70	15	18	0	127	21	26	83	13	39	21	13	34	73	70	52	64	3	118	339	110	49	30	104	52	137	66	134	69	44	144	50	28	108	61	62	3	41	61	43	94	7	202	120	199	58	385	204	38	44	30	105	224	12	164	65	46	168	45	29	94	50	59	13	8	93	57	60	135	52	83	22	56	60	71	128	56	15	22	32	6	63	37	8	67	1	21	14	44	71	61	97	32	56	117	3	23	119	29	131	111	270	14	8	3
Shewanellaceae	1	1	1	0	0	0	0	1	0	0	0	0	1	0	0	0	0	0	0	1	0	3	0	7	0	1	0	0	1	1	0	0	0	0	0	2	0	3	3	2	5	0	0	0	0	0	1	0	0	0	1	0	1	1	1	0	5	7	4	2	1	0	0	3	0	0	2	1	2	1	3	2	1	0	5	0	1	1	3	0	11	0	3	5	10	4	1	2	1	1	6	0	4	0	8	6	4	1	4	3	0	0	0	0	0	1	2	0	0	1	1	0	1	2	3	0	0	0	0	2	1	0	0	0	0	0	0	3	1	3	0	2	12	1	9	3	3	1	4	0	1	0	1
Nautiliaceae	0	0	0	0	0	0	0	0	0	0	0	0	0	0	0	0	0	1	0	0	0	0	0	0	0	0	0	0	0	0	0	0	0	0	0	0	0	0	0	0	0	0	0	0	0	0	0	0	0	0	0	0	0	0	0	0	0	0	0	0	0	0	0	0	0	0	0	0	0	0	0	0	1	1	0	0	0	0	0	0	1	0	0	0	1	0	0	0	0	0	0	0	0	0	0	0	1	0	1	0	0	0	0	7	0	0	2	0	0	0	0	1	0	0	0	0	0	1	0	0	0	0	1	0	0	0	0	0	0	0	0	0	0	0	0	0	0	0	0	0	0	0	0
Myxococcaceae	0	0	0	0	0	0	0	0	0	0	0	0	0	0	0	0	2	2	1	0	0	0	0	0	0	5	0	0	2	2	0	0	1	0	0	0	7	0	1	0	0	0	2	0	1	0	0	0	5	0	1	0	2	1	1	0	3	1	1	2	1	1	0	2	0	4	0	0	6	1	2	3	2	2	3	1	0	1	6	0	8	19	0	0	11	4	0	4	0	9	13	0	13	1	8	2	6	0	5	1	3	0	0	5	1	12	0	2	0	0	2	0	2	0	13	0	1	0	0	0	2	0	0	0	0	0	0	2	9	4	2	0	5	0	0	3	0	2	5	0	0	1	0
Caldilineaceae	0	0	0	0	0	0	0	0	0	0	0	0	0	0	0	0	0	0	0	0	0	0	0	0	0	0	0	1	0	0	0	0	0	0	0	0	0	0	0	0	0	0	0	0	0	0	0	0	0	0	0	0	1	0	0	0	1	0	1	0	0	0	0	0	1	0	0	0	0	0	0	0	0	0	0	0	0	0	0	0	4	3	0	0	1	0	0	0	0	1	2	0	0	0	0	0	0	0	3	0	0	0	0	3	1	4	0	0	0	0	0	1	0	0	1	0	0	0	0	0	0	0	0	0	0	1	0	0	2	0	1	0	0	0	0	0	0	0	2	0	0	0	0
Deinococcaceae	0	0	0	0	0	0	0	0	0	0	0	0	0	0	0	0	2	4	2	0	1	0	1	2	2	4	0	2	2	3	1	0	2	0	0	1	9	0	4	1	0	0	3	1	1	0	1	1	6	0	1	1	2	0	0	0	1	4	3	5	0	0	2	5	0	4	1	1	9	3	1	3	3	4	5	4	0	5	3	0	8	31	2	0	15	8	3	5	2	2	13	0	19	1	5	9	6	0	8	2	3	1	0	3	1	18	5	0	0	0	2	0	2	0	7	0	0	1	0	1	1	0	1	0	3	0	0	1	4	4	1	2	6	0	2	7	0	5	4	3	0	3	1
Cystobacteraceae	0	0	0	0	0	0	0	0	0	0	0	0	0	0	0	0	0	1	0	0	0	0	0	0	1	2	0	0	0	1	0	0	0	0	0	0	0	0	0	0	0	0	0	1	0	0	0	0	0	0	0	0	0	0	0	0	0	0	1	0	0	0	0	0	1	0	0	0	1	0	1	1	0	0	0	1	0	2	0	0	0	3	0	0	6	5	0	1	0	1	0	0	3	1	1	1	0	0	1	0	0	0	0	0	0	2	0	0	0	0	0	0	0	0	0	0	0	0	0	0	0	0	0	0	0	0	0	0	0	0	0	0	0	1	0	0	0	0	0	0	0	0	0
Segniliparaceae	0	0	0	0	0	0	0	0	0	0	0	0	0	0	0	0	0	0	1	0	0	0	0	0	0	0	0	0	0	0	1	0	0	0	0	0	0	0	0	1	0	0	0	0	0	1	0	0	0	0	0	0	0	0	0	0	0	0	0	0	0	0	0	0	0	1	0	0	0	0	1	0	0	0	0	0	0	1	0	0	1	2	0	0	0	0	0	0	0	0	0	0	2	0	0	0	0	0	0	0	2	0	0	1	0	0	3	0	0	0	0	0	0	0	0	0	0	0	0	0	0	0	0	0	0	0	0	0	0	0	0	0	1	0	0	0	0	0	0	0	0	0	0
Halomonadaceae	4	1	7	7	1	5	7	7	6	4	2	5	6	5	7	6	6	2	0	2	2	1	3	3	8	3	1	3	1	7	5	0	4	4	0	1	4	4	9	0	0	0	1	0	2	0	3	2	2	0	2	1	1	1	1	9	2	6	3	1	1	3	0	8	3	5	1	0	5	6	3	2	6	1	4	2	5	3	4	0	5	1	2	2	2	1	1	1	6	6	6	2	3	1	3	0	3	2	5	4	2	16	11	7	4	4	1	0	1	12	2	1	1	1	5	7	3	3	4	22	9	9	3	10	2	11	8	1	4	5	2	1	0	2	1	5	1	5	5	3	0	0	2
Cardiobacteriaceae	0	0	0	0	0	0	0	0	0	0	0	0	0	0	0	0	0	1	1	0	1	0	0	0	0	2	0	0	0	1	0	0	0	0	1	1	1	1	0	2	2	0	2	0	0	0	9	1	0	0	0	1	0	0	0	0	0	0	0	0	0	0	0	2	0	0	1	0	0	1	0	1	0	0	0	0	0	0	0	1	2	6	0	2	0	3	0	0	0	1	4	0	2	1	0	1	0	1	0	0	0	0	0	0	3	0	0	0	0	0	0	0	0	0	0	0	0	0	0	0	0	0	0	0	0	0	0	0	0	0	0	0	1	0	1	2	1	0	0	0	0	0	0
Listeriaceae	0	0	0	0	0	0	0	0	0	0	0	0	0	0	0	0	0	1	1	0	0	1	0	0	0	0	1	0	0	2	0	0	1	0	0	3	1	2	1	0	0	0	1	0	0	0	0	0	2	0	0	1	0	2	1	1	2	9	0	1	0	1	1	3	1	1	2	0	1	0	0	0	0	0	0	1	0	0	2	1	3	2	2	2	1	3	1	0	0	1	1	0	1	0	2	2	0	0	1	0	0	0	3	2	0	2	2	0	3	0	0	0	0	0	3	0	1	0	0	0	1	0	0	0	1	0	0	1	0	2	0	0	1	0	0	1	1	0	0	0	1	0	1
Thermodesulfobiaceae	0	0	0	0	0	0	0	0	0	0	0	0	0	0	0	0	0	0	0	0	0	0	0	0	0	0	0	0	0	0	0	0	0	0	0	0	0	0	0	0	0	0	0	0	0	0	0	0	0	0	0	0	0	0	0	0	0	0	0	0	0	0	0	0	0	0	0	0	0	0	0	0	0	0	0	0	0	0	0	0	0	0	0	0	0	0	0	0	0	0	0	0	0	0	0	0	0	0	0	0	0	0	0	0	0	0	0	0	0	0	0	0	0	0	0	0	0	0	0	0	0	0	0	0	0	0	0	0	0	0	0	0	1	0	0	0	0	0	1	0	0	0	0
Ferrimonadaceae	0	1	0	0	0	0	0	0	0	0	0	0	0	0	0	0	0	1	0	1	2	0	0	0	0	3	0	0	2	0	1	0	0	0	0	0	0	0	0	2	3	0	0	0	1	0	0	0	0	2	1	1	5	0	0	0	2	0	1	0	0	1	0	2	0	0	1	0	2	0	0	1	0	0	0	0	0	1	0	0	2	2	0	0	2	2	1	0	0	0	3	0	0	3	7	2	5	0	1	0	0	0	0	0	2	3	1	0	0	0	0	0	0	0	2	0	1	0	0	0	1	0	1	0	1	0	0	3	0	1	1	1	3	0	0	3	0	0	2	0	0	0	0
Acidimicrobiaceae	0	0	0	0	0	0	0	0	0	0	0	0	0	0	0	0	1	0	0	0	0	0	0	0	1	0	0	0	1	1	0	0	0	0	0	0	0	0	0	0	0	0	0	0	0	0	0	0	0	0	0	0	0	0	0	0	0	0	1	0	0	0	0	0	0	0	0	3	1	0	0	0	0	0	0	0	0	0	0	0	0	0	0	0	4	1	0	0	0	0	1	0	1	0	1	0	2	1	2	0	0	0	0	1	0	1	1	0	0	0	0	0	0	0	0	0	0	0	0	2	0	0	1	0	0	0	0	0	1	0	0	0	1	0	2	1	2	0	0	0	0	0	1
Corynebacteriaceae	0	0	0	0	0	0	1	0	0	0	0	2	0	0	0	0	2	4	3	4	1	1	1	2	7	7	1	3	3	5	2	2	3	2	0	1	3	3	6	1	0	0	0	1	4	3	1	3	8	2	3	2	5	0	0	3	4	7	2	2	3	3	2	13	3	9	2	5	11	2	10	9	7	3	5	3	1	6	19	1	16	27	10	0	24	3	7	3	2	3	32	0	13	4	7	9	19	4	14	1	2	0	2	12	6	20	4	1	3	0	1	1	3	0	6	2	3	2	0	5	0	1	2	2	1	6	0	11	21	8	6	1	4	0	8	6	13	9	21	3	1	3	0
Ruminococcaceae	13	5	3	4	1	24	312	3	4	6	4	5	17	19	5	4	1140	2523	1630	5363	1034	2709	270	1092	5233	5874	204	3378	3999	4520	2183	994	1116	1280	190	6275	2362	1510	3208	1274	276	2	9601	903	3631	1424	262	1445	2146	835	1190	8031	6271	997	1535	970	2636	4031	3110	4226	2316	5648	1452	14955	4218	14617	6899	3672	12790	5622	1050	18845	2805	7885	419	3373	5832	3334	18697	809	15114	20129	5686	572	14985	10682	2167	4276	620	4138	17561	553	11932	627	1558	11107	3918	628	12952	1462	2103	537	222	1116	3411	12935	15216	1617	3456	2949	1040	1069	5420	828	3139	275	1287	1696	84	8978	1905	74	2884	13	2304	347	612	5660	2692	4901	3535	2876	6658	301	484	11424	441	4916	12912	10168	551	3908	285
Ectothiorhodospiraceae	0	0	0	0	0	0	0	0	0	0	0	0	0	0	0	0	0	3	0	3	1	0	1	0	3	6	0	2	2	0	1	0	1	0	0	2	2	1	1	1	0	0	0	0	2	0	0	1	1	0	1	2	2	2	0	0	0	3	1	1	0	2	0	3	1	2	1	1	3	2	2	0	1	0	1	1	2	7	12	0	7	9	1	1	2	1	2	0	0	2	15	0	6	2	6	2	2	1	5	2	1	0	0	0	2	9	0	1	1	0	0	2	2	1	1	0	1	1	0	0	1	0	0	0	0	0	0	8	3	5	2	0	3	0	1	2	2	2	1	3	0	2	1
Gemmatimonadaceae	0	0	0	0	0	0	0	0	0	0	0	0	0	0	0	0	0	0	0	0	0	0	0	0	0	0	0	0	0	0	0	0	0	0	0	0	0	0	0	0	0	0	3	0	0	0	0	0	0	0	0	0	0	0	1	0	2	0	0	0	0	0	0	0	0	1	0	0	2	0	0	0	1	0	0	1	0	0	0	0	0	0	0	0	2	6	0	0	0	0	3	0	0	0	0	7	0	0	1	0	0	0	0	1	0	2	0	0	0	0	0	1	0	0	1	0	0	0	0	0	0	0	0	0	0	0	0	0	0	1	0	0	1	0	0	3	0	0	1	0	1	0	0
Puniceicoccaceae	0	0	0	0	0	0	1	0	0	0	0	0	0	0	0	0	0	0	0	0	0	1	0	0	2	0	0	0	0	0	0	0	0	0	0	0	0	1	0	0	0	0	0	0	0	2	0	0	0	0	0	1	0	0	0	0	0	1	0	0	0	0	0	0	0	0	0	4	1	0	0	2	0	0	0	0	0	0	0	0	2	0	0	1	0	5	0	0	0	0	1	0	4	0	0	3	0	0	0	0	0	0	0	1	1	1	0	0	1	0	0	3	0	0	0	0	0	0	0	0	0	0	0	0	0	0	0	1	0	0	0	0	6	0	0	0	1	0	0	0	0	0	0
Dictyoglomaceae	0	0	0	0	0	0	0	0	0	0	0	0	0	0	0	0	1	0	0	0	0	0	0	0	0	0	0	0	1	0	0	0	0	0	0	0	1	0	0	0	0	0	0	1	0	1	0	0	0	1	0	2	0	0	0	0	1	0	0	0	0	0	0	0	0	0	0	0	0	1	0	0	0	0	0	0	0	0	0	0	0	0	0	0	0	0	0	0	0	2	0	0	0	0	0	0	0	0	0	0	0	0	0	0	0	0	0	0	1	0	0	0	0	0	0	0	0	0	0	0	0	0	0	0	0	0	0	0	0	0	0	0	0	0	0	0	0	0	1	0	0	0	0
Chrysiogenaceae	0	0	0	0	0	0	0	0	0	0	0	0	0	0	0	0	0	0	1	0	0	0	0	0	0	0	0	0	1	1	0	0	0	0	0	0	1	1	0	0	0	0	0	0	0	0	0	1	0	0	0	1	1	0	0	0	1	0	0	0	0	1	0	1	0	1	0	1	1	0	0	0	0	0	0	0	0	1	0	0	0	3	2	0	1	3	0	0	0	0	3	0	3	1	2	5	0	0	5	0	0	0	0	1	0	3	0	0	0	0	0	0	0	0	3	0	0	0	0	1	0	0	0	0	2	0	1	1	1	1	0	1	2	0	0	5	2	1	2	1	0	0	0
Flavobacteriaceae	10	14	18	13	5	13	8	21	5	16	13	8	40	17	7	19	5	12	2	31	10	9	2	26	2	78	4	6	26	32	2	3	30	2	1	7	8	10	13	23	17	0	6	2	3	1	4	4	9	13	4	7	9	14	0	6	6	6	5	11	39	25	5	8	39	54	14	37	88	4	14	53	37	38	105	3	14	32	73	1	35	62	13	14	45	31	5	5	37	8	56	7	33	6	63	32	26	6	7	16	10	17	17	4	34	14	6	7	4	8	1	30	2	4	11	3	3	10	5	20	17	0	7	3	4	10	7	10	6	40	16	15	42	7	7	26	14	15	16	6	6	3	7
Anaplasmataceae	3	1	3	3	3	4	7	2	1	2	3	2	4	4	5	6	0	1	0	0	0	0	0	0	0	0	0	0	0	2	0	0	0	1	0	0	0	0	0	0	0	0	1	0	1	0	0	2	0	0	1	0	0	0	1	0	1	0	0	0	0	1	0	0	0	1	0	0	2	0	0	2	0	0	0	0	1	0	0	0	1	1	1	0	0	0	0	0	0	0	0	0	2	0	0	0	0	1	0	0	0	2	1	0	0	0	1	0	0	0	0	0	0	0	1	0	0	0	2	2	1	0	1	0	1	0	2	1	0	7	0	2	0	1	0	2	1	1	0	2	1	0	2
Rikenellaceae	2	0	2	1	0	7	36	1	1	1	6	2	2	3	1	0	1506	2574	732	3710	3048	2474	132	2376	1957	4862	439	1720	3989	3931	1011	362	4234	559	176	427	2625	1146	2662	828	435	1	1117	307	1183	741	321	1196	1156	381	594	3239	1821	459	803	135	513	751	3634	7350	5327	4825	1027	9547	5676	26344	4090	1228	3841	2257	1982	2242	4495	6531	3136	682	2303	9308	10023	963	2941	6430	4281	798	8072	3078	4500	1062	2007	2233	7300	371	5500	678	35363	4508	9471	796	7834	5970	10127	63	16	825	1819	5943	2696	3640	2899	480	3092	550	1262	893	1903	76	531	478	7	1398	654	23	1570	8	225	79	164	2064	704	1622	351	216	1111	59	53	2347	118	1572	3898	1753	61	501	68
Hahellaceae	0	0	0	0	0	0	0	0	0	0	0	0	0	0	0	0	0	0	0	0	0	0	0	0	0	1	0	0	0	0	0	0	0	0	0	0	1	0	0	0	0	0	0	0	0	0	0	0	0	0	0	0	1	0	0	0	0	0	0	0	0	0	0	0	0	1	0	0	0	0	0	0	0	0	0	0	0	0	1	0	8	1	0	0	0	0	1	0	0	0	0	0	0	0	1	0	0	0	0	0	0	0	0	0	0	0	0	0	0	0	0	0	0	1	0	0	0	0	0	0	0	0	0	0	0	0	0	0	5	2	0	0	1	0	0	0	0	0	0	0	0	0	0
Peptococcaceae	0	0	0	0	0	0	1	1	0	0	0	0	0	0	0	0	4	5	2	3	2	0	2	3	3	13	0	1	9	7	4	5	4	3	0	2	16	5	7	1	5	0	12	2	4	0	1	2	11	1	3	8	8	3	4	0	3	11	7	2	7	2	5	13	3	12	8	2	13	5	9	15	4	6	1	4	4	9	19	4	29	26	16	8	26	20	4	6	4	25	30	1	33	8	19	23	10	6	21	3	1	0	3	7	4	21	7	4	4	6	2	6	3	12	15	2	5	5	0	13	5	0	5	0	3	1	0	18	24	16	3	7	10	1	6	13	4	11	20	3	1	9	2
Thermomonosporaceae	0	0	0	0	0	0	0	0	0	0	0	0	0	0	0	0	1	0	0	0	0	0	1	0	0	1	0	0	0	0	0	0	2	0	0	0	0	0	0	0	1	0	1	0	1	0	0	1	1	0	1	0	0	1	0	0	0	2	0	0	1	0	0	0	0	3	1	1	1	0	1	0	0	0	0	0	0	0	2	0	0	1	1	0	1	0	0	0	0	1	1	1	4	2	2	2	2	0	1	0	0	0	0	0	0	1	0	0	0	0	0	0	0	0	2	0	2	0	0	1	1	0	0	0	0	0	0	0	0	0	0	0	0	0	0	0	0	1	1	1	0	2	2
Mycoplasmataceae	22	13	35	30	4	37	19	44	30	33	37	41	58	43	39	46	8	8	16	9	14	8	7	5	19	14	10	11	22	44	6	4	30	6	2	3	18	6	27	8	28	0	13	1	9	2	23	10	9	4	6	10	9	2	12	35	9	20	37	9	16	4	2	19	17	27	8	7	25	6	15	18	26	19	36	17	26	20	6	2	4	1	31	8	2	0	7	13	17	13	9	20	4	8	1	0	1	0	1	25	23	54	27	45	8	2	4	9	3	33	0	10	3	6	9	15	12	29	23	79	11	28	6	33	25	35	35	8	5	28	3	15	3	17	8	24	8	21	3	6	7	0	6
Saprospiraceae	0	0	0	0	0	0	0	0	0	0	0	0	0	0	0	0	0	1	0	5	1	1	2	4	0	1	0	1	0	2	0	0	8	0	1	1	2	5	1	0	10	0	1	0	2	1	0	0	0	1	3	0	6	0	2	0	6	0	5	6	4	0	4	3	1	6	3	1	6	1	4	4	1	0	6	0	0	2	7	2	5	2	5	3	12	2	3	2	6	0	5	0	0	2	14	4	27	0	9	0	6	0	0	0	4	1	0	0	4	0	3	3	4	1	1	0	1	0	0	1	0	0	0	0	0	0	0	8	0	1	0	0	6	0	0	5	1	3	8	4	1	0	0
Bradyrhizobiaceae	1	2	4	0	0	2	1	3	0	1	3	0	2	3	1	2	3	4	2	2	4	2	0	1	6	11	1	0	5	8	0	4	0	2	4	1	1	1	7	0	3	0	1	4	0	0	1	2	3	0	0	3	3	3	2	0	3	4	4	4	4	4	3	6	2	13	5	2	9	2	1	4	3	1	3	2	5	13	7	0	7	31	2	1	14	8	2	1	1	10	15	4	32	2	7	11	5	5	10	8	2	1	2	17	2	26	1	0	6	0	8	0	3	1	22	1	4	1	0	5	4	0	7	1	3	4	1	3	3	4	1	2	6	4	3	3	4	4	5	4	4	2	11
Parvularculaceae	0	0	0	0	0	0	0	0	0	0	0	0	0	0	0	0	0	0	0	0	0	0	0	0	1	0	0	0	0	0	1	0	0	0	0	0	0	0	0	0	0	0	0	0	1	0	0	0	0	0	0	0	0	0	0	0	0	0	0	0	0	0	0	0	0	0	0	0	0	0	0	0	0	0	0	0	0	1	0	0	1	0	0	0	0	0	0	0	0	0	0	0	1	0	0	0	0	0	0	0	0	0	0	0	0	1	0	0	0	0	0	0	0	0	1	0	0	0	0	0	0	0	0	0	0	0	0	0	0	0	0	0	0	0	0	0	0	0	0	0	0	0	0
Phyllobacteriaceae	0	0	0	0	0	0	0	0	0	0	0	0	0	0	0	0	1	1	0	0	0	0	0	1	0	1	0	0	1	0	0	0	0	0	0	0	1	2	1	0	0	0	0	0	1	0	0	0	1	0	1	1	0	0	0	0	1	1	0	1	0	2	0	2	0	2	0	1	1	1	1	0	0	0	0	3	0	1	7	0	4	12	3	0	1	0	2	0	0	4	5	0	23	0	2	1	0	1	3	1	1	0	0	4	0	2	1	0	0	0	0	0	0	0	1	0	1	0	0	0	0	0	1	0	2	0	0	4	7	5	0	0	2	0	0	0	0	2	1	1	0	0	0
Hyphomonadaceae	0	0	0	0	0	0	0	0	0	0	0	0	0	0	0	0	0	0	0	1	1	0	0	0	1	0	0	0	2	1	0	0	0	0	0	1	1	0	1	0	0	0	0	0	1	0	0	0	2	0	0	0	0	0	0	0	0	0	1	0	0	0	0	0	0	0	0	0	0	0	0	6	1	0	1	0	0	0	1	0	2	0	0	0	0	5	1	1	1	0	0	0	0	0	6	0	0	0	4	0	0	0	0	0	0	3	0	0	5	0	1	0	0	0	0	0	0	0	0	0	0	0	0	0	1	0	0	0	0	0	0	0	0	0	0	3	0	1	1	0	0	0	0
Propionibacteriaceae	0	0	0	0	0	0	1	0	0	1	0	0	0	0	0	0	1	0	1	0	0	2	0	0	3	33	0	2	18	2	2	0	8	0	0	2	6	0	2	0	0	0	4	0	2	2	0	1	6	0	1	1	1	1	0	1	2	7	7	7	1	2	0	7	7	8	1	0	3	1	3	2	1	77	1	6	17	20	32	0	17	24	11	1	10	5	1	7	1	14	9	0	93	1	8	30	2	0	11	1	3	0	1	15	2	16	2	0	3	3	1	1	2	18	18	0	0	0	0	3	2	1	1	0	1	1	2	2	3	5	2	0	8	0	2	5	1	2	16	1	1	0	1
Blattabacteriaceae	0	0	0	0	0	0	0	0	0	0	0	0	0	0	0	0	0	0	0	0	0	0	0	0	0	0	0	0	0	1	0	0	0	0	0	0	0	0	0	1	0	0	0	0	0	0	0	1	0	0	0	1	0	0	1	0	0	0	0	0	0	0	0	1	0	0	0	0	1	1	0	1	0	0	0	0	0	0	0	0	1	11	0	0	2	0	0	0	0	0	0	0	10	1	0	0	0	0	0	0	1	1	0	0	1	2	1	0	1	1	0	1	0	0	0	0	0	0	0	0	0	0	0	0	0	0	0	0	2	1	0	0	1	0	0	0	0	2	0	0	0	0	0
Entomoplasmataceae	0	0	0	0	0	0	1	0	0	0	0	0	0	0	0	0	0	0	0	0	0	0	0	0	0	0	0	0	1	0	1	0	0	0	0	0	0	0	0	0	0	0	0	0	0	0	0	0	0	0	0	0	0	0	0	0	0	0	0	0	0	0	0	0	0	0	0	0	0	0	0	0	0	0	0	0	0	0	0	0	0	1	0	0	1	0	0	0	0	0	0	0	0	0	2	0	0	0	0	0	0	0	0	0	0	0	0	0	0	0	0	0	0	0	0	0	0	0	0	0	0	0	0	0	0	0	0	0	0	0	0	0	0	0	0	0	0	0	0	0	0	0	0
Oxalobacteraceae	0	0	0	0	0	1	0	0	0	0	0	0	0	0	0	0	0	0	0	0	1	0	0	0	0	2	0	1	1	2	0	0	0	1	0	0	1	1	2	0	2	0	0	0	0	1	0	1	2	1	0	0	0	1	1	1	0	1	0	0	1	0	0	2	2	5	1	1	2	1	0	5	0	2	1	0	1	3	1	1	3	3	1	3	4	5	1	0	0	2	3	0	1	2	1	8	0	0	2	0	0	0	0	1	2	2	1	0	2	0	3	0	0	0	0	0	0	0	1	0	2	0	0	0	1	0	0	0	4	3	0	1	1	0	0	6	0	0	2	3	0	0	1
Dehalococcoidaceae	0	0	0	0	0	0	0	0	0	0	0	0	0	0	0	0	0	0	0	0	1	1	0	0	3	7	1	0	4	0	0	1	0	1	0	1	0	1	1	0	0	0	5	1	1	1	0	0	0	0	3	1	4	0	0	0	5	3	0	0	0	4	0	2	0	12	2	0	1	0	0	0	2	0	0	0	0	2	1	0	2	5	0	0	0	1	0	0	0	2	2	0	0	0	36	2	0	0	0	0	0	0	2	1	0	1	0	0	0	0	0	0	1	0	0	0	0	1	0	1	1	0	8	0	1	0	0	0	1	1	5	0	1	0	0	0	7	0	0	2	0	0	1
Bartonellaceae	0	0	0	0	0	0	0	0	0	0	0	0	0	0	0	0	0	0	0	1	0	0	0	0	0	1	0	0	0	0	0	0	0	0	0	0	0	1	0	0	0	0	0	0	0	0	0	0	0	0	0	0	0	0	0	0	0	0	0	0	0	0	0	0	0	0	0	0	1	0	0	1	0	0	0	0	0	0	0	0	2	1	0	0	2	0	1	1	0	1	0	0	0	1	0	0	1	0	0	0	0	0	0	0	0	0	0	0	1	1	0	0	0	0	1	0	0	0	0	1	0	0	0	0	1	0	0	0	1	0	0	0	4	0	0	1	0	0	2	2	0	0	0
Beutenbergiaceae	0	1	0	0	0	0	1	0	0	0	0	0	0	0	0	0	0	0	0	0	0	0	0	0	0	0	0	0	0	0	0	0	0	1	1	1	0	0	0	0	0	0	0	0	0	0	0	0	0	0	0	0	0	0	0	0	0	0	0	0	0	0	0	0	0	1	0	0	1	0	0	0	0	0	0	0	0	0	0	0	1	0	0	0	2	0	0	0	0	0	5	0	1	0	0	1	0	0	2	0	0	0	0	0	0	0	0	0	0	0	0	0	0	0	0	0	0	0	0	0	0	0	0	0	0	0	0	0	1	2	0	0	0	0	0	0	2	0	0	0	0	0	0
Rhodocyclaceae	0	0	0	0	0	0	0	0	0	0	0	0	0	0	0	0	1	2	1	1	2	1	0	0	3	1	0	1	3	5	1	3	1	5	0	0	4	0	0	0	0	0	2	3	3	1	1	0	4	0	0	3	3	0	2	3	4	3	3	0	1	2	0	2	1	4	1	2	6	5	0	2	1	1	1	0	6	3	6	1	14	9	4	0	14	2	3	1	0	4	18	0	5	3	10	3	6	1	8	2	4	0	0	3	5	4	1	1	5	0	4	1	1	1	6	0	0	0	0	3	2	0	6	0	0	0	0	3	5	1	0	0	3	0	1	3	0	1	3	3	0	1	0
Moraxellaceae	2	0	0	1	0	1	2	1	3	0	0	0	1	2	1	1	0	0	1	0	0	0	1	1	9	2	0	0	3	6	0	0	4	0	0	2	1	0	6	3	1	0	1	0	1	2	20	2	7	0	0	0	2	0	2	88	2	7	6	3	1	0	0	5	3	6	0	3	1	0	6	2	3	1	0	3	1	2	15	0	5	15	2	2	13	4	1	1	0	3	14	16	20	1	11	14	2	35	35	5	0	23	64	20	1	13	5	1	3	89	5	0	1	2	288	12	11	25	4	23	10	67	4	34	58	137	14	8	57	53	38	7	82	15	999	7	281	3	5	1	27	2	53
Aquificaceae	0	0	0	0	0	0	0	0	0	0	0	0	0	0	0	0	0	0	0	0	0	0	0	1	0	0	0	0	0	0	0	0	0	0	0	0	1	0	0	0	0	0	0	0	0	0	0	0	0	0	0	2	0	0	0	1	0	0	0	1	0	0	0	1	0	0	0	0	0	0	0	0	0	0	0	0	0	0	0	0	1	0	2	0	0	0	0	1	0	0	0	0	0	0	0	0	0	1	1	0	0	0	0	0	0	1	0	0	0	0	0	0	0	0	2	0	0	0	0	1	0	0	0	0	0	0	0	0	0	0	0	0	0	0	0	0	0	2	0	0	0	0	0
Campylobacteraceae	0	0	0	0	0	1	3	1	0	0	0	0	0	0	0	0	5	11	9	11	4	15	13	13	22	11	1	40	7	74	10	5	6	1	5	50	16	5	6	11	31	0	40	1	5	5	4	63	14	16	17	7	58	24	8	3	45	39	31	130	24	0	17	276	20	23	16	27	213	4	7	169	17	17	15	1	15	23	2	21	68	6	108	34	24	15	28	6	43	39	30	0	4	30	3	11	158	0	119	3	20	4	4	6	44	37	21	71	97	1	17	36	5	5	18	5	15	6	0	16	16	11	15	0	16	5	2	141	7	75	5	11	52	3	40	21	8	14	433	322	76	3	10
Rhodobiaceae	0	0	0	0	0	0	0	0	0	0	0	0	0	0	0	0	0	0	0	1	1	0	0	0	0	0	0	0	0	0	0	0	0	0	0	0	1	0	1	0	0	0	0	0	0	0	0	0	1	0	1	0	0	0	0	0	0	0	0	1	0	2	0	0	0	2	1	0	3	0	1	0	0	1	0	3	0	0	1	0	1	1	0	0	2	1	0	0	0	1	1	0	1	0	1	1	2	0	2	0	0	0	0	1	0	1	0	0	0	0	0	0	0	0	2	0	0	0	0	1	1	1	0	0	0	0	0	1	0	1	0	0	0	1	0	1	0	0	2	0	0	0	0
Methylococcaceae	0	0	0	0	0	0	0	0	0	0	0	0	0	0	0	0	0	0	0	0	0	0	1	2	0	0	1	0	2	0	0	0	0	0	0	1	1	0	1	0	2	0	0	0	0	0	0	1	2	1	0	0	0	0	1	0	3	1	0	2	1	0	0	1	0	1	0	0	3	1	1	4	0	1	0	1	1	0	0	0	5	4	5	0	1	0	0	1	1	0	6	0	6	0	0	0	3	0	0	1	0	0	0	2	0	2	0	0	0	0	0	2	0	0	0	0	0	0	0	0	0	0	0	0	0	0	0	2	2	4	0	0	2	0	0	2	0	1	6	1	0	0	1
Sphingobacteriaceae	0	0	0	0	0	0	0	0	0	0	0	0	0	0	0	0	0	0	0	1	0	1	0	3	0	0	0	1	2	2	2	0	0	0	0	0	0	1	1	0	8	0	0	0	2	1	0	2	1	0	2	0	1	3	1	0	2	0	2	2	0	2	2	5	0	2	0	0	4	0	3	3	5	2	4	4	5	1	1	0	3	26	1	2	3	0	0	3	4	0	8	0	22	0	4	2	1	0	0	0	2	0	0	1	0	1	3	0	1	0	0	1	1	1	0	2	1	1	0	1	1	0	0	0	2	0	0	1	1	4	0	0	7	0	0	3	0	2	3	1	0	0	1
Thermoanaerobacterales_Family_III._Incertae_Sedis	3	0	3	5	1	3	0	3	2	2	2	4	7	3	4	5	8	6	0	2	7	3	1	2	5	7	2	3	5	7	4	2	4	2	2	2	9	5	16	2	10	0	7	1	2	5	6	6	6	2	0	7	3	3	5	4	2	9	16	6	8	3	4	1	9	6	5	4	14	7	11	7	1	6	9	3	7	9	1	3	3	11	13	8	3	3	4	4	10	9	12	4	19	0	3	0	1	0	1	2	5	8	6	24	4	6	3	4	2	11	1	2	3	7	4	5	3	5	7	26	9	8	4	12	6	7	7	2	4	5	5	4	2	2	0	1	5	4	4	3	1	1	1
Planococcaceae	0	0	0	0	0	0	0	0	0	0	1	0	0	0	0	0	0	0	0	0	0	0	1	0	0	0	0	1	0	0	0	0	0	0	0	0	0	0	0	0	0	0	2	0	0	0	0	0	1	0	1	0	0	0	0	0	0	0	0	0	0	0	0	0	0	0	0	0	0	0	0	0	1	1	0	0	0	0	0	0	0	0	3	0	1	0	0	0	0	0	0	0	0	0	0	0	0	0	0	0	0	1	0	0	0	0	0	0	1	0	0	0	0	0	0	1	0	0	0	0	1	0	0	0	1	1	0	0	0	0	0	0	1	0	0	0	0	1	0	0	0	0	0
Promicromonosporaceae	0	0	0	0	0	0	0	0	0	0	0	0	0	0	0	0	0	1	0	0	0	0	0	0	0	0	0	0	0	1	0	0	1	0	0	0	1	0	0	0	0	0	0	0	1	0	1	0	0	0	0	0	0	0	0	0	0	1	0	0	0	0	0	0	0	0	0	0	1	0	0	0	1	1	0	0	0	0	4	0	2	1	0	1	0	0	1	1	1	0	2	0	2	0	3	1	0	0	4	1	0	0	0	1	0	1	0	0	0	0	0	0	0	0	1	1	0	0	0	1	0	0	0	0	0	0	1	0	1	1	0	0	0	0	1	0	0	0	1	1	0	0	0
Pseudoalteromonadaceae	0	0	0	0	0	0	0	0	0	0	0	0	0	0	0	0	0	0	0	0	0	0	0	0	0	0	0	0	0	0	0	0	0	0	0	0	0	0	0	0	0	0	0	0	0	0	0	0	0	0	0	0	0	1	0	0	0	0	0	0	0	0	0	1	0	0	0	0	0	0	0	0	2	0	0	0	0	0	0	0	0	0	0	0	0	0	0	0	0	1	0	0	0	0	0	1	0	0	1	0	0	0	0	0	0	0	0	0	0	0	0	0	0	0	0	0	0	0	0	1	1	0	0	0	0	0	0	0	0	0	0	0	0	0	0	0	0	0	1	0	0	0	1
Parachlamydiaceae	0	0	0	0	0	0	0	0	0	0	0	0	0	0	0	0	0	0	0	0	0	0	0	0	1	0	0	0	0	0	0	0	0	0	0	0	0	0	0	0	0	1	0	0	0	0	0	2	1	1	0	0	0	0	0	1	0	0	0	0	0	0	0	0	0	0	0	0	0	2	0	0	0	0	0	1	0	0	1	0	1	1	0	0	0	0	0	1	0	0	4	0	2	0	2	0	1	1	0	0	0	0	0	0	0	4	0	0	0	1	0	0	0	1	2	0	0	0	0	0	0	0	0	0	0	0	0	0	1	1	0	0	1	0	0	0	0	0	0	0	0	2	0
Roseiflexaceae	0	0	0	0	0	0	0	0	0	0	0	0	0	0	0	0	0	2	0	0	0	1	0	0	3	0	1	0	1	1	0	0	0	0	0	3	2	0	1	0	0	0	0	1	2	0	0	1	1	0	0	0	1	0	0	0	0	1	0	0	1	3	1	1	0	1	0	0	0	0	0	2	0	0	0	0	0	0	0	0	6	2	0	0	2	0	0	0	0	1	2	0	2	0	0	1	1	0	1	0	3	0	0	2	1	3	1	1	0	0	0	0	0	0	2	0	0	0	0	0	0	0	0	0	0	0	0	1	0	0	0	0	1	0	0	1	1	0	2	0	0	0	0
Thermoanaerobacterales_Family_IV._Incertae_Sedis	0	0	0	0	0	0	0	0	0	0	0	0	0	0	0	0	0	0	0	0	0	0	0	0	0	0	0	0	1	0	0	0	0	0	0	1	1	0	0	0	0	0	5	0	0	0	0	0	3	0	0	4	1	1	0	0	1	0	1	1	0	0	1	2	2	0	0	0	0	0	0	0	0	0	0	0	0	4	3	0	3	4	2	1	1	0	0	0	0	0	5	0	9	0	0	0	0	0	0	0	0	0	0	2	0	3	0	0	0	0	0	1	0	0	0	0	1	0	0	1	0	0	0	0	0	0	0	2	0	2	1	0	1	0	0	0	1	0	0	2	0	0	0
Acidaminococcaceae	0	0	0	0	0	0	2	0	0	1	0	0	3	2	0	0	0	3	1	7	7	16	4	3	2	5	2	8	12	11	2	5	1	4	1	3	8	11	10	5	6	0	7	2	370	6	59	17	6	7	3	6	1795	10	5	0	16	17	3	7	16	4	4	16	7	6	10	11	5	2	1	6	20	13	7	3	27	1	6	6	348	27	12	10	49	29	4	1	6	5	64	1	24	13	10	41	5	3	28	3	1	0	2	47	2	17	8	3	859	2	460	6	14	347	8	0	2	0	0	8	2	1	6	0	0	1	2	16	9	186	1	2	57	0	3	16	2	13	14	1068	367	3	0
Brachyspiraceae	0	0	0	0	0	1	0	0	0	0	0	0	0	0	0	0	2	0	1	3	1	2	0	0	2	4	0	0	2	5	1	2	0	2	0	3	2	1	1	0	0	0	2	1	2	0	0	1	3	2	0	10	4	0	1	1	1	0	0	3	2	6	1	4	5	2	0	3	5	5	0	8	0	1	1	0	0	0	9	1	3	2	4	0	13	12	1	1	0	2	9	1	2	0	0	11	1	0	8	1	0	0	0	1	3	1	3	5	2	2	0	1	0	2	0	2	1	0	0	2	0	1	6	0	1	2	0	5	2	2	1	2	2	1	0	4	0	6	6	8	1	0	1
Aerococcaceae	0	0	0	0	0	0	0	0	0	0	0	0	0	0	0	0	0	0	0	1	0	0	0	0	1	0	0	0	0	0	0	0	0	0	0	0	0	1	0	0	0	0	0	0	0	0	0	0	0	0	0	0	0	0	0	2	0	0	0	0	0	0	0	0	0	0	0	0	0	0	0	0	0	0	0	0	0	0	0	0	0	2	0	0	0	1	0	1	0	0	1	0	0	0	0	0	0	0	0	0	0	0	0	0	0	0	1	0	0	0	0	0	0	0	1	0	0	0	0	0	0	0	0	2	1	0	0	1	1	1	1	2	0	0	0	0	0	1	0	0	0	0	0
Enterobacteriaceae	16	65	6	6	3	7	397	21	9	16	12	14	17	148	21	16	2056	147	1497	9	70	2001	352	4513	37	31	6	16	1247	53	125	3	69	3500	13	54	61	395	462	31596	298	2	24	1379	11	9	33	14	151	9	27	41	23	6	15	124	488	2325	28	135	103	24	8	486	34	146	10	41	34	129	601	48	503	950	5729	200	1977	51	4283	8	6936	185	38	55911	54	1206	16	36	19	2300	21667	13	211	25188	14890	98	33	46	38	15273	21	36	525	482	174	51573	24	40	29	51	93	43	943	10100	3395	3176	17	186	183	3626	42	42	35	129	521	34	1540	140	2386	24619	930	1032	8672	57	2948	15754	14854	16	1756	202	4722	6142	489
Psychromonadaceae	0	0	0	0	0	0	0	0	0	0	0	0	0	0	0	1	0	0	0	0	0	0	0	0	1	0	0	0	0	0	0	0	0	0	0	0	0	0	0	0	0	0	1	0	0	0	0	1	0	0	0	0	0	0	0	0	0	0	1	0	0	0	0	0	0	0	0	0	0	1	0	1	0	0	0	0	0	0	0	0	0	0	0	0	1	0	0	0	0	1	0	0	0	0	0	0	0	0	0	0	0	0	0	0	0	1	0	0	0	0	0	0	0	0	1	0	0	0	0	0	0	0	0	0	1	0	1	0	0	0	0	0	0	0	0	1	0	0	0	0	0	0	0
Xanthobacteraceae	0	0	0	0	0	0	0	0	0	0	0	0	0	0	0	0	0	1	1	0	1	1	0	1	2	0	0	0	0	0	0	0	3	0	1	0	2	0	2	0	0	0	3	1	0	1	0	0	1	0	0	2	1	0	0	0	0	1	0	0	0	0	0	1	0	1	1	0	2	0	0	0	1	2	0	0	0	5	1	0	4	2	1	0	2	3	1	1	3	1	3	0	7	0	4	1	0	0	5	0	1	0	1	8	0	5	2	1	1	0	1	0	1	0	3	1	0	0	0	2	0	0	1	0	0	0	0	2	6	2	0	1	1	0	0	1	0	2	4	1	1	0	1
Chromatiaceae	0	0	0	0	0	0	0	0	0	0	0	0	1	0	0	0	0	3	0	1	1	0	0	0	6	2	0	1	1	1	5	1	1	0	0	1	4	2	0	0	0	0	0	1	1	0	38	0	1	0	0	1	3	1	0	2	0	3	2	4	0	3	2	6	1	3	0	0	6	1	0	6	3	2	2	0	2	1	3	0	5	10	0	0	8	6	0	2	1	1	6	1	3	0	8	7	4	1	4	4	0	0	0	12	0	7	1	1	1	1	1	0	1	1	7	1	1	0	0	3	1	0	0	0	0	0	1	3	5	0	0	1	1	0	0	2	1	1	3	0	0	1	0
Magnetococcaceae	0	0	0	0	0	0	0	0	0	0	0	0	0	0	0	0	0	0	0	0	0	0	0	1	0	0	0	0	1	0	0	0	0	0	0	0	0	0	0	0	0	0	0	0	0	0	0	0	0	0	0	1	0	0	0	0	0	0	0	0	0	0	0	0	0	0	0	0	0	0	0	2	0	0	0	0	0	0	0	0	0	2	1	0	0	0	0	0	0	0	0	0	3	0	0	0	0	1	0	0	0	1	0	0	0	3	0	0	0	0	0	0	0	0	2	0	0	0	0	0	0	0	1	0	0	0	0	1	1	0	0	0	1	0	0	0	0	0	1	1	0	0	0
Halothiobacillaceae	0	0	0	0	0	0	0	0	0	0	0	0	0	0	0	0	0	0	0	0	0	0	0	0	0	0	0	0	0	0	0	0	0	0	0	0	0	0	1	0	0	0	0	0	0	1	0	0	0	0	0	0	0	0	0	0	0	0	0	0	0	0	0	1	0	0	0	0	1	0	0	0	0	0	0	0	0	0	0	0	0	0	0	0	0	0	0	0	1	0	1	0	0	0	0	0	0	0	0	0	2	0	0	0	0	1	0	0	0	0	0	0	0	0	1	0	0	1	0	1	0	0	0	0	0	0	0	0	0	0	0	0	1	0	0	0	0	0	0	0	0	0	0
Micromonosporaceae	0	0	0	0	0	0	0	0	0	0	0	0	0	0	0	0	1	0	1	0	2	0	0	0	3	3	0	0	1	4	3	0	0	0	0	1	2	0	2	2	1	0	0	0	2	2	0	1	5	0	1	1	2	0	1	1	1	8	1	0	0	2	1	5	1	5	1	1	2	3	0	3	1	4	2	2	0	7	3	0	7	13	1	0	11	6	3	2	0	4	14	0	8	2	12	5	5	0	10	0	2	0	0	4	1	5	4	1	0	0	0	0	0	1	6	1	0	1	0	1	0	0	0	0	0	0	0	4	9	0	0	2	3	0	0	5	0	7	10	2	0	2	0
Melioribacteraceae	0	0	0	0	0	0	0	0	0	0	0	0	0	0	0	0	0	0	0	1	0	0	0	0	0	0	0	0	0	0	0	0	0	0	0	0	0	0	0	1	0	0	2	0	0	0	0	0	0	0	0	0	0	0	0	0	0	0	2	0	1	0	0	0	1	0	0	1	0	0	1	0	0	0	0	0	0	0	0	0	0	0	0	0	0	0	0	0	0	0	1	0	3	1	0	1	0	0	0	0	0	0	0	0	0	0	1	1	0	0	0	0	0	0	1	0	0	0	0	0	0	0	0	0	0	0	0	0	0	0	0	0	0	0	1	0	0	0	0	0	0	0	0
Cellulomonadaceae	0	0	0	0	0	0	0	0	0	0	0	0	0	0	0	0	1	0	0	0	1	0	0	0	1	0	0	0	0	1	0	0	0	0	1	1	0	0	3	0	0	0	1	0	0	0	0	1	3	0	0	1	0	1	0	0	0	0	0	1	1	0	0	1	0	0	0	0	2	0	0	1	1	0	0	1	2	0	3	0	3	10	0	0	2	0	0	0	0	1	7	0	6	0	3	1	2	0	4	0	1	0	0	1	1	10	1	0	0	0	0	0	0	0	2	0	0	0	0	1	0	0	0	1	0	0	0	1	1	1	0	0	0	0	1	1	0	2	4	0	0	0	0
Thermotogaceae	0	0	0	0	0	0	0	0	0	0	0	0	1	0	0	0	0	0	0	0	0	0	0	0	1	0	0	0	2	0	0	0	0	1	0	0	1	0	0	0	0	0	1	2	0	0	0	0	2	0	1	3	1	0	0	0	0	1	0	0	0	1	0	0	0	0	0	0	0	0	0	0	1	0	1	0	2	0	2	0	5	12	0	0	1	0	0	0	1	0	5	0	9	0	0	0	1	0	1	0	0	0	1	0	0	2	1	0	0	1	1	0	1	0	1	0	0	0	0	0	0	0	2	0	0	0	0	1	4	0	0	0	1	0	0	0	0	0	2	1	0	0	0
Rhizobiaceae	0	0	0	2	0	0	0	0	0	0	0	0	0	0	0	0	2	4	1	1	5	6	0	0	2	5	2	1	6	3	0	2	3	4	0	5	5	2	3	2	3	0	3	1	2	3	1	1	4	1	3	3	5	0	1	1	2	11	3	4	7	2	2	5	7	8	1	3	14	5	3	6	4	1	1	4	3	3	9	1	13	12	8	1	12	6	6	5	3	9	22	1	17	2	13	8	9	1	24	2	5	2	2	3	3	16	7	1	4	1	1	3	1	4	10	1	3	1	0	7	0	2	4	0	1	1	4	6	7	8	0	2	13	1	1	5	1	7	12	5	1	1	1
Fusobacteriaceae	0	0	1	0	0	0	0	0	0	0	0	0	0	0	0	0	1	2	0	2	0	0	0	0	1	1	0	0	1	2	2	0	2	18	0	2	1	0	0	1	0	0	0	26	0	1	0	0	1	0	0	1	0	0	2	0	0	1	7	1	0	0	2	2	0	2	1	0	0	1	0	1	1	0	0	0	1	0	0	0	2	0	0	0	1	1	0	0	0	1	1	0	1	1	1	2	0	1	0	0	2	1	17	2	0	0	0	1	1	0	0	0	2	2	0	0	6	0	0	1	1	21	0	0	2	17	34	1	3	1	0	0	1	0	3	0	0	0	1	0	0	0	11
Alicyclobacillaceae	0	0	0	0	0	0	0	0	0	0	0	0	0	0	0	0	0	0	0	1	0	0	0	0	2	1	1	0	2	2	0	0	0	0	0	0	2	0	1	1	0	0	1	2	0	0	0	0	0	0	0	0	0	0	1	1	1	2	1	4	0	1	0	2	2	2	0	0	2	1	1	0	1	0	0	0	1	4	0	0	3	8	1	0	1	1	0	0	0	4	4	0	3	0	0	3	2	0	4	0	1	1	1	1	2	3	3	1	0	0	0	1	0	0	5	0	1	0	0	1	0	1	0	0	4	4	1	2	2	0	0	2	4	0	1	0	1	1	0	1	0	0	1
Bacteriovoracaceae	0	0	0	0	0	0	0	0	0	0	0	0	0	0	0	0	0	0	0	0	0	0	0	0	0	0	0	0	0	0	0	0	0	0	0	0	0	0	0	0	0	0	0	0	0	0	0	0	0	0	0	0	0	0	0	0	0	0	0	0	0	0	0	0	0	0	0	0	0	0	0	0	0	0	0	0	0	0	0	0	0	0	0	0	0	0	0	0	1	0	0	0	0	0	0	0	0	0	0	0	0	0	0	0	0	0	0	0	0	0	0	0	0	0	0	0	0	0	0	0	0	0	0	0	0	0	0	0	0	0	0	0	0	0	0	0	0	0	0	0	0	0	0
Frankiaceae	0	0	0	0	0	0	0	0	0	0	0	0	0	0	0	0	0	0	0	0	2	1	0	0	4	2	0	0	0	2	1	0	0	0	0	1	2	0	2	0	0	0	2	0	0	0	0	0	1	0	0	0	0	0	0	0	0	3	1	1	0	2	0	1	2	2	0	0	3	1	1	0	1	0	0	1	0	7	2	1	4	9	1	0	8	3	1	0	0	0	11	0	8	1	1	3	4	2	6	1	2	0	0	0	0	5	0	0	0	0	0	0	0	0	0	0	0	0	0	0	0	0	0	0	0	0	0	3	0	4	2	0	6	0	0	3	0	1	7	1	0	0	0
Halobacteroidaceae	0	0	0	0	0	0	0	0	0	0	0	0	0	0	0	0	0	0	0	0	0	0	0	0	1	0	0	0	0	0	0	0	0	0	0	0	0	0	0	0	0	0	1	0	0	0	0	0	0	0	0	0	0	0	0	0	1	0	0	0	0	0	0	0	0	0	0	0	0	0	0	0	0	1	0	0	0	0	0	0	2	3	0	0	1	0	0	0	1	1	0	0	0	0	1	0	0	0	0	0	0	0	1	0	0	1	0	0	0	0	0	0	0	2	0	0	0	0	0	0	0	0	0	0	0	0	0	0	0	1	0	1	1	0	0	0	2	0	3	0	0	0	0
Bdellovibrionaceae	0	0	0	0	0	0	1	0	0	0	0	0	0	1	0	0	1	0	0	0	1	0	0	0	0	1	1	0	1	0	0	0	0	0	0	0	0	0	0	0	0	0	1	0	0	0	0	1	0	0	1	3	0	0	0	0	0	0	0	0	0	1	0	0	0	3	0	0	0	0	3	2	1	0	1	0	0	0	0	0	2	0	0	0	0	0	0	1	0	0	0	0	3	0	0	0	3	0	2	0	0	1	0	0	0	4	0	0	0	0	2	0	0	0	0	1	0	0	0	2	0	0	0	0	0	0	0	0	1	0	0	0	2	0	1	0	0	0	3	2	0	1	0
Nitrosomonadaceae	0	0	0	0	0	0	0	0	0	0	0	0	0	0	0	0	0	0	0	1	0	0	0	0	0	1	0	0	0	0	0	0	0	0	0	1	0	0	0	0	0	0	0	0	0	0	0	0	0	0	0	1	1	0	2	0	0	0	1	0	1	0	0	0	0	0	0	0	0	1	0	0	0	0	0	1	0	0	0	0	2	1	1	0	1	0	0	0	0	0	1	0	1	0	0	0	0	0	1	0	0	0	0	0	0	1	1	0	0	0	0	0	0	0	2	0	0	0	0	0	0	0	0	0	0	0	0	1	0	0	0	1	1	0	0	1	0	0	2	1	0	1	0
Bacteroidaceae	29	34	63	7	2	37	388	17	19	12	41	19	48	239	3	21	43899	4205	101579	21983	4867	32347	19082	27934	3726	28083	1211	4119	28884	41630	1861	3160	62518	11134	2245	13338	4601	52297	11273	15270	57952	33	15174	4028	16842	16184	2405	11344	1854	19269	24426	13387	28585	35049	6548	1516	35996	25345	18226	17090	24773	37294	8298	17798	23906	44857	16192	15970	24922	10201	46958	18137	9026	36252	30524	5095	10166	9399	68279	17233	3544	5714	79699	47895	32393	20664	27894	5138	28419	3745	10446	2379	3707	40908	44000	32439	50044	2196	35075	37804	49345	1684	8901	3796	19884	10331	15201	18270	45724	13876	14674	20034	27490	75798	4024	11154	1800	5006	670	13399	15370	874	9397	159	3001	1736	6426	27953	32671	9178	6214	4997	7139	523	4378	28830	1709	14175	30193	35519	5655	2631	641
Paenibacillaceae	0	0	0	0	0	0	1	0	0	0	0	0	0	0	0	0	2	3	3	5	3	2	0	4	9	6	0	0	5	4	3	2	5	2	0	5	6	3	5	6	1	0	4	2	4	2	0	4	10	0	1	9	9	4	5	2	2	7	5	2	2	5	0	6	11	14	4	5	13	4	5	11	3	2	2	5	2	3	15	0	25	33	7	3	18	12	1	4	6	12	34	1	32	6	10	16	12	3	22	0	1	1	1	8	2	15	11	0	2	0	4	1	5	11	6	3	0	0	0	8	1	0	5	0	2	0	2	8	7	12	3	1	18	0	0	4	1	4	14	15	3	4	0
Gordoniaceae	0	0	0	0	0	0	0	0	0	0	0	0	0	0	0	0	0	0	0	0	4	0	0	0	1	0	0	1	0	0	0	3	0	2	0	0	1	0	0	1	0	0	0	0	0	0	0	0	1	0	0	1	0	0	1	0	0	0	0	0	0	0	0	0	0	0	1	0	2	0	0	0	0	0	0	1	0	0	4	0	3	9	0	0	0	4	0	1	0	0	5	0	8	0	0	1	0	0	1	0	0	0	0	0	0	3	1	0	0	0	0	0	0	0	3	0	0	1	0	0	0	0	3	0	0	0	0	2	0	2	1	0	0	1	1	1	0	1	0	0	0	0	0
Halanaerobiaceae	0	0	0	0	0	0	0	0	0	0	0	0	0	0	0	0	1	0	0	0	1	1	0	0	1	2	0	0	0	0	0	0	0	0	0	1	2	1	0	0	0	0	1	0	0	0	0	1	1	0	0	0	0	0	0	0	0	1	0	0	0	2	0	1	0	0	0	0	0	2	0	0	0	0	0	0	0	1	2	0	1	3	1	0	0	0	0	0	0	0	1	0	3	0	2	0	0	0	0	0	1	0	0	1	0	2	1	0	1	0	0	1	0	0	0	0	1	0	0	0	0	0	0	0	0	0	0	0	0	1	1	0	0	0	0	0	0	0	0	1	0	0	0
Sphaerobacteraceae	0	0	0	0	0	0	0	0	0	0	0	0	0	0	0	0	0	0	0	0	1	0	0	0	0	1	0	0	0	1	2	0	0	0	0	0	0	1	0	0	0	0	0	0	0	0	0	0	0	0	0	1	0	0	0	0	0	1	0	0	0	0	0	0	0	0	0	0	0	0	0	1	0	0	0	1	0	2	2	0	0	1	0	0	7	2	0	0	0	1	3	0	2	1	4	1	3	0	5	0	0	0	0	6	0	1	0	0	1	0	0	0	0	0	2	0	0	0	0	0	0	0	0	0	0	0	0	0	0	0	0	0	3	0	0	1	0	0	0	0	1	0	0
Chlorobiaceae	0	0	0	1	0	0	0	0	0	1	0	0	0	0	0	0	1	4	1	4	1	5	1	5	4	5	0	3	5	2	1	1	7	1	0	1	5	4	5	0	4	0	6	2	4	0	1	0	4	0	3	1	2	1	4	0	7	8	2	5	0	7	0	7	2	3	2	1	14	5	3	4	4	4	4	2	3	8	9	8	16	27	6	1	14	9	5	3	8	4	23	0	15	2	20	18	26	4	22	3	4	0	0	7	10	14	6	4	4	0	4	10	3	1	4	0	0	1	0	3	1	1	0	0	2	0	0	12	0	14	1	1	15	0	0	10	1	5	12	5	0	0	0
Elusimicrobiaceae	0	0	0	0	0	0	0	0	0	0	0	0	0	0	0	0	0	0	0	0	0	0	1	0	0	0	0	0	0	0	0	0	0	0	0	0	0	0	0	1	0	0	0	0	0	0	0	0	0	0	0	0	0	0	0	0	0	0	1	0	0	0	0	0	0	2	1	1	0	0	0	0	0	0	0	0	0	0	0	0	0	0	0	0	0	0	0	0	0	0	0	0	0	0	0	0	0	0	1	1	0	0	0	1	0	0	0	0	0	0	0	0	0	0	0	0	0	0	0	0	0	0	0	0	0	0	0	0	0	0	0	0	0	0	0	0	0	0	0	0	0	0	0
Streptomycetaceae	0	0	0	1	0	1	0	1	0	1	0	0	0	0	0	0	0	5	2	4	4	2	1	0	7	8	1	0	7	11	3	4	6	8	1	2	1	2	10	2	0	0	2	1	3	3	0	0	6	1	3	2	5	0	4	0	1	10	7	6	2	4	1	11	2	10	5	4	8	4	4	5	7	3	1	1	2	8	23	3	23	39	6	1	20	3	6	3	0	5	19	0	27	4	16	7	20	0	22	3	6	0	0	14	5	36	5	2	3	0	1	3	4	2	8	0	2	0	0	3	1	0	7	0	1	0	0	4	8	8	1	0	19	0	1	7	2	7	12	8	0	2	0
Microbacteriaceae	0	0	0	0	0	0	0	0	0	0	0	0	0	0	0	0	0	1	0	0	0	0	0	0	0	2	0	2	1	0	3	0	0	0	0	0	0	0	1	0	1	0	1	0	1	0	0	0	1	1	0	1	0	0	0	0	0	1	2	2	0	0	0	2	0	3	1	0	0	0	0	2	0	0	0	3	2	2	11	0	3	11	1	0	1	2	1	0	1	3	8	0	7	0	2	3	1	2	3	1	5	0	0	1	0	7	1	1	0	1	0	1	0	0	1	1	0	0	0	0	0	0	0	0	0	0	0	2	3	2	0	0	2	0	0	0	0	2	3	0	0	0	0
Flammeovirgaceae	0	0	0	0	0	0	0	0	0	0	0	0	0	0	0	0	0	0	0	0	0	0	0	0	0	0	0	0	0	0	0	0	0	0	0	0	0	0	0	0	0	0	0	0	1	0	0	0	0	0	0	1	0	0	0	1	0	0	0	1	0	0	0	0	0	0	0	0	0	0	0	0	2	0	0	0	0	0	0	0	0	0	0	0	0	0	0	0	0	0	0	0	0	0	0	0	0	0	0	0	0	0	0	0	0	0	0	0	0	0	0	0	0	0	0	0	0	0	0	1	0	0	1	0	0	0	0	0	0	0	0	0	0	0	0	0	2	0	0	0	0	0	0
Sulfuricellaceae	0	0	0	0	0	0	0	0	0	0	0	0	0	0	0	0	0	1	0	0	0	0	0	0	0	0	0	0	0	0	1	0	0	0	0	0	1	0	0	1	2	0	0	0	0	0	2	0	0	0	0	0	0	0	0	0	0	0	0	1	0	0	0	0	0	0	0	0	0	0	1	0	0	0	0	0	0	0	0	0	0	1	0	0	1	1	0	1	0	0	0	0	2	0	0	2	0	0	1	0	0	0	0	0	1	0	0	0	0	0	0	0	0	0	3	0	0	0	0	1	0	0	0	0	0	0	0	0	2	0	0	0	2	0	0	0	0	0	0	0	0	1	0
Dermabacteraceae	0	0	0	0	0	0	0	0	0	0	0	0	0	0	0	0	0	0	0	0	0	0	0	0	1	0	0	0	1	0	0	1	0	0	0	0	0	0	0	0	0	0	1	0	0	0	0	1	1	0	0	0	0	0	0	0	1	2	0	0	0	0	0	2	0	0	0	0	3	0	0	2	0	0	0	0	0	0	5	0	1	1	0	0	1	0	0	0	0	1	0	0	3	0	0	0	0	0	2	0	0	0	0	0	0	0	2	0	0	0	0	0	0	0	1	0	1	0	0	1	0	0	0	0	1	0	0	2	1	0	1	0	1	0	2	0	2	0	0	1	0	1	0
Conexibacteraceae	0	0	0	0	0	0	0	0	0	0	0	0	0	0	0	0	0	1	0	0	0	0	0	0	1	0	0	0	1	0	0	0	0	0	0	0	0	0	1	0	0	0	1	0	0	0	0	0	1	0	0	0	0	0	1	0	0	0	0	0	0	0	0	0	0	0	1	1	0	0	0	0	0	0	0	0	0	1	1	0	0	2	1	0	1	1	0	0	0	1	0	0	1	0	0	2	0	0	0	0	0	0	0	1	0	2	0	0	0	0	0	0	0	0	0	0	0	0	0	1	0	0	0	0	0	0	0	0	0	1	0	0	0	0	0	0	0	1	0	0	0	0	0
Thermomicrobiaceae	0	0	0	0	0	0	0	0	0	0	0	0	0	0	0	0	0	0	0	0	0	0	0	0	0	1	0	0	0	0	0	0	0	0	0	0	1	0	0	0	0	0	0	0	0	0	0	0	2	0	0	0	1	1	0	0	0	0	0	0	0	0	0	0	0	0	0	0	0	0	0	0	0	0	0	0	0	0	0	0	1	0	0	1	0	1	0	1	0	0	0	0	3	0	0	0	0	0	0	0	0	0	0	0	0	1	0	0	0	0	0	0	0	0	0	0	0	0	0	0	0	0	0	0	0	0	0	0	0	0	0	0	0	0	0	1	0	0	0	0	0	0	0
Cryomorphaceae	0	0	0	0	0	0	0	0	0	0	0	0	0	0	0	0	1	0	0	0	0	0	0	1	0	0	0	0	0	0	0	0	0	0	0	0	1	0	0	2	0	0	0	0	0	0	0	0	0	0	0	0	0	2	0	0	0	0	0	1	0	0	0	2	0	0	1	0	0	0	0	1	0	0	1	0	0	1	0	0	0	0	0	0	0	1	0	1	0	0	0	1	0	0	0	0	1	0	0	1	0	0	0	0	0	0	0	1	1	0	0	0	0	1	1	0	0	0	0	0	0	0	1	0	0	0	0	0	0	1	0	1	0	0	0	1	0	0	1	0	0	0	0
Thermoanaerobacteraceae	3	1	6	5	2	3	1	6	2	3	3	5	6	6	4	4	1	4	1	0	3	1	2	2	6	0	1	1	3	6	3	2	0	1	0	2	5	0	1	1	0	0	6	2	4	0	0	1	2	1	1	6	4	0	2	3	2	5	1	5	3	1	1	5	4	0	1	1	4	10	1	3	3	0	5	2	1	2	4	1	10	25	2	2	6	6	1	4	2	3	23	0	22	4	2	6	2	1	11	0	1	6	4	1	1	19	3	1	1	2	0	1	1	2	9	0	1	2	0	9	1	0	3	1	2	1	3	6	7	11	7	3	10	2	4	9	1	5	6	6	1	2	0
