sample	counts	otuCounts	otuPercent	genus counts	genus percents	family counts	family percent	order counts	order percent	class counts	class percent	phylum counts	phylum percent
ST00001	18522	17246	0.931108952	12469	0.723008234	16133	0.935463296	17246	1	17246	1	17246	1
ST00003	28145	24577	0.873227927	13461	0.547707206	23307	0.94832567	24574	0.999877935	24577	1	24577	1
ST00005	148095	140334	0.94759445	106150	0.756409708	133320	0.95001924	140320	0.999900238	140334	1	140334	1
ST00006	23681	22751	0.96072801	16245	0.714034548	21860	0.960836886	22751	1	22751	1	22751	1
ST00008	66322	64257	0.968864027	49131	0.764601522	62017	0.965139985	64254	0.999953312	64257	1	64257	1
ST00009	23112	22283	0.964131187	16531	0.741865996	21636	0.970964412	22282	0.999955123	22283	1	22283	1
ST00015	72830	71625	0.98345462	63245	0.883001745	70411	0.983050611	71618	0.999902269	71625	1	71625	1
ST00016	96166	94120	0.978724289	76329	0.810975351	91108	0.9679983	94111	0.999904377	94120	1	94120	1
ST00017	1653	1582	0.957047792	753	0.475979772	1476	0.932996207	1582	1	1582	1	1582	1
ST00018	41230	39895	0.967620665	28083	0.703922797	37370	0.936708861	39875	0.999498684	39895	1	39895	1
ST00019	40467	39589	0.978303309	31354	0.791987673	38629	0.97575084	39587	0.999949481	39589	1	39589	1
ST00021	53418	50856	0.952038639	25767	0.50666588	48501	0.95369278	50855	0.999980337	50856	1	50856	1
ST00023	81169	79418	0.978427725	49638	0.625022035	74065	0.932597144	79392	0.999672618	79418	1	79418	1
ST00026	11344	10929	0.963416784	6521	0.596669412	9513	0.870436453	10928	0.9999085	10929	1	10929	1
ST00027	21435	20174	0.941170982	8265	0.409685734	16909	0.838158025	20170	0.999801725	20174	1	20174	1
ST00028	128652	124553	0.968138855	99190	0.796367811	119870	0.962401548	124549	0.999967885	124553	1	124553	1
ST00030	24738	23652	0.956099927	20450	0.864620328	22715	0.9603839	23651	0.99995772	23652	1	23652	1
ST00031	26049	25201	0.967445967	18864	0.748541725	23711	0.940875362	25201	1	25201	1	25201	1
ST00035	70086	69064	0.985417915	35196	0.509614271	62049	0.898427545	69052	0.999826248	69064	1	69064	1
ST00039	355	330	0.929577465	268	0.812121212	317	0.960606061	330	1	330	1	330	1
ST00040	85	80	0.941176471	55	0.6875	76	0.95	80	1	80	1	80	1
ST00041	24147	23077	0.955688077	18916	0.819690601	22665	0.982146726	23074	0.99987	23077	1	23077	1
ST00042	10852	10602	0.976962772	5901	0.556593096	9408	0.88737974	10579	0.997830598	10602	1	10602	1
ST00044	103953	102277	0.983877329	75788	0.741007265	98240	0.96052876	102276	0.999990223	102277	1	102277	1
ST00045	274030	269570	0.98372441	250317	0.928578848	265986	0.986704752	269556	0.999948065	269570	1	269570	1
ST00046	286802	279384	0.974135466	219888	0.787045786	264496	0.946711336	279362	0.999921255	279384	1	279384	1
ST00047	109502	101862	0.930229585	66042	0.648347765	93668	0.919557833	101842	0.999803656	101862	1	101862	1
ST00050	154016	144761	0.939908841	104962	0.725070979	136993	0.946339138	144759	0.999986184	144761	1	144761	1
ST00051	21522	20225	0.939736084	11571	0.572113721	18235	0.901606922	20225	1	20225	1	20225	1
ST00053	61120	59692	0.976636126	40581	0.679839845	55296	0.92635529	59690	0.999966495	59692	1	59692	1
ST00054	37646	36741	0.975960261	22054	0.600255845	33558	0.913366539	36688	0.99855747	36741	1	36741	1
ST00056	59429	58460	0.983694829	34694	0.593465618	47239	0.808056791	58457	0.999948683	58460	1	58460	1
ST00057	105755	81328	0.769022741	30488	0.374877041	69959	0.860208046	81283	0.999446685	81328	1	81328	1
ST00059	98927	96667	0.977154872	78198	0.808942038	92470	0.956582908	96665	0.99997931	96667	1	96667	1
ST00060	42967	40655	0.946191263	34353	0.844988316	38313	0.94239331	40653	0.999950806	40655	1	40655	1
ST00062	27462	25834	0.940718083	13370	0.517535031	22081	0.85472633	25831	0.999883874	25834	1	25834	1
ST00063	105519	102529	0.971663871	56199	0.548127847	93819	0.915048425	102529	1	102529	1	102529	1
ST00064	60145	58816	0.9779034	46036	0.782712187	55591	0.945167982	58813	0.999948993	58816	1	58816	1
ST00065	163811	152758	0.932525899	106250	0.695544587	142766	0.93458935	152744	0.999908352	152758	1	152758	1
ST00067	41935	41012	0.977989746	28563	0.696454696	38749	0.944821028	41012	1	41012	1	41012	1
ST00069	222092	207496	0.934279488	118946	0.573244785	188644	0.909145237	207482	0.999932529	207496	1	207496	1
ST00070	251396	241374	0.960134608	198318	0.821621219	231600	0.959506823	241366	0.999966856	241374	1	241374	1
ST00075	189054	185296	0.980122082	141470	0.763481133	177880	0.959977549	185244	0.999719368	185296	1	185296	1
ST00076	521162	478358	0.917868148	285674	0.597197078	426224	0.891014679	478348	0.999979095	478358	1	478358	1
ST00077	144318	140038	0.97034327	86556	0.618089376	129470	0.924534769	139980	0.999585827	140038	1	140038	1
ST00078	68796	67320	0.978545264	42648	0.633511586	62946	0.935026738	67294	0.999613785	67320	1	67320	1
ST00081	88428	87056	0.984484552	66804	0.767368131	84396	0.969444955	87034	0.999747289	87056	1	87056	1
ST00082	837208	814668	0.97307718	549148	0.67407582	757820	0.930219427	814652	0.99998036	814668	1	814668	1
ST00083	180240	173348	0.961762095	107210	0.618466899	158308	0.913238111	173336	0.999930775	173348	1	173348	1
ST00084	15038	14744	0.980449528	7856	0.532826913	13380	0.907487792	14740	0.999728703	14744	1	14744	1
ST00085	190064	185970	0.978459887	123394	0.663515621	177818	0.956164973	185954	0.999913965	185970	1	185970	1
ST00086	26852	26144	0.973633249	19474	0.744874541	25076	0.959149327	26144	1	26144	1	26144	1
ST00088	76840	70656	0.919521083	36024	0.509850543	63416	0.897531703	70638	0.999745245	70656	1	70656	1
ST00091	15830	14968	0.945546431	10992	0.734366649	14082	0.940807055	14968	1	14968	1	14968	1
ST00092	447770	439058	0.980543583	291236	0.663320108	406460	0.925754684	438962	0.99978135	439058	1	439058	1
ST00093	552338	542488	0.982166717	397654	0.733018979	526078	0.969750483	542436	0.999904145	542488	1	542488	1
ST00094	42011	39767	0.946585418	23583	0.593029396	37413	0.94080519	39766	0.999974854	39767	1	39767	1
ST00095	59300	55322	0.932917369	22460	0.405986768	43246	0.781714327	55322	1	55322	1	55322	1
ST00100	58017	53619	0.924194633	27988	0.521979149	48770	0.909565639	53614	0.999906749	53619	1	53619	1
ST00101	67066	64488	0.961560254	56117	0.870192904	61314	0.950781541	64487	0.999984493	64488	1	64488	1
ST00103	5544	5426	0.978715729	3452	0.636196093	4940	0.910431257	5426	1	5426	1	5426	1
ST00105	147984	145844	0.985538977	118438	0.812086887	142580	0.977619923	145842	0.999986287	145844	1	145844	1
ST00109	108652	103942	0.956650591	57282	0.551095803	96034	0.923919109	103940	0.999980758	103942	1	103942	1
ST00111	139806	127038	0.908673447	69768	0.549190006	113296	0.891827642	127016	0.999826823	127038	1	127038	1
ST00112	55324	52562	0.950075916	33598	0.639207032	48629	0.92517408	52562	1	52562	1	52562	1
ST00116	147308	136340	0.925543759	52620	0.385946897	115886	0.849977996	136302	0.999721285	136340	1	136340	1
ST00123	16684	16384	0.982018701	11639	0.710388184	15721	0.959533691	16382	0.99987793	16384	1	16384	1
ST00124	159924	153710	0.961144043	94474	0.614624943	147042	0.956619608	153662	0.999687724	153710	1	153710	1
ST00127	42396	41070	0.968723464	30394	0.740053567	39472	0.961090821	41070	1	41070	1	41070	1
ST00131	101324	98014	0.967332517	83772	0.854694227	95320	0.972514131	98009	0.999948987	98014	1	98014	1
ST00132	123269	120374	0.976514777	80951	0.672495722	113002	0.938757539	120374	1	120374	1	120374	1
ST00136	14890	13822	0.928274009	7378	0.533786717	12426	0.899001592	13818	0.999710606	13822	1	13822	1
ST00138	44208	41570	0.940327543	20542	0.494154438	38754	0.932258841	41570	1	41570	1	41570	1
ST00139	238788	229272	0.960148751	134114	0.58495586	214872	0.937192505	229224	0.999790642	229272	1	229272	1
ST00141	156622	148508	0.94819374	108424	0.730088615	137260	0.924259973	148508	1	148508	1	148508	1
ST00142	124062	119588	0.963937386	102736	0.859082851	116998	0.978342309	119584	0.999966552	119586	0.999983276	119586	0.999983276
ST00143	100184	95738	0.955621656	60080	0.627546011	88678	0.926257077	95736	0.99997911	95738	1	95738	1
ST00146	5705	5422	0.950394391	3197	0.589634821	5119	0.944116562	5417	0.999077831	5422	1	5422	1
ST00150	177582	167216	0.941626967	83486	0.499270405	151070	0.903442254	167042	0.99895943	167216	1	167216	1
ST00151	141832	138258	0.974801173	84294	0.609686239	132811	0.960602641	138258	1	138258	1	138258	1
ST00152	63493	62320	0.981525522	42769	0.686280488	59812	0.959756098	62320	1	62320	1	62320	1
ST00159	95145	92596	0.973209312	82696	0.893083935	90526	0.977644823	92589	0.999924403	92596	1	92596	1
ST00161	135660	132066	0.973507298	77951	0.590242757	125041	0.9468069	132045	0.999840989	132066	1	132066	1
ST00162	202366	181524	0.897008391	110388	0.608117935	155364	0.855886825	181436	0.999515216	181524	1	181524	1
ST00163	218368	214050	0.98022604	126452	0.590759168	201524	0.941480962	213868	0.999149731	214050	1	214050	1
ST00166	241042	226888	0.941279943	147128	0.648460915	215046	0.947806847	226886	0.999991185	226888	1	226888	1
ST00167	684396	674796	0.985973033	515630	0.764127233	649986	0.963233333	674774	0.999967398	674796	1	674796	1
ST00172	182140	179122	0.983430328	123185	0.687715635	172924	0.965397885	179105	0.999905093	179122	1	179122	1
ST00178	39151	38402	0.980868943	25192	0.6560075	35548	0.925680954	38402	1	38402	1	38402	1
ST00183	73291	69952	0.954441882	51901	0.741951624	65317	0.933740279	69944	0.999885636	69952	1	69952	1
ST00184	90786	88511	0.97494107	71548	0.808351504	84878	0.958954254	88511	1	88511	1	88511	1
ST00193	137607	135348	0.983583684	72089	0.532619618	124976	0.923367911	135330	0.999867009	135348	1	135348	1
ST00194	55548	54361	0.978631094	39695	0.730210997	51809	0.95305458	54356	0.999908022	54361	1	54361	1
ST00205	555094	532146	0.958659254	381096	0.716149327	495876	0.931842013	532140	0.999988725	532146	1	532146	1
ST00207	1023802	1004630	0.981273723	735244	0.731855509	943144	0.938797368	1004436	0.999806894	1004630	1	1004630	1
ST00222	115912	113173	0.976370005	95874	0.847145521	109248	0.965318583	113171	0.999982328	113173	1	113173	1
ST00223	269184	263024	0.977116025	206138	0.783723158	252914	0.961562443	263024	1	263024	1	263024	1
ST00226	438920	423070	0.963888636	238614	0.564005956	385142	0.910350533	423058	0.999971636	423070	1	423070	1
ST00227	15076	14614	0.969355267	11974	0.819351307	13848	0.947584508	14614	1	14614	1	14614	1
ST00228	11198	10771	0.961868191	7152	0.664005199	10439	0.969176492	10771	1	10771	1	10771	1
ST00231	78416	74206	0.946311977	40824	0.550144193	66371	0.894415546	74205	0.999986524	74206	1	74206	1
ST00232	37486	37009	0.987275249	28103	0.759355832	36205	0.978275555	36963	0.998757059	37009	1	37009	1
ST00234	145580	129256	0.887869213	75946	0.587562666	116742	0.903184378	129244	0.999907161	129256	1	129256	1
ST00243	259314	248485	0.958239817	197037	0.792953297	235736	0.94869308	248481	0.999983902	248485	1	248485	1
ST00248	131829	125346	0.950822657	86474	0.689882406	115618	0.922390822	125340	0.999952132	125346	1	125346	1
ST00253	127640	124963	0.979026951	77293	0.618527084	114593	0.917015437	124960	0.999975993	124963	1	124963	1
ST00259	13154	11530	0.876539456	7808	0.677189939	10700	0.928013877	11530	1	11530	1	11530	1
ST00266	216422	213006	0.984216022	171298	0.804193309	203836	0.956949569	212992	0.999934274	213006	1	213006	1
ST00379	49032	46651	0.951439876	27290	0.584982101	42235	0.90533965	46634	0.999635592	46651	1	46651	1
ST00382	81156	76884	0.947360639	46397	0.603467562	65886	0.856953332	76872	0.999843921	76884	1	76884	1
ST00383	148429	139095	0.937114715	75199	0.540630504	133390	0.958984866	138995	0.999281067	139095	1	139095	1
ST00384	181	163	0.900552486	107	0.656441718	150	0.920245399	163	1	163	1	163	1
ST00386	242642	236000	0.972626338	192014	0.813618644	228016	0.966169492	235922	0.999669492	236000	1	236000	1
ST00387	140996	138521	0.982446311	111993	0.808491131	133914	0.966741505	138518	0.999978343	138521	1	138521	1
ST00411	22931	21628	0.943177358	12108	0.55982985	20320	0.939522841	21628	1	21628	1	21628	1
ST00412	1768150	1701519	0.96231598	1071925	0.629981211	1537228	0.90344451	1701458	0.99996415	1701519	1	1701519	1
ST00420	105282	95108	0.903364298	46439	0.488276486	82407	0.86645708	94936	0.99819153	95108	1	95108	1
ST00425	125627	119671	0.95258981	98053	0.819354731	113367	0.947322242	119669	0.999983288	119671	1	119671	1
ST00465	107654	105063	0.975932153	77239	0.735168423	99923	0.951076973	105062	0.999990482	105063	1	105063	1
ST00480	130986	128529	0.98124227	91541	0.712220588	127285	0.99032125	128526	0.999976659	128529	1	128529	1
SW00001	135733	129764	0.956023959	90948	0.700872353	125326	0.965799451	129764	1	129764	1	129764	1
SW00002	58020	56571	0.975025853	34063	0.602128299	52398	0.92623429	56570	0.999982323	56571	1	56571	1
SW00003	81254	71551	0.88058434	35059	0.489986164	64080	0.895584967	71549	0.999972048	71551	1	71551	1
SW00004	28863	27103	0.939022278	18196	0.671364794	25428	0.938198723	27101	0.999926207	27103	1	27103	1
SW00005	59721	57863	0.968888666	38323	0.662305791	52684	0.910495481	57863	1	57863	1	57863	1
SW00006	171689	163176	0.950416159	102710	0.629443055	150673	0.923377212	163176	1	163176	1	163176	1
SW00007	45692	42736	0.935305962	20698	0.484322351	39178	0.916744665	42736	1	42736	1	42736	1
SW00009	157125	153224	0.975172633	90345	0.589626951	141949	0.926414922	153224	1	153224	1	153224	1
SW00010	188	164	0.872340426	129	0.786585366	156	0.951219512	164	1	164	1	164	1
SW00011	128519	122588	0.953851182	84492	0.689235488	118316	0.965151565	122588	1	122588	1	122588	1
SW00012	78576	76417	0.972523417	55523	0.726579164	69569	0.910386432	76417	1	76417	1	76417	1
SW00013	147096	141574	0.96245989	88688	0.626442708	131777	0.930799441	141574	1	141574	1	141574	1
SW00014	173876	167709	0.964532195	119437	0.712168101	159069	0.948482192	167704	0.999970186	167709	1	167709	1
SW00017	348260	298999	0.858551083	216924	0.725500754	272803	0.912387667	298992	0.999976589	298999	1	298999	1
SW00018	83875	80295	0.957317437	61512	0.766075098	75497	0.940245345	80295	1	80295	1	80295	1
SW00019	142223	139459	0.980565731	116476	0.835198876	136516	0.978897023	139459	1	139459	1	139459	1
SW00020	56345	46004	0.816469962	37074	0.805886445	44498	0.967263716	46004	1	46004	1	46004	1
SW00021	54742	45246	0.826531731	38241	0.845179684	44223	0.977390267	45246	1	45246	1	45246	1
SW00022	18554	18169	0.979249757	13101	0.72106335	17541	0.965435632	18169	1	18169	1	18169	1
SW00023	58635	56044	0.955811375	38110	0.680001427	52301	0.93321319	56043	0.999982157	56044	1	56044	1
SW00024A	174133	137290	0.788420345	102911	0.749588462	129939	0.946456406	137290	1	137290	1	137290	1
SW00024B	53466	51375	0.960891034	27544	0.536136253	46410	0.903357664	51374	0.999980535	51375	1	51375	1
SW00025	21211	19584	0.923294517	11288	0.576388889	19027	0.971558415	19584	1	19584	1	19584	1
SW00026	86392	79489	0.920096768	55699	0.700713306	76924	0.967731384	79489	1	79489	1	79489	1
SW00027	13749	13201	0.960142556	11009	0.833951973	12740	0.965078403	13201	1	13201	1	13201	1
SW00028	157676	136341	0.864690885	132732	0.973529606	135956	0.997176198	136341	1	136341	1	136341	1
SW00029	38343	29535	0.770284015	20370	0.689690198	27286	0.923853056	29534	0.999966142	29535	1	29535	1
SW00030	257453	251831	0.978163005	187230	0.743474791	244725	0.971782664	251829	0.999992058	251831	1	251831	1
SW00031	7967	7716	0.968495042	6061	0.785510627	7221	0.935847589	7716	1	7716	1	7716	1
SW00032	31695	29557	0.932544565	14481	0.489934702	26362	0.891903779	29557	1	29557	1	29557	1
SW00033	6653	6538	0.982714565	4139	0.633068217	6143	0.939583971	6538	1	6538	1	6538	1
SW00035	39206	35245	0.898969545	30131	0.854901404	34464	0.977840828	35244	0.999971627	35245	1	35245	1
SW00036	15580	11898	0.763671374	10364	0.871070768	11671	0.980921163	11898	1	11898	1	11898	1
SW00038	14770	14328	0.970074475	10358	0.722920156	13536	0.944723618	14328	1	14328	1	14328	1
SW00039	65190	60478	0.927718975	34244	0.566222428	52398	0.866397698	60466	0.999801581	60478	1	60478	1
SW00040	59861	52365	0.874776566	41662	0.795607753	49853	0.952029027	52365	1	52365	1	52365	1
SW00041	16772	15270	0.910445981	10984	0.719318926	14279	0.935101506	15270	1	15270	1	15270	1
SW00042	121508	117489	0.966923989	93545	0.796202198	113418	0.965349948	117485	0.999965954	117489	1	117489	1
SW00043	94148	90910	0.965607342	51314	0.564448356	82408	0.906478935	90907	0.999967	90910	1	90910	1
SW00044	5784	5552	0.95988935	3824	0.688760807	5312	0.956772334	5552	1	5552	1	5552	1
SW00045	479320	436110	0.909851456	307632	0.705400014	404294	0.927045929	436108	0.999995414	436110	1	436110	1
SW00046	212167	199564	0.940598679	132088	0.661882905	190036	0.952255918	199564	1	199564	1	199564	1
SW00047	719322	636370	0.884680296	469352	0.737545767	618026	0.971174003	636360	0.999984286	636370	1	636370	1
SW00048	96002	93614	0.975125518	58336	0.623154656	92474	0.987822334	93614	1	93614	1	93614	1
SW00049	414846	404524	0.975118478	322046	0.796110985	386202	0.954707261	404524	1	404524	1	404524	1
SW00050	27784	27124	0.976245321	14126	0.520793393	25568	0.94263383	27118	0.999778794	27124	1	27124	1
SW00051	14646	13772	0.940325003	9100	0.660760964	12976	0.942201568	13772	1	13772	1	13772	1
SW00052	84068	80061	0.952336204	43744	0.546383383	72067	0.900151135	80061	1	80061	1	80061	1
SW00053	349220	338804	0.97017353	271700	0.801938584	327086	0.965413631	338786	0.999946872	338804	1	338804	1
SW00054	125398	111798	0.89154532	71000	0.635073973	101576	0.908567237	111792	0.999946332	111798	1	111798	1
SW00055	165938	147000	0.885873037	77334	0.526081633	132786	0.903306122	146984	0.999891156	147000	1	147000	1
SW00056	50453	47888	0.949160605	35453	0.740331607	46022	0.96103408	47888	1	47888	1	47888	1
SW00057	199696	190150	0.95219734	118478	0.623076519	174584	0.918138312	190150	1	190150	1	190150	1
SW00060	51181	49075	0.958851918	33138	0.675252165	46739	0.952399389	49075	1	49075	1	49075	1
SW00061	260384	252636	0.970243947	177574	0.702884783	238112	0.942510173	252634	0.999992083	252636	1	252636	1
SW00062	1491482	1427778	0.95728812	1067904	0.74794821	1397942	0.979103194	1427750	0.999980389	1427778	1	1427778	1
SW00063	137160	125162	0.912525518	81722	0.652929803	111504	0.890877423	125158	0.999968041	125162	1	125162	1
SW00064	34098	23556	0.690832307	21230	0.90125658	23368	0.992019019	23552	0.999830192	23556	1	23556	1
SW00065	8600	6638	0.771860465	5122	0.771617957	6312	0.950888822	6636	0.999698704	6638	1	6638	1
SW00066	262234	231366	0.882288338	147012	0.635408833	215084	0.929626652	231338	0.99987898	231366	1	231366	1
SW00067	1040	911	0.875961538	589	0.646542261	859	0.942919868	911	1	911	1	911	1
SW00068	173936	168926	0.971196302	119980	0.710251826	161882	0.958301268	168918	0.999952642	168926	1	168926	1
SW00069	208612	196452	0.941709969	108380	0.551686926	180334	0.917954513	196436	0.999918555	196452	1	196452	1
SW00070	237100	227205	0.958266554	147758	0.650328998	211188	0.929504192	227205	1	227205	1	227205	1
SW00072	101154	99394	0.982600787	74378	0.748314788	96478	0.970662213	99394	1	99394	1	99394	1
SW00073	213156	204236	0.958152714	147666	0.72301651	198740	0.973089955	204232	0.999980415	204236	1	204236	1
SW00074	264012	252798	0.957524658	162322	0.642101599	237282	0.938622932	252774	0.999905063	252798	1	252798	1
SW00075	28763	26314	0.914855891	20666	0.785361405	24581	0.934141522	26314	1	26314	1	26314	1
SW00076	159810	121630	0.761091296	98252	0.80779413	120452	0.990314889	121626	0.999967113	121630	1	121630	1
SW00078	26073	22510	0.863345223	17495	0.777210129	21722	0.964993336	22510	1	22510	1	22510	1
SW00079	246760	228550	0.926203599	164476	0.719649967	221930	0.971034785	228550	1	228550	1	228550	1
SW00082	81492	79568	0.976390321	48264	0.606575508	75245	0.945669113	79568	1	79568	1	79568	1
SW00085	219696	208014	0.946826524	142708	0.686049977	192938	0.927524109	208014	1	208014	1	208014	1
SW00086	129440	124606	0.962654512	84048	0.674510056	117716	0.944705712	124606	1	124606	1	124606	1
SW00087	447084	423698	0.947692156	337316	0.796123654	418772	0.988373795	423698	1	423698	1	423698	1
SW00089	154345	151747	0.983167579	123179	0.811739277	144138	0.949857328	151747	1	151747	1	151747	1
SW00091	51834	45938	0.886252267	37728	0.821280857	45072	0.981148505	45932	0.999869389	45938	1	45938	1
SW00093	85108	81035	0.952143159	61717	0.761609181	76126	0.939421238	81035	1	81035	1	81035	1
SW00094	44626	40874	0.915923453	36872	0.902089348	39994	0.978470421	40874	1	40874	1	40874	1
SW00095	539384	507392	0.940687896	246428	0.485675769	447230	0.881428954	507382	0.999980291	507392	1	507392	1
SW00097	203533	186029	0.913999204	149418	0.803197351	169052	0.908740035	186029	1	186029	1	186029	1
SW00098	44358	42146	0.950133009	32908	0.780809567	40072	0.950790111	42146	1	42146	1	42146	1
SW00099	157298	129137	0.820970387	106323	0.823334908	123351	0.955194871	129137	1	129137	1	129137	1
SW00101	180721	177475	0.982038612	114804	0.646874208	169381	0.954393577	177459	0.999909846	177475	1	177475	1
SW00103	77265	73640	0.953083544	39866	0.541363389	68756	0.933677349	73638	0.999972841	73640	1	73640	1
SW00105	104716	94720	0.904541808	71383	0.753621199	88901	0.938566301	94720	1	94720	1	94720	1
SW00108	57162	54658	0.956194675	38796	0.709795455	50648	0.92663471	54658	1	54658	1	54658	1
SW00110	185066	179468	0.969751332	133576	0.744288675	161202	0.89822141	179468	1	179468	1	179468	1
SW00120	276540	261148	0.944340783	175406	0.671672768	247746	0.948680442	261142	0.999977025	261148	1	261148	1
SW00123	567734	535496	0.943216365	347144	0.64826628	513416	0.958767199	535494	0.999996265	535494	0.999996265	535494	0.999996265
SW00124	155752	148506	0.953477323	106816	0.719270602	138002	0.929268851	148502	0.999973065	148506	1	148506	1
SW00131	71714	64518	0.899656971	50104	0.776589479	62536	0.969279891	64518	1	64518	1	64518	1
SW00133	30805	29830	0.968349294	21018	0.704592692	28397	0.951961113	29830	1	29830	1	29830	1
SW00137	147136	116998	0.795169095	88970	0.760440349	111432	0.952426537	116988	0.999914528	116998	1	116998	1
SW00142	27112	24960	0.920625553	21304	0.853525641	24508	0.981891026	24958	0.999919872	24960	1	24960	1
SW00144	97246	81552	0.83861547	70229	0.861156072	78877	0.967198842	81549	0.999963214	81552	1	81552	1
SW00147	55034	49238	0.894683287	37328	0.758113652	46040	0.935050165	49238	1	49238	1	49238	1
SW00153	48470	45167	0.931854756	32453	0.718511302	43071	0.953594438	45167	1	45167	1	45167	1
SW00155	162230	148900	0.917832707	94900	0.637340497	127290	0.85486904	148898	0.999986568	148900	1	148900	1
SW00156	124550	116330	0.934002409	64846	0.557431445	105066	0.903172011	116327	0.999974211	116330	1	116330	1
SW00159	112413	109840	0.977111188	74736	0.680407866	105051	0.956400218	109834	0.999945375	109840	1	109840	1
SW00168	68925	66297	0.9618716	47288	0.71327511	61528	0.928066127	66297	1	66297	1	66297	1
SW00169	122466	101601	0.829626182	84600	0.83266897	98274	0.967254259	101596	0.999950788	101601	1	101601	1
SW00173	69236	65964	0.952741348	49150	0.74510339	62024	0.940270451	65964	1	65964	1	65964	1
SW00174	567868	528296	0.930314791	319408	0.604600451	485956	0.919855536	528294	0.999996214	528296	1	528296	1
SW00177	344468	249090	0.723115064	70020	0.281103216	178222	0.715492392	249088	0.999991971	249090	1	249090	1
SW00179	367942	357936	0.972805497	267478	0.747278843	326906	0.913308524	357932	0.999988825	357936	1	357936	1
SW00240	84446	78984	0.935319613	69482	0.879697154	78259	0.990820926	78984	1	78984	1	78984	1
SW00243	69609	65556	0.941774771	40896	0.623833059	59481	0.907331137	65553	0.999954238	65556	1	65556	1
SW00244	29060	27056	0.931039229	14062	0.519736842	25552	0.944411591	27056	1	27056	1	27056	1
SW00247	52556	49649	0.944687571	39046	0.786440815	47153	0.949727084	49648	0.999979859	49649	1	49649	1
SW00248	1120654	1085488	0.968620109	857826	0.790267603	1047828	0.965305927	1085470	0.999983418	1085488	1	1085488	1
SW00250	91579	89771	0.980257483	64193	0.715075024	85426	0.951599069	89769	0.999977721	89771	1	89771	1
SW00259	58101	49456	0.85120738	32362	0.654359431	45010	0.910101909	49456	1	49456	1	49456	1
SW00262	149784	145303	0.970083587	95107	0.654542577	133144	0.916319691	145303	1	145303	1	145303	1
SW00265	214175	202975	0.947706315	110489	0.544347826	185214	0.912496613	202974	0.999995073	202975	1	202975	1
SW00268	208661	197964	0.94873503	143099	0.72285365	185950	0.939312198	197948	0.999919177	197964	1	197964	1
SW00288	11421	9518	0.833377112	8470	0.889892835	9341	0.981403656	9518	1	9518	1	9518	1
SW00302	72690	71258	0.980299904	48548	0.681298942	68778	0.96519689	71258	1	71258	1	71258	1
Summary	35952551	34022393	0.94631374	23512235	0.691081165	31912392	0.937981993	34019837	0.999924873	34022389	0.999999882	34022389	0.999999882
		1930158											
		0.05368626											
