18522
28145
148095
23681
66322
23112
72830
96166
1653
41230
40467
53418
81169
11344
21435
128652
24738
26049
70086
355
85
24147
10852
103953
274030
286802
109502
154016
21522
61120
37646
59429
105755
98927
42967
27462
105519
60145
163811
41935
222092
251396
189054
521162
144318
68796
88428
837208
180240
15038
190064
26852
76840
15830
447770
552338
42011
59300
58017
67066
5544
147984
108652
880191
139806
55324
147308
16684
159924
42396
101324
123269
14890
44208
238788
156622
124062
100184
5705
177582
141832
63493
95145
135660
202366
218368
241042
684396
182140
39151
73291
90786
137607
55548
555094
1023802
115912
269184
438920
15076
11198
78416
37486
145580
259314
131829
127640
13154
216422
49032
81156
148429
181
242642
140996
22931
1768150
105282
125627
107654
130986
135733
58020
81254
28863
59721
171689
45692
157125
188
128519
78576
147096
173876
348260
83875
142223
56345
54742
18554
58635
174133
53466
21211
86392
13749
157676
38343
257453
7967
31695
6653
39206
15580
14770
65190
59861
16772
121508
94148
5784
479320
212167
719322
96002
414846
27784
14646
84068
349220
125398
165938
50453
199696
51181
260384
1491482
137160
34098
8600
262234
1040
173936
208612
237100
101154
213156
264012
28763
159810
26073
246760
81492
219696
129440
447084
154345
51834
85108
44626
539384
203533
44358
157298
180721
77265
104716
57162
185066
276540
567734
155752
71714
30805
147136
27112
97246
55034
48470
162230
124550
112413
68925
122466
69236
567868
344468
367942
84446
69609
29060
52556
1120654
91579
58101
149784
214175
208661
11421
72690
